239.8553
253.3990
228.7430
216.8111
180.0138
254.6462
183.6903
183.6815
250.6234
217.5706
226.7628
249.6728
211.1929
251.7262
227.7228
244.6641
189.8332
232.9248
180.0047
218.3445
218.7758
227.1303
212.4460
232.8946
258.9878
215.9828
200.0036
269.8589
243.6665
212.9352
230.0242
224.5651
216.0836
218.2114
197.5440
220.3476
231.7889
230.2541
186.9478
247.2078
242.4963
220.4374
263.4297
229.5904
248.2177
237.9530
254.7066
248.0316
265.6840
237.2022
187.8421
224.7028
184.8304
202.2511
269.6304
215.5653
231.7341
216.7274
224.6376
232.7410
220.7921
221.8002
207.7643
199.2061
206.9464
218.4759
194.1121
234.3556
205.2745
190.4053
230.3240
232.2724
265.7198
263.1264
252.7423
246.1546
203.0984
211.4993
208.8215
209.7538
215.9978
198.7817
188.5137
235.6791
234.3453
206.7844
185.9459
209.9553
205.8172
209.5743
205.4652
219.4244
215.1326
228.2924
231.6805
210.6190
243.4229
254.2326
253.5100
199.4359
202.5607
230.8522
221.3201
231.4611
237.3737
225.1679
208.8741
210.6714
242.2541
233.3640
216.3954
216.7886
226.4129
222.8442
248.1045
238.9939
220.4566
217.9442
234.2518
246.1791
217.2253
219.1641
195.2550
191.9265
190.1686
196.1315
190.5676
193.8077
220.4605
221.8099
231.3029
224.5058
232.8163
230.3851
246.4153
226.6340
233.1451
208.5786
238.4172
205.5892
243.7282
252.3413
245.3981
246.8745
200.0771
195.4917
190.2846
195.2804
214.8707
224.9622
221.2225
242.6440
242.4854
240.2344
232.5641
210.2677
222.2266
225.3422
246.9115
220.5993
222.4861
257.1797
235.6196
219.8941
228.6906
195.0442
194.4718
244.1662
233.4757
212.2453
207.6056
209.9683
209.5153
209.0454
217.5128
219.5726
267.4612
239.5763
222.6316
243.8329
203.4100
197.5876
198.6971
243.5990
226.9313
193.4956
192.1548
235.2896
221.1819
220.6697
190.4543
212.9378
213.1206
221.2126
220.0884
225.1436
188.4160
191.2065
231.4561
245.2846
195.1520
213.3736
249.5308
211.5778
224.2283
227.6739
222.7269
207.6682
226.2544
226.7718
253.5705
262.1315
200.8950
233.3657
232.2779
248.2493
242.8815
258.9728
232.5743
240.2784
225.8471
246.3993
238.6651
195.8784
226.9724
232.7260
247.4531
206.0566
242.1874
245.3492
258.9259
259.0605
243.3806
202.1419
211.8866
244.0773
220.5371
218.9905
250.3464
213.0816
232.8073
205.1709
257.9934
229.5371
236.2241
247.6464
241.4298
216.8311
254.6546
248.6618
244.6861
211.2372
249.1507
251.6267
205.6297
223.3704
192.6641
213.6026
241.2802
228.5872
256.9062
219.3510
230.1335
230.9407
193.1156
208.2222
220.9331
231.5251
237.9195
216.4192
226.3834
209.3732
219.2104
252.8987
214.0583
218.3441
213.1454
212.4876
236.8095
235.2852
241.1238
248.3206
245.2386
222.4450
255.7591
243.4153
232.0066
233.6121
225.6850
233.9300
263.2979
235.3384
227.0857
235.6753
187.7884
202.5572
238.6523
232.1193
242.7225
187.3348
182.9719
218.1490
217.9628
201.0013
244.8383
255.5096
224.1229
206.1280
194.4924
188.5348
208.3165
243.4551
228.4268
231.3969
257.3698
257.2831
250.7477
246.7220
201.0167
202.4776
221.7491
240.4896
240.1977
233.9537
196.1894
195.5931
216.4038
242.6600
231.8575
212.3644
230.4271
220.3564
249.3461
252.5975
238.2951
238.6145
241.7438
227.2177
224.5879
224.3938
221.5839
223.9137
191.1141
185.4858
228.9134
231.8176
199.5362
189.9491
189.2937
205.8601
264.7695
262.6811
208.8681
221.6428
235.4927
234.4053
230.3993
230.7314
233.5669
200.5516
193.7442
197.1605
219.2271
222.8229
225.2197
214.5740
239.5931
226.5841
213.7871
234.7154
214.3935
197.4278
197.1730
203.7595
205.6849
188.6403
193.1811
245.8339
241.4739
191.2730
191.5799
252.1092
245.3188
208.5839
207.0174
225.8948
235.9559
234.5236
194.7756
224.1625
223.8282
207.8866
212.4178
203.9456
201.6350
232.3111
257.6213
240.3005
250.0871
205.1331
213.6357
214.3154
211.0713
224.4277
212.3387
211.9081
196.2202
236.6407
227.5175
233.2551
210.4889
210.3136
204.8013
206.3792
214.0053
207.4280
211.7141
211.0135
226.5739
225.6646
205.5971
223.2108
213.2693
208.5316
212.5898
202.4066
239.0767
214.5494
229.6680
233.4403
194.3416
197.5958
229.8422
238.5351
227.4416
229.3889
194.4078
209.9725
194.8294
193.8788
228.6258
238.6520
216.3082
180.0617
217.1547
216.3915
223.0986
239.6199
212.4866
200.7433
212.2335
220.9873
207.0965
209.2464
204.2349
246.2681
238.1297
232.0298
223.0856
236.6905
211.8609
221.0086
223.6409
241.1397
241.3074
253.7226
225.5137
226.5093
231.7615
257.4978
238.4262
207.9289
220.2369
195.0050
195.7111
215.2288
220.5137
220.3821
225.8977
195.1236
199.8599
217.6921
230.5444
235.9209
230.0202
233.1253
231.5499
203.3830
208.7350
208.1296
215.1871
250.3642
225.8960
199.3717
196.7018
239.4068
241.0570
231.6254
231.2827
216.4728
210.4072
249.0659
250.7426
205.1956
207.0566
234.4923
243.7056
228.0051
209.1008
213.2729
221.5500
207.0560
213.2763
224.9972
242.2024
240.3435
220.2209
221.4829
220.6220
249.0159
229.1941
236.5548
206.3095
211.1331
228.1111
226.2871
224.6667
224.2315
194.0037
193.4633
239.3409
227.8689
199.7233
199.2870
237.8076
224.4592
223.7888
219.2429
230.7950
230.3154
222.8105
249.6425
207.9317
244.3934
231.6933
232.3535
256.6626
257.6489
210.8957
239.7895
254.5358
224.0041
224.6930
199.3336
202.0261
207.1570
199.4851
230.7704
233.6832
199.5769
215.1899
248.6577
248.1307
229.6111
206.5360
235.2142
210.8476
247.9185
204.3192
232.5191
218.7003
232.3772
243.1760
242.9073
224.5697
229.6814
230.0836
248.2407
244.8715
268.3653
211.0758
232.7093
246.9306
229.4278
211.0040
205.9493
220.7741
239.2444
244.9176
245.0042
231.0058
243.4560
236.4705
189.4996
215.0257
240.9733
258.8296
232.3454
228.2413
243.3027
256.9491
224.6354
242.9841
219.4487
242.4486
231.1789
229.0614
206.9187
208.0230
223.8038
244.0859
242.2836
243.2369
243.4305
234.1006
224.0184
184.8619
203.7912
226.2428
238.3175
213.4025
195.5233
237.3005
242.1671
224.2772
223.7309
226.8730
226.4478
241.4063
243.9057
233.9049
237.6624
184.5251
234.1055
250.4316
241.5437
240.8662
241.3226
235.7706
237.5430
244.8061
231.8684
210.4286
233.6804
220.9750
218.0419
241.6619
224.6868
230.8964
238.4502
234.2098
243.1353
225.2739
247.5843
210.9860
230.0385
235.9400
249.7712
200.6990
229.5765
239.6257
227.8444
221.7465
199.3634
209.3326
261.2859
260.6294
205.0293
219.6391
208.1592
225.6975
235.3811
240.4803
241.2921
215.4849
222.6191
216.2981
237.4618
215.6261
227.3555
237.7770
222.3504
219.7691
237.8195
209.1052
231.5833
232.8249
202.6533
207.7549
205.4371
219.6169
213.6932
235.6738
219.6829
220.7306
260.5196
193.2764
233.9328
240.0509
198.4089
246.9074
196.0842
207.0389
229.7702
206.7172
222.7192
182.5746
225.2689
212.5404
206.2062
191.8461
215.9768
219.2682
231.7215
247.6683
235.6323
242.7888
248.6184
254.6814
237.6628
239.0150
229.9809
198.3446
211.0448
225.1547
221.3767
230.3523
215.0221
227.2059
239.7703
226.4817
231.2630
252.8208
199.4549
261.7955
253.8987
192.3389
227.4912
253.4044
245.4459
241.3204
251.7837
216.4084
254.8458
249.6175
226.4753
239.8814
241.3731
228.1731
247.8394
208.8905
213.0534
193.5262
191.7940
214.5200
202.3224
227.1305
244.7430
215.9801
219.4278
230.7553
191.1058
267.3631
218.7773
239.2549
233.9760
206.0430
222.5300
205.1702
195.7765
201.7624
214.0224
205.6258
231.3246
224.4345
262.3454
253.0004
214.1062
259.3843
221.4799
214.2107
243.9812
198.3848
214.4004
241.7476
239.6939
206.1516
223.9968
242.2163
246.2813
214.8756
206.2721
233.4655
227.9416
230.9308
202.7674
265.2055
253.0943
223.6086
210.2137
201.1360
240.8055
225.8705
262.5776
252.3666
214.8474
226.9974
207.1076
223.4668
232.8318
215.8639
211.4949
242.7956
252.9685
213.9701
213.4890
205.0219
209.3522
239.4322
227.3446
227.5139
248.6796
229.0522
204.1789
232.0603
217.1277
195.2984
233.7866
225.0842
227.5992
223.9560
218.9377
244.9096
240.8535
208.7233
216.4975
244.3965
247.3540
211.3579
217.8228
228.1648
225.2310
230.0940
211.1271
207.3672
210.7268
197.6296
201.1239
240.1651
244.9722
249.8441
232.9637
228.6733
220.4319
235.3361
236.3908
241.8861
220.6401
229.2364
216.2584
227.9443
209.4550
228.5976
238.5291
237.6050
228.2482
215.5508
230.5127
244.2114
251.1273
224.1250
217.9828
250.1412
213.6893
230.9631
238.0102
248.0721
242.1179
197.7529
198.6496
241.0562
255.6897
207.4992
208.8623
220.3730
244.1490
237.2737
238.0417
254.4265
234.9479
234.1659
228.9647
234.2312
253.4672
194.5681
190.3991
244.1189
230.2403
210.8769
232.1116
242.0706
248.7818
212.8203
252.3730
255.9107
206.2337
259.9705
238.7843
239.6754
241.0656
243.8498
194.6024
191.1129
200.6846
232.5606
244.0792
209.5187
213.1095
248.0925
242.3691
197.4403
196.7673
209.4831
245.2930
244.5271
239.0182
226.0520
230.4312
248.5914
243.7890
214.7444
217.0582
244.7600
242.2305
220.8000
216.0949
250.8601
218.2962
211.3707
244.3620
241.8756
239.1714
251.3730
215.4170
217.3349
252.9524
245.6269
208.2500
223.3481
232.3097
245.6793
241.5894
239.6482
242.2504
240.1802
248.3353
255.9947
230.3198
243.0875
236.0662
224.1396
225.2007
237.7426
224.8067
228.7478
223.3794
220.9244
240.6957
217.9702
233.0195
213.3266
269.8754
216.7675
209.0224
204.7000
204.0530
238.4615
236.1258
199.8301
205.1892
258.0412
249.5549
230.8205
217.5229
216.7931
214.7680
227.7676
214.0761
207.4247
197.3299
208.1702
205.8333
258.2225
256.0957
244.5245
226.0400
234.7306
215.6474
207.8449
191.7216
189.3473
216.4500
195.5760
238.3629
229.7135
211.0303
218.9079
217.9156
217.2204
233.7021
195.3369
195.6776
201.0424
196.8304
210.4307
201.0216
214.9552
251.6788
209.1158
205.7465
235.0151
202.4214
241.0470
223.4900
245.0931
245.1996
233.8376
231.8501
215.8306
232.7578
207.5521
211.1352
224.9391
206.7278
258.8338
215.7065
244.0055
227.0680
222.0709
217.2553
211.5023
203.0885
192.3327
200.2633
257.4986
258.8485
247.2480
237.2965
212.4874
205.3548
251.2926
209.7360
219.8987
226.6567
228.3239
233.6262
238.1891
202.7617
203.1633
237.3701
237.7117
201.4511
255.1284
199.7324
227.5165
205.1158
235.4325
204.3133
226.9078
213.0776
200.6460
196.2984
201.3409
201.9057
198.7474
253.5645
261.4643
220.5451
234.0703
195.6139
203.0756
209.0639
189.5904
237.5776
246.8904
211.9604
210.3463
229.6605
226.2115
217.7806
222.9538
192.4811
196.6275
236.1845
237.5872
250.7313
230.1829
201.0945
200.5463
226.7587
216.1916
202.0708
205.3419
252.8605
234.1791
235.2639
235.1594
229.1522
244.5926
244.8006
208.8570
191.4400
200.8783
225.3438
198.9073
186.5402
228.1658
226.9334
257.9545
248.0985
215.0069
236.6880
197.0133
221.9061
188.1199
246.9738
210.6234
219.6214
220.8609
214.0027
215.4164
234.6335
250.3935
253.6596
228.8444
243.7424
230.9777
236.9039
205.5801
207.7672
196.8734
215.9939
235.8871
205.4033
197.1738
209.5341
192.0863
189.0413
205.4785
207.7502
227.3092
221.7851
208.0452
214.3224
213.5172
237.8357
226.9279
233.8014
248.6145
252.3905
239.7552
259.7242
218.2891
250.1136
218.8964
220.7170
212.2926
194.3091
208.7592
207.2149
254.5250
261.9375
223.4312
225.0815
241.1994
201.1546
227.9416
240.6320
255.0843
209.4125
199.0457
194.7730
188.2430
206.5736
225.5850
193.6917
227.2902
229.7489
217.3253
225.3279
190.4789
193.4985
237.5872
252.5374
254.4050
185.5628
204.3004
197.7808
214.9748
208.8196
229.3140
219.8442
233.6904
205.5552
206.9628
207.6680
196.8950
214.5478
220.2028
214.7460
197.4234
234.8625
227.1732
204.9697
239.7297
215.9752
200.9097
241.4651
236.0697
254.2321
232.5674
217.3922
210.0373
212.4928
208.1505
192.9106
215.0512
207.4444
210.4857
254.8864
242.1204
218.0929
234.4877
236.0240
210.5169
233.2971
233.3209
259.3245
207.6852
207.2620
206.5072
228.1333
223.0635
223.9590
194.8033
212.8985
221.2411
231.7123
236.1494
187.8582
196.9495
224.7482
213.1749
221.9173
240.7104
218.9463
235.9566
216.7697
249.3572
196.7754
225.4913
214.0872
201.8942
225.4875
252.3387
215.0107
222.2281
233.7507
246.7523
225.6723
238.8889
216.9996
230.9526
228.4708
211.2378
219.7216
242.8069
240.1409
259.0959
220.2994
180.0102
244.7985
249.6157
237.7712
254.8681
261.6724
229.6607
206.9849
224.0266
200.5651
236.2854
253.7182
223.9895
234.9835
205.3209
256.5319
200.7096
219.1171
236.4127
236.0794
238.6542
242.7158
232.4375
259.9352
204.4382
180.0011
262.6451
200.0336
199.4233
205.2421
217.4277
242.8966
209.1656
221.5912
228.0157
214.2648
269.9746
204.3052
207.5929
185.0940
228.7262
201.2949
206.5418
228.9324
265.2832
248.0056
242.2449
236.8735
185.9507
211.5055
230.2556
227.4333
219.2939
207.4940
210.1596
232.0451
233.1317
230.0269
227.6033
226.3727
222.9382
232.5888
238.5077
247.7442
247.6288
202.7547
203.6125
231.5001
232.4495
225.7798
211.8077
200.2002
218.8240
214.9761
192.4688
199.0055
260.6328
263.3120
249.3797
238.8891
218.8976
203.7283
214.6574
215.0789
211.0640
231.0745
206.5802
240.2700
231.5920
200.7462
235.2188
244.6050
232.3158
221.5446
228.4785
244.9782
228.0708
263.7958
253.1247
207.9900
209.0060
230.0590
217.8635
227.1768
247.2357
240.1350
195.8703
220.5360
218.4285
215.3835
232.9297
229.0274
221.7216
221.6843
218.2014
214.0973
209.1288
209.6037
249.7621
253.8064
208.6134
223.2426
241.2297
236.8636
215.2271
259.9306
265.8319
217.3808
212.6486
221.7612
225.3037
201.7443
194.4081
260.8016
207.7562
266.1880
193.5652
197.6932
239.7812
233.7243
225.1294
197.6056
197.7061
215.7576
213.4413
221.0821
204.7935
218.6334
240.0228
241.4301
204.8665
233.8914
227.0775
208.7249
246.1128
228.0811
228.2668
203.3768
208.2505
206.7016
222.2711
228.7319
233.9423
251.7806
248.8191
229.1002
247.9163
249.4630
235.1216
237.9514
194.1591
187.6183
213.4063
222.1095
219.4865
229.0977
210.9058
223.3316
245.3477
245.7252
204.5974
257.7778
250.4232
235.2201
226.8128
255.9926
238.8500
204.9089
200.3495
183.2181
211.0728
226.1321
204.3886
187.9181
207.6362
241.1165
236.2017
216.1428
230.0365
247.9843
234.7851
255.8795
245.5671
238.6350
220.7949
219.1030
210.7703
238.6457
201.4661
198.3863
216.6691
215.1284
248.6947
250.7682
234.3070
232.6373
245.4596
213.0865
214.6067
262.0547
202.5558
234.0928
258.9213
232.8889
231.7953
219.4795
245.6539
215.3487
222.7748
268.9042
198.5904
235.3971
254.1572
225.1082
253.0565
236.3779
250.6977
234.9585
206.0825
245.0933
252.3853
255.6042
236.4109
235.3709
236.8170
224.6126
205.2737
229.8145
225.5869
213.0529
234.7950
207.6883
216.0177
202.5341
218.5313
227.8188
249.0385
229.6099
244.4112
234.1109
206.2067
224.3840
216.9590
226.6735
237.1034
241.1313
227.4237
203.7292
221.9462
239.2710
194.6788
180.0357
229.9847
221.7773
228.9424
215.7673
238.0840
210.3434
211.0380
246.2565
245.3876
205.1096
206.1693
229.5107
212.6010
203.4952
208.6760
219.5379
219.6334
226.3295
230.2190
230.7408
192.9614
190.2345
189.2642
226.0533
226.1634
237.9305
213.3907
218.4582
207.7587
240.9223
230.2066
240.3567
238.9031
250.4315
253.5327
230.7072
238.4345
192.9742
247.6160
231.0208
210.8004
215.4397
196.0211
202.4906
230.8701
217.3202
239.2869
226.0377
231.6371
226.5485
218.3142
214.9630
233.6861
255.6912
233.3220
242.5004
242.0202
231.4701
223.4533
250.2582
233.8380
210.2968
200.5579
211.2441
208.1107
253.6038
256.5235
195.3109
247.3586
247.9272
258.0995
247.4963
224.4371
208.9782
209.2560
250.5994
243.3498
239.2176
235.7223
250.9358
212.6856
221.3199
265.5570
216.1339
226.0666
217.2295
227.7971
231.1569
226.2616
244.3434
232.5563
225.7511
251.4256
247.9514
241.3545
242.6773
238.5689
218.0845
215.6359
234.5329
234.1856
203.7825
239.8724
241.7615
250.1780
197.7200
206.4311
232.0511
229.8553
233.8334
196.6093
234.7030
218.2902
229.5654
256.6362
260.3050
250.0475
212.4567
237.2515
208.4987
232.2351
213.7506
224.0742
199.1260
208.7616
188.6669
236.7874
227.9211
222.1804
201.3386
191.0069
197.1479
209.2270
243.1980
219.7412
186.9992
229.1683
223.4509
235.3935
195.0958
252.9667
260.9046
202.2679
234.1733
210.6591
185.0424
200.4525
202.6232
196.1478
262.6659
216.2430
208.6416
219.0536
199.2198
235.4322
238.8288
200.7989
207.0406
212.7125
208.6298
201.5613
242.2032
229.0375
223.2630
191.6056
216.4515
195.3220
201.1800
215.9818
188.1157
231.0333
234.8495
228.4255
230.2786
227.9457
234.6521
219.7695
261.4471
239.2962
233.8430
241.2041
208.1140
225.9083
215.8888
238.1906
233.4578
224.6600
241.5635
265.8128
213.3916
195.7261
182.7938
199.1587
215.7509
241.6462
257.6063
226.1348
206.8819
226.6746
236.7386
220.2396
237.3236
195.6185
199.8219
224.4212
187.5703
193.1630
206.3728
188.2872
246.0436
233.4918
258.9371
225.7540
219.7737
226.2438
230.0721
203.5076
187.2227
244.5970
218.3523
236.5754
237.5679
238.0788
239.9538
232.9294
242.7418
199.9454
186.0980
199.9865
204.2862
201.3428
211.2400
215.7848
222.0466
221.3739
203.4975
228.5356
234.3949
203.7236
230.9597
234.9235
264.4504
201.2419
233.8113
239.2237
254.0245
258.4102
269.6362
202.2250
186.0341
257.8128
194.7805
260.7870
238.5593
247.3856
248.8998
196.1322
193.3610
250.1517
192.6942
244.3506
256.2843
237.5007
196.1409
202.1918
250.1899
205.4700
246.1967
244.5257
214.3254
185.9524
233.6349
220.6053
202.2524
205.2189
201.2169
204.7392
199.5762
229.2966
224.2366
219.7540
190.9548
253.5921
218.9779
199.1179
232.4972
217.1693
262.1160
213.3600
220.1286
222.5682
225.9264
223.2351
219.7322
223.7392
229.4997
230.8455
183.4987
238.3635
266.6007
241.0151
245.7310
234.7172
266.7721
256.4949
221.7821
225.5933
186.4731
243.9531
209.4762
232.0414
258.1538
238.4960
255.7100
229.8966
229.3972
203.9021
208.0469
264.2970
263.0887
186.7717
235.0270
248.7646
261.0755
264.2124
201.8466
228.4348
210.3842
252.3971
226.5736
268.2708
193.5787
226.5896
237.8591
215.3551
211.8627
228.7878
257.9565
249.7151
228.3874
227.0808
199.5807
222.4660
241.6698
251.4925
219.4093
244.5310
225.6072
209.0077
258.0951
217.9200
184.1726
252.2667
253.0299
218.3484
221.9482
223.0748
218.6884
236.5082
253.6586
228.7658
227.3586
246.1238
251.5381
251.7065
254.4877
255.6210
212.6221
226.6396
254.3969
199.3451
187.2867
198.0557
259.0241
240.8679
237.6677
226.3699
226.7541
260.8896
234.0643
231.0991
229.4688
196.3010
249.2423
260.2614
224.6548
203.2937
223.7564
236.6480
233.1350
212.8598
227.9235
245.8518
198.1102
238.6342
212.7879
256.0350
245.9795
237.5596
244.3506
255.3893
215.5568
211.7316
238.2081
207.1076
252.6162
196.5958
199.6561
213.5717
247.7545
216.5887
239.8449
267.0030
195.1323
245.8472
236.3572
214.9890
257.2955
223.7860
203.7956
204.1250
225.7394
243.0322
258.7740
239.4791
222.5094
239.6822
214.5187
238.6626
227.3303
220.1673
237.2829
216.4123
240.5085
247.2639
191.2422
195.5090
232.3472
187.6772
260.8771
195.5380
245.7129
237.4709
252.0439
231.5217
251.2137
215.0922
236.6050
242.8401
214.3068
205.0435
236.9874
255.4742
242.2426
257.3754
215.3801
205.7368
252.7019
205.9439
234.2754
217.9958
236.5575
220.1374
230.5406
222.0511
260.9615
258.8835
267.9466
220.1304
211.4454
230.2119
256.3053
192.7766
253.2479
245.6170
245.8223
229.4878
238.2807
211.6486
193.7806
197.3798
223.6074
232.9294
250.8747
220.1904
228.2038
205.1085
217.9228
234.6157
200.1090
248.8052
245.6917
206.4967
251.8615
202.3096
258.2318
249.8442
240.5876
243.7385
261.0080
225.4439
231.2494
231.5100
184.9493
214.2875
208.7918
238.8560
246.1563
245.3348
226.1910
210.1232
229.5478
242.4163
238.0399
213.4629
247.2096
225.7730
244.1329
221.1891
235.4251
220.4800
255.6426
260.5609
245.1837
249.1718
241.6231
200.1205
207.7170
244.1025
196.0155
182.4517
221.1678
199.9044
213.9213
247.6232
236.3448
229.5705
212.8762
202.0629
227.3883
222.1822
221.1167
246.8023
213.3166
258.3512
246.9256
252.3390
222.0637
237.1622
235.8609
230.6583
260.6496
231.7968
184.2105
218.0007
247.6730
256.2655
225.0381
243.1788
243.1912
243.9609
252.8380
232.8314
196.0919
216.2519
201.5259
240.1318
262.2516
257.3450
242.6110
217.6308
200.1171
255.2761
227.0476
245.3450
226.9397
238.3482
195.8027
259.9433
214.0891
237.8317
201.9178
240.6180
238.8316
255.1343
198.5834
192.3709
233.8026
250.7908
207.1368
263.6757
255.6241
216.3508
190.9604
212.1192
247.2528
233.6374
225.1497
218.6652
190.9504
233.7207
224.3366
242.1146
210.7346
211.9534
215.3890
260.1496
214.8889
262.5254
257.8494
214.3224
237.0353
246.5278
205.5056
224.5750
242.1335
263.9608
239.1707
262.0466
224.7040
241.6702
231.9217
250.8418
189.1510
182.7456
253.4938
208.6665
257.1872
220.6902
232.3387
259.6228
216.8227
200.4714
189.7707
236.4102
216.4018
255.0974
194.1869
212.1511
228.8337
189.7579
188.9269
231.3034
185.7825
207.2950
220.2250
206.9949
217.9005
231.1342
241.3317
230.1981
244.2735
265.9811
247.5064
214.0006
218.0557
230.2595
226.1681
265.9426
261.5900
203.1454
183.9508
252.7951
222.3309
235.6534
227.3510
259.7016
183.4665
232.4234
257.4475
243.2495
196.0007
203.5830
243.1645
258.9298
246.7694
201.9218
209.0723
223.5885
208.1554
246.6638
268.1068
227.4472
221.6350
224.9989
218.7828
207.0667
183.0485
222.7895
244.3164
263.8935
180.3910
208.5689
252.8028
222.2757
181.1436
226.4367
199.6625
189.0998
221.8934
255.5712
195.9489
200.8060
254.6781
230.2006
241.2195
214.8205
245.9261
232.8115
246.3690
246.9593
231.9405
198.2737
217.7039
221.9554
227.5231
190.0104
226.5898
251.0199
192.6389
264.7678
196.7126
245.6367
245.3429
254.8539
236.3721
231.7106
223.5710
200.0475
203.4159
257.4269
237.7214
219.3963
211.0178
258.5757
243.4577
233.4962
236.2768
266.5054
224.9337
200.4486
206.8318
212.3860
204.3467
264.2763
208.6610
181.7737
202.6655
266.0045
211.2885
265.0687
230.5597
242.2010
241.9555
198.5408
265.1645
255.6679
221.1405
241.2856
252.3699
207.1618
197.5747
218.5665
240.4375
267.5173
226.6531
265.5739
237.5609
243.8121
193.9519
240.3298
256.6624
234.1265
253.1654
238.0043
225.5997
248.8484
225.0038
245.4131
221.2902
251.9572
250.6556
194.0812
264.0826
226.8705
197.4356
255.4284
243.8928
225.0339
201.3430
180.0002
242.5158
202.5468
269.0435
216.9253
225.7539
186.8579
240.7760
236.3929
264.7537
233.3893
219.0643
229.4454
200.9664
226.2813
225.0115
236.0321
223.7324
198.9105
199.5074
203.1995
228.4943
250.4930
257.8350
214.9702
233.5765
196.1849
228.2221
196.2934
218.2554
257.8753
221.8361
205.3395
227.3616
233.8462
207.3515
249.1803
242.8106
225.2362
215.1866
229.1347
239.7315
252.8831
240.0905
203.6556
215.2270
270.0000
210.7868
239.4718
230.2911
242.6844
235.3321
218.3053
224.4304
229.8829
211.3973
211.7637
248.1392
198.3505
224.1510
241.1870
234.5688
219.3440
244.6748
250.8354
202.7604
222.4444
241.4760
239.4781
197.6592
206.0309
226.1616
246.6157
215.5767
197.1916
206.6164
215.2748
238.4484
243.0781
242.4811
238.9633
237.9451
264.0903
228.9857
191.7079
203.4484
209.3869
201.6827
223.4531
245.8989
219.5024
251.7016
249.9365
204.9926
194.4140
247.2199
235.0662
248.5113
211.5839
250.5785
241.3897
238.5440
257.8045
226.5794
229.0644
240.0609
180.0663
248.3392
210.1300
228.6418
232.8126
230.4233
230.7951
221.2283
233.3250
236.0519
237.0856
248.7764
236.9669
221.9603
218.1643
250.1117
202.7870
231.0236
234.3830
241.8685
249.8922
253.9518
253.2209
189.2872
219.9239
255.9173
203.5041
262.2822
219.8076
240.0385
236.2698
248.0346
190.9159
249.5006
209.6385
248.8231
224.8624
207.0511
247.4520
223.9963
231.4895
247.7173
254.9157
200.0299
189.3019
240.2060
220.7861
217.1773
235.8045
185.7313
243.0958
255.5454
225.6105
211.2007
234.8958
182.1635
260.8285
241.2785
205.4637
222.0954
240.8017
231.6717
225.5464
197.1033
219.0917
190.4097
203.1580
187.6292
189.9319
192.5536
198.5249
215.2642
207.3110
190.6673
237.7743
195.8919
225.5750
223.8030
235.9500
247.1618
217.2597
217.5439
229.7169
244.6733
219.7120
221.3572
235.7195
217.0237
190.7431
232.3212
231.3614
220.8023
225.6300
239.7684
193.1022
190.0890
213.9760
197.6333
187.5040
225.9727
222.5771
234.1436
238.8931
223.5137
241.8268
202.6817
210.5963
218.3679
222.0817
231.5470
226.5921
184.5817
203.7585
213.5945
232.6531
216.8708
223.0320
229.6919
224.9003
234.4246
237.3428
204.2828
228.0726
229.4102
236.6172
258.9385
256.3319
224.3114
226.7151
217.1592
222.1928
227.0834
205.5752
206.1962
238.5038
220.6733
195.1491
204.3530
217.9652
232.2744
220.8845
225.0496
209.6191
192.3923
240.1601
244.0540
235.9548
240.7322
223.0813
220.5028
226.3828
202.0742
232.3060
246.8150
223.1118
214.6102
247.3814
244.2226
212.7443
213.5543
198.5157
188.3252
191.6273
206.1383
210.0141
238.5455
230.9265
227.8411
246.9822
240.7240
236.4612
187.6737
189.8394
231.8243
224.9234
211.9855
224.7920
200.8425
226.0089
238.0068
242.8123
208.0618
250.8313
217.8931
233.4178
220.0709
238.3898
230.3738
253.9357
195.4590
196.4058
218.0179
234.6101
230.2331
221.7318
197.5249
195.1980
248.7687
251.8219
215.8866
203.9371
242.7776
207.5853
221.6977
259.1490
220.6761
222.4524
209.0515
219.9551
228.7146
194.2168
200.8849
207.0915
253.1917
256.2582
244.2966
246.0821
213.0693
211.1350
256.7566
259.6881
255.6422
214.5397
216.5591
223.2512
244.6742
241.8039
231.5581
247.1545
253.9898
235.1083
204.4640
223.4056
220.9859
219.3241
208.1182
237.1151
240.1250
212.7486
199.7688
213.8176
209.9237
254.7363
220.7016
221.8992
266.9156
238.2516
198.0041
215.8415
209.3907
239.5185
218.7153
232.4392
212.1789
215.6275
196.9414
202.3706
189.1267
214.8267
257.6164
243.0049
240.0865
249.0924
243.7082
245.9223
190.7964
195.9130
199.9618
201.7693
217.7826
214.7370
216.6710
220.7132
217.5554
199.5872
207.4375
202.2783
226.8711
217.6459
252.1684
214.0044
212.4970
215.8390
234.3208
204.0854
198.0965
218.0896
217.6062
231.9842
246.9423
222.7362
189.5647
194.5085
226.3863
244.4887
193.3842
215.6321
234.1905
211.3713
200.0973
211.7258
242.1393
222.9218
244.5708
231.7438
250.5516
253.1518
241.9512
248.0985
221.5331
225.9409
217.5906
225.6914
231.5168
222.8235
214.7693
235.1545
217.7938
225.2390
188.0724
255.1188
235.9716
240.6558
247.0662
238.0464
237.1626
221.0049
226.4668
242.5619
226.4695
236.5928
249.2294
230.4149
227.3002
233.1981
208.3227
250.4574
255.0163
231.1279
236.9754
242.9990
233.1258
242.2594
209.4303
247.6725
258.3556
258.9572
257.3149
255.7001
215.9863
187.8956
253.5133
236.0571
215.8755
220.8384
192.9042
206.8367
217.0809
208.6377
235.4243
246.0079
244.9218
247.6291
249.2375
246.1798
243.1456
228.0753
230.5795
214.4516
199.8658
239.9382
242.6447
210.2440
222.9841
224.2419
190.1655
193.3060
231.2683
221.6813
248.1931
238.6974
249.8282
250.3553
239.2491
228.7636
249.5855
215.7750
244.0653
243.7266
201.3572
191.6019
234.7454
230.3204
247.5142
243.7576
244.6332
255.4497
250.3582
230.4394
236.5717
243.5283
236.6677
213.8218
235.0231
239.4815
238.7488
221.1595
206.6408
242.9555
239.3438
220.7040
216.5257
223.0945
216.4127
192.6133
193.6020
248.1933
227.9185
234.5079
254.5463
245.3863
224.0830
244.2785
228.4164
250.1588
244.9821
200.0223
201.6594
228.0861
236.0326
224.1015
230.7540
233.4855
242.4428
248.3203
200.8438
186.1387
206.7838
263.3419
218.4441
246.6493
244.2908
199.9123
242.8643
220.1781
207.2201
222.6549
191.8116
205.3028
234.2671
226.6643
226.7806
213.8170
222.3168
219.4165
218.2958
245.3426
235.8777
222.9672
223.0532
238.2996
238.3710
185.7071
222.1600
219.3298
250.1529
218.8967
201.3391
193.5834
230.4031
218.5575
230.5329
226.4358
233.1182
264.5929
229.5919
239.2508
212.2754
210.4438
207.2135
209.5283
238.4060
200.2909
221.6575
242.9447
218.3537
259.7881
266.5361
237.1183
211.1174
247.3737
243.1440
244.0814
256.4600
224.9291
239.4422
229.5310
259.6485
206.4235
225.7030
225.7751
269.7374
238.5288
217.0130
229.0632
249.4829
223.8205
237.3957
227.0653
216.5115
197.2076
227.3202
212.9834
210.4165
194.3687
191.3770
230.1453
238.4908
232.5169
192.0847
249.5148
224.9960
228.3830
203.9561
236.0458
192.6328
213.8324
241.1598
245.4209
189.8575
212.9821
220.4950
251.5462
212.9446
214.3959
212.0357
202.6547
224.0971
237.7577
220.5532
223.7989
203.2514
233.8298
224.7516
206.4792
268.4037
213.6585
192.0109
220.1266
211.7757
212.0688
195.2884
211.4468
224.2245
219.3808
218.4772
249.8953
246.4559
242.6442
233.1335
193.5332
251.0384
250.5368
204.5644
234.3678
242.1780
240.0112
221.7580
244.7415
208.9954
213.4008
226.7273
207.3926
196.4785
188.2539
260.2667
258.3948
221.2690
223.1580
214.5575
261.8206
204.4578
205.9145
196.7720
213.9551
229.7779
209.6301
234.6143
206.5053
210.3291
205.3989
203.7401
250.9860
189.8572
223.8695
215.2162
226.4898
202.0621
228.0004
198.3054
194.6977
200.3900
246.1268
236.3631
214.8362
223.4659
231.3482
222.8845
209.1971
229.2739
216.0313
231.3544
241.1773
228.4337
243.7965
219.3850
230.8520
225.1053
240.4256
192.0588
192.1065
238.5711
241.5786
230.6307
226.6567
227.2244
228.0497
204.6912
193.8330
226.6906
208.8257
248.5139
242.6621
200.5292
207.4777
235.7996
235.1986
213.7757
214.7627
216.1150
212.4758
249.9722
251.6990
193.9192
238.7970
242.1545
251.0156
253.3976
208.9289
208.5952
207.5913
219.2627
226.0297
240.6359
238.9586
217.8757
234.1544
206.1202
211.5340
242.4269
189.9942
204.5445
207.8211
237.4606
214.0838
217.5838
211.2633
225.6955
201.9193
201.6139
206.5107
208.8380
213.9957
222.8649
216.0723
224.1121
211.8521
225.1282
255.1815
237.0877
248.5390
216.2130
263.2897
191.7501
191.2384
232.0241
204.3525
235.7488
239.7188
265.7835
251.2639
222.1983
217.2939
245.7840
243.7532
221.9306
201.3085
232.2636
231.6055
216.8038
245.9661
231.8710
234.1828
261.3908
246.5988
233.2300
242.0256
235.3974
241.5239
246.7391
255.5381
248.2594
230.5887
219.0178
250.5842
249.8959
213.5732
234.6843
210.2137
206.1657
220.5015
228.9444
225.7984
236.0733
230.8544
235.2317
231.9345
227.8856
238.6276
202.8712
252.3601
251.8100
216.9637
225.0002
240.0582
228.1074
227.2860
227.9024
251.7436
223.8122
202.2309
204.6481
247.5222
241.7506
230.1377
261.6649
254.7276
212.1651
210.3742
242.8654
247.2237
214.7062
217.5043
230.3437
234.8992
218.0220
228.1424
231.7191
262.1128
246.5896
244.5355
246.0285
235.6145
212.2414
223.8192
237.9619
200.1970
250.3005
261.4096
216.7152
197.4469
221.5029
230.2561
237.6845
263.9628
259.5213
220.7182
222.9572
224.7966
254.0868
227.4956
223.2920
204.7508
219.1223
207.2727
225.0983
203.1505
211.7954
226.9700
212.3083
189.0568
213.9651
201.7149
216.4968
251.6641
248.7478
207.9126
201.1697
235.5808
225.7151
237.0350
240.2494
227.3347
191.9118
211.6551
199.0154
258.8899
240.7011
210.1727
255.9980
217.3296
261.1389
221.4047
222.9922
222.1805
217.7735
230.7532
223.4078
251.4891
212.8924
219.7936
242.4689
223.3032
234.2256
198.5809
236.3228
247.2435
197.5722
205.7149
201.0756
215.8924
246.6658
222.9181
234.0432
225.6820
210.0921
253.1494
216.8543
219.2219
206.4828
196.2258
214.1130
242.8032
233.0166
204.2491
242.0372
197.9814
233.9176
224.1360
225.4476
258.6495
194.9727
205.7125
242.7083
245.8127
258.3890
224.0381
