215.6150
257.2738
214.1121
224.0058
180.0412
243.0590
181.5901
181.5862
249.8886
186.9069
205.5296
240.4406
183.7354
264.7611
243.8072
223.6231
180.9423
199.8948
180.0042
257.6670
229.1879
231.7447
209.1196
191.8356
251.4054
229.6124
232.2798
269.5728
252.7042
208.8158
219.6275
204.9857
228.9143
209.2509
183.4949
238.8959
217.4913
228.0081
182.9513
246.2921
260.5653
182.2284
264.5853
251.7862
249.6889
248.6010
223.5718
256.3988
267.8003
193.1280
194.4087
203.4497
197.5718
219.3498
269.9131
199.2294
228.0809
181.2785
196.0772
240.1704
253.1318
208.2495
207.0064
208.2169
186.9927
264.6093
203.3751
216.5291
193.2766
190.4661
206.0452
223.3669
265.6192
255.0292
249.9066
268.0883
184.4354
262.3219
208.3068
231.7929
219.3010
193.8468
188.2561
234.5030
229.6929
213.9422
190.8990
214.5816
207.4534
210.6501
199.6042
205.2625
215.1261
210.5258
241.1154
257.2966
203.5193
250.5127
250.6341
186.0933
196.5410
220.6814
209.3358
233.5556
237.3648
226.5630
208.9815
197.8361
255.1107
238.2750
213.8613
199.0521
189.2203
230.8626
227.8158
207.0346
235.6429
228.6208
239.4828
240.0316
201.6265
219.7670
205.1006
199.9146
204.3876
234.3297
194.5623
203.5794
232.5159
247.5867
230.5612
244.7270
228.6772
211.6623
233.5147
232.9632
230.0704
219.3919
236.3986
196.3851
235.1746
261.4399
245.5675
249.4033
214.8735
189.2788
195.6751
219.8340
240.9868
243.4613
203.6742
262.8796
222.7466
212.2502
203.7440
220.3931
244.6459
238.3670
221.2361
231.5603
235.9812
252.6612
234.9891
213.9522
254.2622
193.3751
208.6917
213.7184
254.8477
229.0960
194.1519
213.6089
223.4222
209.6942
252.9036
216.9166
268.3051
225.9234
234.7007
235.7334
218.1312
191.4505
193.2266
243.5201
249.9120
189.8550
186.4289
232.3303
230.1343
220.2256
187.6126
227.7028
231.7745
200.7219
208.2273
236.7049
190.0494
206.3693
250.9882
264.8973
205.0023
240.8400
251.9202
203.3714
225.9968
248.2376
193.8945
187.9937
228.0575
211.4478
223.7193
254.4357
202.5900
233.9571
230.0108
258.5524
237.3907
246.6699
240.1383
236.7335
224.3960
226.6381
200.0375
185.8896
218.0898
246.3026
261.8823
188.3075
254.3582
234.4948
244.5408
253.7753
212.8841
181.4179
196.6292
261.4886
214.2476
202.3742
240.9757
232.4460
241.2863
238.0445
251.3513
232.1701
221.3566
237.7516
260.1118
185.6250
243.9261
247.0439
239.1396
195.8972
257.6783
208.3734
188.8609
231.5704
200.8517
216.6933
214.1282
247.0251
239.1562
243.6529
229.0038
259.5500
201.2989
231.6698
188.1595
229.8665
238.5854
242.2520
262.7366
240.2221
248.1576
246.3640
186.2218
185.4246
232.5235
234.6779
239.6849
242.9906
238.2626
248.2740
246.2540
259.8934
263.7986
214.8198
240.0140
224.2111
214.2672
224.5575
263.4690
246.5500
240.2300
195.5721
191.1073
210.0695
240.1783
198.4876
263.6727
204.6207
184.8942
239.8194
252.3874
210.0466
221.9195
264.7211
229.5274
220.9285
207.9368
204.2307
240.6611
257.0604
222.7454
191.4475
266.0360
268.3587
228.6205
253.9983
213.5984
195.4670
226.7899
229.9388
231.5991
210.9307
183.9940
190.5542
251.4819
255.9194
216.4902
212.4656
226.2006
230.1374
249.1568
244.2846
239.9462
240.0510
217.7383
225.3993
214.8634
211.6325
238.2037
227.9465
203.2450
181.3220
206.1773
206.8867
225.6269
200.1766
192.5090
183.8501
262.0509
256.7461
239.7568
229.6597
205.5363
242.5803
223.2602
232.4370
232.8722
205.2686
191.0844
199.1328
224.0278
217.7649
232.8890
209.6985
219.0962
244.3454
199.3503
225.5222
225.7072
222.0590
226.7733
238.0228
231.4021
211.7480
215.9194
221.1530
199.8857
191.4644
181.8911
200.8616
250.4398
204.7621
234.4676
206.7317
249.6861
194.0239
182.9911
234.3352
220.5332
222.8726
228.9147
186.3386
208.9324
253.9830
257.5215
237.4207
217.8690
207.5967
245.0671
188.7829
227.9183
218.5538
224.7581
236.0834
225.9235
265.1258
236.7419
203.7635
181.4073
196.7696
216.1588
200.0645
252.4308
199.3108
218.4864
236.4789
214.5070
186.0740
184.3863
227.0369
213.0850
242.4847
212.6038
212.6031
248.7028
247.4508
252.2534
187.4211
195.1342
196.6634
242.5147
258.6727
243.4225
213.1143
194.0809
196.6215
187.8489
207.4781
235.9937
236.7943
196.2542
180.0196
183.4851
191.2568
202.6352
264.2762
217.4506
202.3743
218.0358
262.0598
209.7251
231.6271
183.3047
233.5122
248.2506
215.5481
233.4265
261.2121
234.3860
250.0962
254.0890
249.1769
251.1979
253.9944
240.6833
237.1674
223.1678
258.9306
261.5535
210.5664
227.1461
222.7814
197.4302
218.5807
217.5305
229.5141
227.8482
190.9372
213.6879
227.2811
216.2057
232.2761
240.1166
242.2970
229.9884
216.5135
210.6750
224.3264
253.2291
245.6282
242.7650
194.4568
194.5610
246.4692
240.2696
198.4435
187.2763
207.1166
209.0451
242.9976
243.1248
210.3272
219.1961
257.5702
254.7632
238.9770
221.5017
200.8092
230.4360
197.8013
207.8830
228.0092
238.0866
239.9619
213.6673
211.9924
211.3837
261.5343
196.4541
231.9694
194.3585
233.1316
247.4565
193.2589
202.9153
232.2042
184.6697
200.9157
213.6334
187.4849
209.4421
216.1141
234.7215
248.4069
213.2408
197.9643
238.8601
243.0492
249.5099
213.7427
221.5394
211.5136
254.7362
238.7442
237.4370
231.4181
191.9500
235.5008
236.2960
226.6792
230.7808
211.9548
200.1466
189.8150
209.8924
220.2375
250.3610
214.3938
217.9463
252.4275
255.5376
239.8446
226.5785
250.7865
221.3454
264.5140
199.6044
243.7247
223.4513
258.8197
239.2679
209.9636
239.8860
256.1094
204.9852
192.6948
196.9521
267.2379
201.4342
218.9007
256.5502
220.8706
233.7041
199.0699
219.3554
252.4762
236.7546
266.0240
238.8311
236.1007
185.2347
187.4096
214.1385
238.2698
266.7273
264.5890
211.7375
246.9879
259.1880
195.9844
233.2460
260.9131
242.6706
238.1069
198.9418
223.3577
226.4677
237.9676
245.3813
246.1180
233.0335
239.7653
232.1925
259.2311
189.6288
218.9372
247.6680
227.9058
210.9154
190.9448
247.1323
245.3961
219.6705
227.5166
212.7086
226.1413
256.3409
243.3533
228.5331
230.6825
183.2608
231.9948
259.2859
227.8626
234.5143
238.7959
238.8061
257.6325
216.7862
223.6081
185.6954
242.9234
195.3938
215.2498
241.4059
230.1950
233.9644
213.4286
206.7872
227.2091
221.4042
250.5818
213.4291
238.4086
265.5233
251.5846
224.8525
262.1714
239.6708
225.0185
218.2789
215.0676
226.4771
260.2566
253.5404
195.3331
200.6860
226.6587
224.4743
243.7246
213.5472
236.1580
256.8419
228.7217
225.2480
241.1422
205.7954
222.3838
214.7224
224.1611
207.7596
223.7671
181.2438
245.7959
253.2096
241.7943
257.3031
212.1422
213.6413
236.3546
244.0313
244.3251
249.5719
256.6105
191.8477
226.0078
241.6520
204.2415
234.7045
192.6341
254.6664
227.6265
231.6295
263.3401
184.0630
253.9195
199.5058
217.2616
183.9561
228.3935
209.3506
239.8821
226.1282
226.0553
206.8754
249.3008
222.7303
249.0744
192.0279
213.6132
185.5234
209.9539
255.9200
221.9512
226.3780
207.1179
245.5723
235.8122
224.4799
209.1375
248.6868
213.7425
252.8189
228.9993
197.2499
226.8303
257.0476
268.5768
242.1266
232.5605
255.7058
219.7388
252.7919
221.2597
214.5118
214.6836
236.4443
238.3844
213.4475
212.4679
223.7654
200.2778
234.8977
204.3814
242.1285
251.5605
206.8479
208.0001
222.6532
198.7103
261.7489
226.9849
226.8836
239.6406
199.8212
250.5995
240.6558
217.3308
219.6274
197.7286
225.2996
192.2814
207.8309
262.1162
256.0036
213.5143
267.1814
230.2579
208.2755
264.1078
208.1596
194.8086
229.8793
215.7005
219.7870
207.2332
227.2119
264.7772
218.6318
213.4641
220.4819
236.4296
245.5608
189.3724
266.1273
231.1500
193.9763
205.4155
207.5836
220.9618
212.4804
255.8826
229.8076
237.7989
238.0330
204.6749
236.6299
229.4035
212.1054
185.6896
252.0917
242.6610
201.3263
208.1545
195.3199
206.0465
207.2960
241.3348
261.4711
227.6305
221.5620
231.1263
213.5297
237.0387
226.9767
236.4381
221.2122
232.5235
238.7206
202.9193
239.6894
242.9107
213.7126
203.9225
260.8171
246.7267
211.9859
220.3661
228.1547
208.8851
203.0188
202.5113
204.3847
212.4275
213.9401
213.6820
233.6638
239.6803
252.0362
252.1458
203.9113
219.1299
213.2695
241.7822
222.0832
199.2720
234.5718
267.9161
228.8669
197.7263
240.0675
231.8512
227.4808
202.5092
214.6873
235.0837
224.0965
241.0204
250.4508
189.3798
228.4788
214.4516
210.6868
255.7229
240.0406
200.0127
198.8517
199.5013
260.3938
256.2207
206.1551
218.7069
211.8421
231.4983
247.4658
253.4293
224.3229
253.4158
263.4964
189.9683
202.0089
266.3499
204.2783
201.0454
239.7521
239.5409
202.5955
245.2312
234.7362
254.6829
188.6912
250.8659
254.9184
233.1243
238.6785
237.3400
244.5043
250.0525
250.5783
191.5327
199.5776
218.2373
203.8055
218.5855
208.5716
206.1589
264.8047
235.2751
207.5019
191.1196
200.9072
236.1221
215.5751
262.0823
200.4400
249.7006
250.7450
216.6816
229.4982
224.9451
231.9938
233.8761
257.8045
238.9592
226.5132
217.2332
216.9709
233.0311
213.3038
193.3361
236.7750
209.6343
202.4622
248.2934
243.8549
211.4372
208.1627
228.0088
254.1506
220.6158
217.4013
244.4470
230.6384
237.2034
266.2845
191.3783
241.0618
228.7640
232.6622
262.3684
203.2393
213.8270
261.6587
237.5059
222.6142
228.8364
207.7760
201.3239
256.1885
269.9668
210.5071
196.8717
212.3495
228.4496
234.8998
221.9005
199.0765
209.5187
235.5581
206.0767
198.0352
217.6519
197.4567
211.1226
219.5024
195.2167
232.5603
213.2619
220.0864
203.8633
260.4916
249.6995
200.8928
196.9918
218.9615
227.3360
248.2711
187.1631
187.0789
219.3195
220.2234
237.5298
226.0159
225.7897
213.5199
210.6099
207.2515
220.3202
202.1859
214.8246
218.2908
209.4263
253.7702
240.8177
215.7464
256.9088
212.9421
219.8549
211.9879
208.5959
238.8724
236.4105
213.1274
230.2587
239.2761
198.2890
217.9219
260.4653
236.9952
234.9807
193.1405
246.0624
252.4364
240.3583
232.9995
225.2841
223.2496
208.1490
213.3185
224.9316
208.0577
223.7385
214.7463
230.0310
251.3650
195.2117
199.4584
246.7013
203.8216
250.6087
230.2660
234.6980
234.7869
261.8245
222.1057
240.8617
259.3180
251.1103
264.4959
199.8387
253.8078
196.6604
254.0906
188.0335
247.3527
206.9504
220.5216
247.3681
244.3335
228.6792
237.2587
246.6336
211.5849
264.4885
257.4895
228.8350
196.9472
207.3099
205.9326
187.7293
202.3488
205.3788
267.7575
215.5463
202.1640
197.0006
218.7219
206.1080
259.6074
198.2377
197.8123
262.9273
255.8654
255.5555
200.0562
203.8150
200.4880
219.1889
189.0541
237.5048
261.6499
258.8442
218.4368
247.3158
218.3838
213.1195
249.0395
234.5078
195.6894
185.0805
196.4781
208.6044
184.0919
211.3060
253.1146
238.8719
250.8637
229.6217
198.8703
220.7850
187.7350
195.4033
191.2553
244.2741
194.6785
242.3486
244.3383
193.0452
232.5462
218.1518
263.5211
238.4051
237.8078
221.8257
233.5147
241.8504
259.2760
218.1002
206.5361
217.1606
191.5405
209.6382
199.6837
185.1255
187.1798
194.8515
193.6267
241.8291
227.3562
253.1011
221.6857
215.8345
230.7034
242.9756
221.0572
256.1558
253.1705
249.0122
257.8844
234.2334
204.9214
247.7778
196.9614
224.5759
201.8882
208.4059
221.4656
237.8511
250.4842
260.4525
252.2582
224.3271
244.6902
230.0858
247.9134
212.7113
248.7208
258.8015
190.6348
196.0152
194.6293
196.3056
227.6242
233.8295
244.4959
229.1533
257.7422
239.1081
235.3831
191.4055
212.8904
252.9903
249.3408
186.0221
234.0682
205.5619
211.3693
239.7469
218.3739
209.5587
208.3013
204.9975
196.7178
212.6145
222.7011
196.9843
244.8026
195.6648
192.1839
239.7477
199.6700
194.4007
228.1307
239.7576
201.1937
238.8932
260.3531
226.2996
186.3948
216.2491
193.7489
224.6540
209.6210
185.5953
245.8825
190.9882
216.8903
251.5172
219.8137
196.2085
203.1607
228.6797
191.8499
235.2688
221.6338
254.1136
218.2475
207.8441
259.0825
265.1190
231.2936
215.6279
190.7075
244.3407
267.1482
217.6987
264.5829
193.7614
196.3559
201.3289
229.5676
228.7835
262.6423
238.2427
230.4034
222.4760
254.7850
198.0221
187.9947
242.1233
226.6665
186.1527
211.7820
200.2840
229.4049
242.1615
263.7389
212.7776
236.1293
209.8104
249.9462
232.5293
226.2031
241.4587
239.9031
244.7209
264.1627
203.5053
180.0085
267.5404
254.2505
242.3770
258.6693
268.6297
185.7030
207.1613
223.5099
225.1959
229.6068
254.8178
193.4597
213.2843
207.5014
260.9641
197.3733
235.6283
200.7985
246.0646
220.1317
237.0755
207.6177
253.9977
212.7702
180.0017
266.9565
202.2785
202.2486
250.0676
198.3409
256.6042
184.3275
203.9140
235.7989
236.7455
269.9693
247.7417
238.8318
180.9511
206.6648
203.5624
214.9013
249.7694
261.0764
215.3321
233.1105
245.2242
187.2073
240.6480
242.3226
225.8372
236.9197
258.6389
258.8266
204.9323
236.2053
234.4468
256.8113
257.1446
215.9804
220.2464
227.2658
249.5884
220.0240
204.8579
225.9655
232.1419
231.8720
240.4818
229.1235
188.8641
226.4386
190.3751
203.1687
208.7716
260.8860
266.0033
237.2592
206.5510
182.0120
243.4038
260.2861
235.9760
237.8797
216.5758
249.8122
232.0935
251.0854
191.2101
224.9385
243.4617
238.8062
248.7638
242.7617
240.8201
241.2034
249.5910
239.0831
215.6728
232.2677
229.8444
237.4145
259.5401
253.4106
252.2506
207.9750
257.4311
210.8653
187.2785
223.7254
229.0194
216.7379
241.8572
214.4543
215.8023
226.0732
223.6165
253.3147
231.9551
215.7178
229.2472
234.2063
251.4860
202.4963
245.8240
263.8454
210.4590
207.4351
203.5064
212.1613
205.2432
192.4551
247.5252
237.0493
268.0076
221.7018
205.7839
226.9859
196.1652
213.4496
194.8090
223.0465
215.4202
207.0387
196.6775
202.5826
211.3306
240.8150
244.0753
207.5787
222.4325
210.9561
210.3745
239.2250
225.0674
210.0050
204.7128
208.7652
209.0695
221.0970
227.2703
254.0082
250.1348
224.2938
229.7131
241.8884
246.2590
248.4548
192.5975
209.6337
197.1948
225.6355
213.4508
252.7600
227.7723
204.5445
229.9503
238.6350
210.9734
215.6438
245.7530
231.5080
248.8274
218.8307
265.5650
215.0929
251.2927
213.4461
182.3033
225.0602
233.5077
205.5041
204.3525
189.3871
255.0283
239.0729
200.0630
254.9612
220.1898
242.1482
242.9083
220.1034
221.2501
235.2162
214.6169
213.0615
211.2046
192.2531
213.7770
245.4664
236.8518
199.7600
205.8997
238.3586
229.7939
234.9705
228.9300
208.4997
268.9792
243.8133
249.7360
260.1424
187.0913
232.1711
197.5698
225.0157
212.9657
248.0195
268.6168
195.1973
243.5255
241.0626
221.2634
252.8974
217.7012
261.1158
224.4231
181.6532
222.4758
255.4625
254.5492
209.1422
210.4820
233.6350
262.1221
260.0808
216.3620
242.2698
183.7077
199.1151
202.9945
240.5730
236.8327
198.8849
261.3375
243.3450
184.0835
211.7583
232.3414
236.7134
199.7762
212.8705
201.3909
239.8205
208.2007
223.1560
218.3397
201.6779
199.9375
183.3457
180.0090
240.7756
215.2954
229.1737
213.8623
255.7243
209.7668
211.2993
245.4488
219.0690
217.7389
207.8577
250.3149
250.9250
217.5650
197.8739
262.7621
255.2949
209.0784
256.1844
236.8259
242.6052
197.0767
204.5632
230.2360
222.9396
262.6194
211.3850
263.1745
234.2040
242.3168
223.2305
234.4897
226.9571
239.8373
241.5183
200.2707
227.8922
184.9162
230.6388
223.8067
249.3324
242.4113
196.8601
197.5461
211.8294
206.7181
187.6416
189.0638
258.5853
196.7040
234.6155
197.4959
223.1295
242.0695
208.0588
260.8133
245.9864
230.2545
251.4730
247.7967
185.1638
208.2893
227.3703
227.6397
249.7661
214.9014
245.2118
200.1448
259.5116
233.7798
263.3990
243.3944
200.1652
218.3253
229.8616
209.1109
187.0145
241.0283
265.4033
264.0401
181.5644
225.3027
269.9670
204.9325
223.3182
181.7850
211.5031
257.0756
252.9513
266.7875
215.5070
227.1254
247.8754
250.1039
221.3890
263.3970
224.4008
253.4151
240.7159
249.2816
191.4077
231.7158
267.0176
228.5716
250.1428
204.7273
258.7747
226.3123
222.9898
225.1104
200.1346
224.1806
246.6706
240.5627
262.4299
243.0329
253.3479
242.4214
230.1014
228.9654
230.8407
217.7599
237.5238
224.0871
238.3196
202.7163
232.5961
201.5117
200.6303
216.3601
207.1961
220.2556
222.0371
198.7110
219.6868
198.2405
234.5902
230.9731
247.2747
194.2461
258.4249
264.2939
255.0231
233.3713
224.0301
182.6978
201.9964
217.2327
220.8821
250.0775
239.0715
212.9001
219.2875
191.8485
234.9769
230.2695
191.9298
217.8330
247.1234
238.5841
208.6740
214.9230
227.9949
212.5807
215.9753
229.5053
230.6983
205.4329
224.5156
209.3180
232.1466
233.7084
222.9289
230.4218
220.3477
237.2618
227.8316
247.0007
211.3596
237.5169
198.9349
204.3355
232.9349
248.0848
243.5969
237.4466
204.4528
259.4639
255.9934
226.9175
189.6104
187.8945
241.3871
226.0980
218.3487
261.7764
189.0332
195.1668
191.0718
216.7341
226.9886
247.0143
222.1818
212.7854
219.2209
200.7812
201.4938
199.1961
199.3490
266.8226
204.3229
251.6362
219.2171
218.4598
221.8590
244.2958
242.8217
185.1719
259.0459
225.3024
246.1659
260.9730
248.3726
205.2631
209.6414
242.8867
191.8814
205.8242
222.9680
206.4040
200.2779
195.5437
205.5644
197.2716
219.7521
182.1884
256.6935
220.3414
216.5187
206.7160
227.4710
252.6978
220.4241
222.2639
204.0964
254.0684
259.9521
269.6761
247.0453
201.7106
262.1265
197.4462
236.4212
222.0329
261.6248
205.7017
209.0213
186.3167
234.5856
230.4694
248.1907
241.1277
219.4800
191.0471
193.7174
263.7941
203.0133
248.0590
224.6706
185.7797
186.7963
231.6278
204.5454
186.9612
187.2868
185.5972
224.2575
195.1698
234.8543
255.9070
232.7583
204.9292
260.5150
233.9249
238.1584
224.2386
244.9350
254.5323
193.7675
198.0907
202.6168
202.2695
225.8455
223.1783
246.9791
221.1808
239.9265
194.2013
261.8059
254.3990
224.8776
240.6676
220.6352
269.5531
262.1434
190.7844
218.5611
186.1365
221.1127
209.7228
227.7021
220.6937
232.0762
262.9245
229.4903
243.9912
207.1781
199.5521
257.6851
256.1644
187.2500
206.3696
250.7679
234.6421
258.3321
207.4829
200.7539
187.6461
225.3277
228.2307
264.7171
196.3707
245.3936
189.7344
198.5100
190.3015
230.5151
254.6872
208.4544
245.3684
236.6104
228.5664
265.0372
253.8659
220.7993
198.4724
224.7860
191.2782
232.1764
223.3886
198.4638
182.5829
242.6501
240.4329
214.3206
229.4233
238.4064
215.3090
250.2108
205.4302
220.3969
224.9988
257.9612
223.7325
240.7487
254.6567
266.2588
208.2798
216.2310
258.0439
194.9446
205.4449
215.5598
261.6820
225.1700
249.4006
204.6378
213.8393
267.6416
244.0659
253.6552
230.8157
198.2619
238.3959
261.8629
217.0040
219.8016
210.8743
240.2708
252.5565
244.4892
240.1124
260.8665
234.2296
221.2567
251.1349
243.5515
228.4844
205.3477
215.2051
239.5009
209.5875
203.1917
236.9050
183.5063
238.9854
215.3036
209.9341
235.8278
246.4216
186.6760
219.2028
268.7381
192.3924
258.4342
220.3871
224.7852
264.7989
188.1771
185.9220
192.6770
234.3091
211.9072
249.3060
241.3419
203.7643
213.1942
226.7703
241.0172
242.2764
233.7695
208.1842
245.8954
207.1993
197.1875
190.7800
182.7611
198.4176
187.9433
259.7798
224.0626
228.5526
224.3876
212.4746
235.1004
218.6050
218.9902
198.6872
233.3960
215.8910
221.7964
225.9391
258.8023
224.9794
267.4346
245.8517
230.3251
261.3761
200.7639
229.5769
225.3391
227.0456
235.9970
198.9305
209.2871
260.7924
265.7024
265.6209
242.8634
225.3971
243.9915
253.7202
200.6264
246.2211
221.6818
214.5488
245.0661
212.1449
203.6270
222.1515
204.3490
188.5865
239.5411
232.3283
194.5092
255.5311
217.6178
201.9169
229.8311
192.5274
257.5478
227.4363
203.3260
265.5783
233.5672
248.6812
236.5562
189.1034
254.7091
266.3132
202.2674
194.2414
206.9604
181.5127
217.3945
195.3480
208.4916
193.9901
224.3584
213.6203
244.7513
261.2857
213.6466
240.2053
212.2886
238.5892
237.5991
245.2123
257.2208
213.5150
188.8161
256.1801
242.6979
228.0796
225.1525
224.1002
194.1971
228.5782
248.7165
184.0345
187.3563
236.0882
183.3652
202.8140
211.8491
233.8375
206.3740
202.7661
188.1391
256.5253
208.5608
217.9822
213.7122
204.6530
242.1704
222.5366
242.2323
212.5749
205.3644
244.8480
257.8891
257.3970
227.4609
181.1948
189.9681
239.8359
218.4602
195.0889
258.8195
211.2934
258.4469
255.7493
202.3274
198.3354
200.3400
224.6250
261.3624
260.5307
261.4838
229.9552
196.8136
184.7251
258.7616
262.6805
224.5424
210.4855
259.6458
196.6948
258.0485
259.1624
253.2138
206.7654
213.9909
239.1275
246.7845
185.7802
218.9117
251.6050
265.2343
197.6106
256.9458
246.4841
188.4400
204.6307
217.9639
240.9921
242.4868
249.7851
232.1755
191.3398
200.2999
253.2427
223.4153
192.5968
206.3879
236.9270
240.5931
240.9413
260.9682
255.0809
195.7106
268.3701
238.8166
220.9803
252.7724
205.5708
264.5324
213.0248
252.4737
206.9806
232.7572
216.3369
261.5380
199.2471
185.7026
245.5549
200.8211
248.0974
198.6988
241.7291
264.3084
181.7481
183.7023
201.6370
230.8488
229.0485
248.2316
208.3361
221.8645
233.1353
223.4950
180.9973
211.6639
195.6445
213.8262
218.1390
198.3824
231.4944
221.9370
259.5262
197.5988
209.3282
262.8976
194.3163
257.2644
236.8937
227.0894
268.1231
255.1383
245.4152
208.6252
186.1850
235.1241
255.6615
204.3356
227.3384
265.8144
187.1839
210.6002
259.2394
240.4773
224.5404
225.6590
229.5087
268.8659
252.5552
186.4778
189.4726
228.3038
216.5137
267.8818
266.7717
248.6472
236.7049
197.2243
204.9176
218.0155
180.8633
204.9010
267.0533
251.8596
180.6881
214.8247
231.5083
215.8426
180.4983
223.6187
206.4842
182.0387
186.9268
221.2243
207.7950
210.2849
256.7541
192.2607
218.4577
236.5526
262.8568
214.8758
224.6444
187.9336
217.7812
184.0074
235.9822
253.8053
212.0852
181.7122
209.6982
252.9931
195.1811
255.0679
210.6104
249.4154
252.0635
259.6689
207.2850
207.9041
215.3104
202.9239
198.3730
246.5218
224.2159
209.8610
222.3707
261.1341
202.6174
256.3183
198.7688
257.0649
262.1898
238.5877
216.3348
264.5106
200.4141
269.7368
229.0639
182.7059
210.1993
263.8966
208.4427
258.1938
221.0732
227.5787
238.8979
199.7598
268.4289
212.8161
192.7620
210.2640
200.3401
197.2587
199.2402
182.7348
259.0913
267.5470
195.8545
265.2618
211.6784
213.0992
181.4390
240.1398
264.7940
248.9386
241.8256
202.4179
247.9922
256.8848
203.5955
236.3751
254.3637
233.4305
242.6921
241.3388
265.2123
249.6778
206.9288
258.1275
255.6391
257.1352
244.8708
180.0005
249.4337
184.3042
266.0542
221.6923
245.3201
186.0070
246.2120
227.3960
256.9632
211.0012
188.4871
242.1335
198.3528
251.2392
254.9844
215.6030
221.4906
221.1543
186.0295
230.3708
245.5162
219.4034
262.3790
197.1052
209.1005
186.8957
265.8326
218.9300
217.7732
245.2773
255.0832
207.0058
195.6777
242.1698
229.0442
251.1859
233.9349
219.0395
238.6277
227.3048
189.0647
251.3037
233.3476
198.5458
226.6325
270.0000
222.5805
219.6811
247.5288
222.2546
221.4850
209.9176
201.1281
227.5926
214.3543
227.5948
246.2382
211.6773
240.6353
222.3398
235.0805
216.3810
207.2607
253.5244
208.3373
252.2315
201.0709
193.0898
201.2868
233.0245
215.4252
259.4673
230.0827
193.0272
234.0210
205.6038
250.4918
224.1670
250.6942
237.8910
237.9197
261.6579
210.3012
210.8869
192.6621
234.8170
197.5737
242.0501
250.0228
262.5354
242.4458
231.6618
258.2493
192.4414
251.8176
220.9735
207.0779
220.8777
224.3481
234.7923
250.3361
247.6618
231.9891
182.2788
201.6031
180.0303
229.2560
186.8039
259.8698
227.1008
236.6951
243.8111
204.3321
225.4768
260.4752
237.2668
262.2220
263.8523
210.9486
225.0020
259.3011
234.3220
255.9207
224.8819
231.0716
265.0493
251.7429
239.6502
189.9686
193.2346
243.1334
192.7168
251.5418
264.3223
252.7726
232.7877
256.2831
208.2269
246.4157
237.2111
247.4644
239.1951
188.1231
239.8271
216.4018
197.1455
248.6750
253.4592
223.6223
180.7631
225.2798
251.8899
212.0651
201.2481
185.3315
247.9445
208.7570
255.9431
210.2458
234.8554
183.2310
250.6178
243.3485
198.3236
226.6097
239.0277
206.7748
200.8659
211.3692
234.4456
203.9162
202.8504
188.0208
184.1192
196.1458
209.1122
195.8622
195.5185
206.9482
197.5280
209.3894
193.0107
245.3360
196.6467
228.8552
224.4768
222.2046
239.1955
253.0807
244.4691
191.3016
235.2906
221.0530
195.0434
197.8235
219.2391
228.4965
251.3889
250.4164
187.1955
216.5156
243.0975
190.9233
188.7371
237.3606
228.1075
232.7729
232.9543
235.5798
234.4837
198.3523
200.1327
224.3701
220.8014
222.5989
221.5846
197.2601
193.0896
235.6294
229.7349
219.1661
205.5049
217.1820
216.0605
227.2897
218.6359
205.1880
221.9586
228.3601
219.6788
249.1237
250.0582
220.1290
226.6587
240.8392
226.9659
223.2395
201.6685
190.5627
245.9718
193.6870
208.4589
221.2240
221.2962
234.6400
246.6505
257.4888
203.4497
187.0451
206.2060
255.0555
248.8523
255.2623
198.3353
204.6651
222.9337
213.7162
231.6670
248.3641
205.2594
201.0731
230.0145
215.5820
222.6779
221.5345
199.6038
203.7386
212.4601
188.4105
194.9290
230.2968
230.6678
213.2777
227.9371
253.3767
256.4460
191.1058
194.4245
222.9193
244.8054
219.7463
247.9129
196.0968
234.2012
246.3052
258.1770
192.5094
237.4941
192.6132
231.7471
225.9807
193.1749
188.4220
244.5873
193.9031
204.1485
218.6420
239.1906
207.2900
188.6472
194.6367
204.2146
241.8324
251.4073
207.1234
215.9457
240.0507
209.9532
241.8237
241.2775
236.5465
246.5681
218.4324
219.7389
200.7623
248.6671
229.7734
237.2359
250.5770
242.2075
243.6421
237.9550
209.0169
206.0278
248.0205
235.0101
265.9948
234.8079
209.7253
196.3105
259.9279
221.0892
247.2698
240.6241
197.3526
253.8178
212.2190
228.5439
211.2261
248.3439
244.3763
230.3268
239.1942
192.4794
195.8912
224.8565
214.4718
256.4560
245.9732
250.6984
267.7466
253.2394
185.4469
198.2340
206.6068
237.8060
210.7335
239.1494
217.1373
229.0463
194.7553
217.4851
196.6742
219.6677
251.7336
255.6999
235.8400
227.9399
250.3412
267.8953
193.0687
229.2781
198.6300
216.3812
240.4774
226.7823
226.5918
256.3613
188.7047
207.9511
204.7239
221.8533
241.0943
255.5433
241.8131
225.7368
200.5525
220.9302
254.2292
196.4438
196.8945
253.9657
247.4091
243.4077
261.2792
239.1730
188.3536
220.3109
218.5357
203.1988
221.2338
229.3633
250.8247
191.8399
193.0234
241.3066
239.8993
202.5718
242.9040
209.1611
184.2924
234.6818
225.7406
225.5947
237.4183
251.4116
243.2224
245.4332
234.4747
193.8623
215.2938
195.0636
240.0263
242.1120
194.6936
243.7125
221.0477
229.7395
261.0679
233.3409
216.1784
221.8098
246.6721
252.0647
237.8231
221.3468
228.4985
204.8822
233.0797
222.0319
214.9273
249.5193
264.0043
212.0778
264.8232
238.2706
206.3482
263.5440
196.7140
264.1303
268.0826
264.5426
255.5227
223.0815
186.4844
185.4085
245.9153
212.5242
208.4122
203.9051
190.5729
240.6544
195.0520
197.4757
231.3981
255.2743
249.0875
254.7879
256.1697
248.1860
224.1440
221.2586
239.5980
213.9279
197.6122
249.1544
230.5046
198.6446
241.7782
263.8913
195.7302
209.8229
257.7830
253.8703
229.8325
217.5830
200.3385
258.8022
234.4550
201.0398
230.6196
204.3320
213.8849
212.4976
192.2435
187.1250
237.4783
214.9194
243.5127
212.4838
252.0021
254.4896
234.3178
264.3393
258.6572
186.0120
207.8575
232.6109
227.5628
264.1857
263.3062
197.5500
201.1307
198.5408
213.6737
222.7262
194.7476
224.4978
205.8111
192.2072
199.8453
252.8615
241.9820
217.0176
250.9003
260.8174
229.1297
260.5040
229.5562
251.8854
205.7453
188.7502
189.9377
203.9739
222.2125
260.4139
239.3167
233.7685
238.2721
235.9080
216.1100
182.2375
238.0503
264.9302
237.5655
221.9383
238.3378
188.1128
214.0127
238.2036
205.6045
259.0429
210.6888
207.1655
243.6663
200.6585
268.1506
182.9331
221.3841
203.8731
220.9955
229.4946
250.5141
202.1727
219.0322
261.8794
229.7958
185.6241
247.9698
219.4353
250.8282
232.9650
231.8051
191.6926
189.0020
234.3708
205.0115
255.0020
231.2876
265.2053
263.0085
188.9688
262.1173
195.6269
246.9050
243.3961
241.0114
196.8949
256.2273
227.6337
218.2456
257.8976
261.9771
233.6607
181.0001
246.8069
225.1539
239.2814
224.8973
221.2483
217.8205
242.1375
248.3274
194.5352
201.3614
234.1303
269.9252
232.8818
216.4068
197.3394
247.2424
233.3438
236.2900
193.7577
198.5983
210.0362
217.7125
219.6515
207.8228
186.7129
195.7241
200.8766
209.2011
215.4105
190.1243
244.4438
244.1644
218.6255
198.8841
211.8910
192.5015
219.3168
248.7681
259.0504
181.2728
221.2713
218.4955
249.0161
230.6272
231.2989
186.6859
199.4375
214.8262
226.1415
220.8717
253.1212
204.5824
212.1009
212.8257
215.9875
269.3868
187.7132
199.8711
249.4657
222.6388
183.7422
208.5345
214.2061
217.3403
204.0691
223.2418
213.4844
232.2570
261.7997
236.6653
196.1065
250.9982
231.4764
219.3523
243.8346
215.0281
209.2755
231.1441
224.9431
205.1715
229.6552
239.4844
200.8360
206.8919
183.9479
249.8317
249.5476
228.6188
229.3103
204.4010
260.2770
206.0664
205.7415
196.8739
232.2387
224.5042
213.2765
253.9245
219.7155
244.5683
243.1167
193.5817
222.8320
206.9692
215.9511
198.0422
231.3303
233.9337
229.4967
207.7093
191.1114
239.6855
253.5333
231.6094
202.6310
238.7865
252.1963
237.6172
205.1171
240.5140
231.8192
238.4805
232.7787
205.1757
254.7844
223.1937
213.6379
220.5580
227.8238
189.5334
198.8524
223.2667
229.8023
233.9588
223.5131
218.6382
220.5418
187.9070
197.8489
192.7725
186.3220
244.4463
235.9389
200.2610
197.0411
247.6811
232.1914
204.4047
225.4318
196.4418
200.8163
247.6751
240.8432
186.5187
230.7232
257.8292
257.2798
258.0095
219.5851
193.3420
230.2155
234.1675
236.2886
238.2443
239.2576
187.2404
227.4775
202.7702
192.6940
234.1414
181.4089
198.3339
181.8402
201.0925
191.2153
249.1228
196.5353
201.5093
221.1193
211.5563
199.9865
184.1342
206.0993
207.6990
221.4512
215.3778
221.3566
232.7544
265.1399
252.9244
237.3083
215.3998
228.4777
188.4301
198.4049
245.3562
234.4113
238.4114
258.9806
262.6422
224.2009
215.2779
240.9588
241.1458
219.8282
197.9348
224.2241
225.0545
238.7020
195.0621
251.7057
221.0626
227.2225
254.0405
269.0750
217.3220
254.7170
224.6474
266.2750
261.5030
268.9264
247.2866
207.8718
255.0529
254.2617
257.1761
210.7192
199.2119
204.6544
192.4250
241.9790
247.8954
249.7921
241.1157
252.5087
251.9565
243.0020
184.1536
259.3540
199.0606
242.2047
259.3319
237.4339
243.6537
247.5605
221.3936
228.0786
259.0674
231.9543
204.6169
201.9595
221.6779
260.7103
223.1551
237.7627
268.2716
244.6340
212.7110
224.3509
258.7919
258.4443
227.4019
265.0109
211.4352
255.4143
207.4259
212.1699
213.4257
254.3338
242.7373
229.9731
209.2639
266.6705
243.6369
197.5148
216.7295
230.0752
260.9848
260.7504
231.1831
200.3020
242.6922
231.5310
228.9140
262.9314
263.4696
227.7178
234.5418
265.4745
261.7441
267.6259
230.7067
193.4188
223.9123
216.1362
237.3095
225.8758
191.7811
220.7074
243.1656
201.0670
183.5701
246.1425
252.8578
260.9559
267.9753
237.6169
212.3112
268.1124
219.2759
262.7805
243.1663
256.0735
183.6176
252.2473
195.3267
248.7659
246.5382
221.5551
254.3664
219.7877
250.0781
220.8182
197.1848
221.8666
221.4204
258.6566
203.0129
229.2036
207.6105
186.3771
233.1858
246.1797
266.9388
190.9129
210.8434
232.0784
230.4126
214.8407
196.4832
228.1344
263.3576
257.7416
209.9067
247.9997
224.1239
250.7980
243.4803
197.5085
230.6889
210.0787
224.7642
239.0512
213.9525
236.3203
243.2013
201.2540
222.0301
241.6372
188.2666
264.6960
197.5467
250.5433
233.0361
193.1742
245.7396
236.1691
