230.8312
256.8464
225.9342
212.2084
180.0161
251.3963
183.4165
183.4083
252.8047
202.7076
233.0996
251.3463
204.3325
255.4443
226.3870
239.9380
191.4113
232.7825
180.0065
218.6634
217.9673
226.2190
203.5853
220.0086
260.3826
221.7021
203.3259
269.8121
246.3685
210.8204
228.3898
218.5097
230.0090
226.2141
193.7159
225.2788
228.6084
230.4126
186.9880
241.8497
246.1370
214.8133
263.5966
247.3515
247.4216
242.6373
248.0761
249.7550
264.5756
222.9416
189.8201
220.9105
186.7679
209.1022
269.6071
209.9357
228.2776
208.1952
224.0405
237.6254
225.6477
220.3980
208.0706
200.2809
197.5391
228.4969
198.3772
232.2673
215.8032
189.4319
229.4316
225.4163
265.9031
262.0189
252.9167
247.0056
192.4330
218.1270
207.8368
219.8796
212.0067
202.4409
192.2203
232.1119
233.9170
214.5181
186.3539
220.5082
216.8305
209.6443
204.4941
208.1431
206.6728
209.9810
229.9562
215.4722
237.4690
252.0497
250.0544
203.3270
203.8551
230.4045
217.1184
229.9052
224.1387
222.4878
207.7359
206.2183
245.5523
235.3711
214.7742
212.8313
226.9345
231.4075
239.1506
232.2137
218.5346
214.0836
236.5678
247.0699
215.4901
226.9681
201.9594
196.9958
193.5962
201.5821
192.4722
195.6835
226.8043
227.5923
223.9814
217.7927
242.4998
232.1380
242.3912
234.1760
233.8745
221.1152
231.9361
199.2223
252.4097
258.4495
241.5046
242.6802
203.5449
197.3278
193.5254
200.5470
227.4143
231.1894
217.4209
244.6367
239.0655
233.4997
219.6926
221.3017
221.9411
224.0805
239.5761
225.9364
226.1564
253.1357
224.3667
221.7083
232.5016
194.5234
197.6706
232.8854
237.6673
216.8248
209.6811
212.0200
214.1439
211.6262
224.2791
227.9582
267.4710
237.4596
228.3276
237.7468
211.4291
197.0001
198.3540
248.5705
247.2445
192.7578
191.9430
237.2512
220.6299
226.8520
188.9960
216.2200
217.4788
220.8473
218.4507
224.0721
189.5664
193.6372
244.2513
252.0742
201.8367
226.1747
248.8165
218.3832
224.3219
224.8299
221.0348
203.1446
226.6487
225.5888
248.0867
261.2661
191.9894
230.2176
226.6677
247.6771
239.6291
255.9289
232.5494
242.6667
220.6341
243.2067
234.5193
196.5798
225.4033
234.4259
254.3735
197.0354
238.8166
241.0818
258.8134
260.7536
241.3294
192.2133
210.0658
252.2146
237.3702
212.8265
249.0255
215.0930
238.0879
207.6900
260.7952
232.2069
232.2238
247.6614
242.0609
203.9487
256.5006
253.0033
240.8629
209.2151
247.7454
248.4171
205.1362
235.5593
198.4745
214.5456
231.2977
237.5709
252.8172
224.8714
224.3856
244.0804
195.0061
211.8478
220.2429
232.4291
237.5431
220.4754
234.6075
220.6807
222.7600
248.7324
227.1004
225.8912
209.2655
208.6255
231.4434
236.5427
245.9940
251.6685
242.9242
229.4119
254.5482
231.7861
232.4676
232.1999
226.9458
234.9430
262.2321
225.7417
235.7431
229.0764
187.1961
207.1555
240.4581
228.0365
250.7439
189.1219
183.0355
221.4181
223.2806
202.6487
245.1146
261.3782
226.3496
204.4766
195.1866
190.6988
211.3147
251.5221
220.0002
225.1818
254.0984
253.7059
243.2203
252.2821
209.2001
207.5740
231.9041
235.6568
236.3327
229.6740
196.1747
193.3173
225.2566
234.8885
232.7753
218.7521
229.4009
231.9316
243.6049
247.0559
239.1854
237.5728
228.8300
231.3018
215.1462
210.9571
236.1442
218.6372
193.0290
185.2308
225.4988
228.3076
204.5044
190.9569
188.5798
195.1776
263.4654
259.5191
210.8885
223.0288
229.4154
235.7194
229.2532
230.6003
233.6717
197.4854
193.0048
202.1524
210.7394
221.8699
223.9436
208.8444
233.4659
228.7399
217.6519
238.8486
224.1120
203.5177
201.0224
213.4032
213.4443
192.1487
195.7272
235.0887
232.3088
195.0365
191.5765
247.5228
245.2696
209.9913
216.0460
222.3666
236.0372
224.4140
190.9144
215.6228
224.8688
207.2857
210.5061
203.1556
202.8848
234.0626
258.2739
241.1254
243.4574
205.5768
217.7626
212.1364
214.8843
225.1246
208.9773
202.1161
198.7824
240.4668
229.7956
239.0733
194.0488
208.3119
216.0097
198.8081
206.1659
195.6384
209.6620
212.9676
214.0817
207.5871
199.5843
218.5452
196.2686
206.2653
210.1166
198.8483
228.1300
214.4720
235.5900
237.0583
194.6833
198.6116
234.3894
239.4975
228.4281
237.1803
191.7450
201.3273
195.8795
200.1766
232.7081
243.2654
205.9935
180.0897
226.0753
224.8238
226.0796
243.2344
221.9345
194.1818
203.7541
226.4573
201.6768
205.5530
195.2084
236.7939
240.1310
232.7584
225.1129
252.4294
218.6887
220.8313
231.5232
229.3775
246.9422
247.3648
241.9987
238.3471
220.8798
261.2875
255.8456
214.2199
221.3127
201.8250
202.7793
221.5182
223.1561
226.1417
228.1196
191.6420
206.7262
221.0775
223.7697
235.6711
231.5725
237.5783
235.1133
212.8556
216.8450
214.3865
219.9952
247.7728
242.3537
200.6079
195.1754
226.6922
229.3828
222.2062
219.0492
216.4690
211.8009
248.8102
249.6607
202.6913
212.9962
240.6949
240.3806
225.9955
216.8150
217.0126
226.4744
206.4924
212.6038
220.7555
237.2559
235.3859
226.0190
220.8500
216.5587
244.2165
213.0412
227.3258
207.7517
211.5712
225.1813
218.7653
210.2907
214.2631
194.7915
195.5642
232.2664
215.7753
203.6406
208.0457
239.6816
237.9424
219.5251
210.9142
223.1482
228.0461
228.8815
245.4091
208.6505
234.6291
235.5380
237.0341
254.2787
255.4539
215.5479
244.2291
253.4749
229.3554
234.7416
205.0634
207.0355
195.2230
195.4832
229.2824
233.6586
206.3402
227.5839
247.1960
246.2828
230.9095
211.5257
236.0890
205.7109
252.7727
212.3681
236.7400
216.4057
234.6525
247.5472
232.4368
243.5351
251.5149
235.7021
239.6792
238.1822
268.0446
205.3531
230.9183
245.2331
222.3123
221.1572
197.9898
223.0403
245.3599
238.2433
248.7878
226.4793
240.6767
223.7183
189.0988
226.2569
238.9502
260.4023
233.4774
217.7526
241.5268
257.1807
209.3257
234.0817
229.8466
239.7169
234.3538
221.1447
218.0551
216.4571
230.1065
245.4484
243.0754
235.1512
232.2523
227.5310
228.7891
186.4425
201.8518
225.0853
230.6381
205.8262
198.9251
238.5624
238.8537
223.0444
223.9928
208.0456
226.2071
246.6488
243.7286
230.4909
230.8266
185.2274
236.8392
251.6897
233.7543
244.8564
239.6382
232.7072
237.3858
244.8845
231.2653
207.9103
232.4327
199.9991
214.8828
249.1741
237.5715
231.5281
237.3219
230.9392
238.0951
228.5243
248.0426
207.9761
235.5409
257.5175
248.6076
208.5029
251.4577
247.0364
230.2975
219.6135
203.1293
217.8118
258.5337
257.2827
212.2305
212.1569
209.8424
211.1633
230.6929
231.1861
241.8990
229.9030
212.4709
228.4611
237.9586
226.4895
229.1404
226.3385
223.0145
215.7883
238.3667
201.9630
234.6640
243.3716
212.5920
219.5378
202.6144
209.7807
222.2932
224.9936
235.1396
234.5885
260.2615
192.6062
235.1653
240.1320
203.7412
244.6581
199.7540
213.0342
213.3726
217.7008
230.6093
183.0690
232.7361
223.8176
200.1997
193.6108
229.0532
221.6874
247.0112
249.3653
235.7412
241.4334
258.6624
247.5941
240.1409
225.9393
240.6272
194.9699
209.2575
231.2636
211.6706
221.8766
225.5505
229.7764
233.5898
237.9766
233.2849
251.9558
201.2042
260.7979
250.5253
192.9226
226.5746
253.8707
251.2682
240.1606
251.2983
225.9311
250.8544
246.5773
232.1302
235.4007
246.3028
242.8169
249.0880
210.2190
217.8399
197.0715
194.8654
222.0691
202.9997
230.2665
245.8262
222.5659
225.0768
229.6360
192.7115
266.4640
219.9599
231.5336
237.2588
212.9037
216.6022
211.1374
198.2145
210.9710
202.6929
207.3938
219.7098
221.5042
261.5771
250.9070
215.0238
264.0168
230.4206
219.0609
241.0297
196.9398
209.1540
233.7407
227.6084
206.3115
213.7152
245.7728
251.3066
217.6017
214.2081
237.1805
243.4986
242.8637
202.5118
264.5676
251.0432
224.3506
198.8900
203.7027
238.6124
234.1046
260.8928
254.4941
229.2974
232.4231
214.4066
241.2176
237.9700
202.5636
201.4954
245.9102
248.6161
215.3622
220.4009
212.1567
211.0067
234.8438
240.0283
243.8764
245.7902
237.4735
212.1920
239.8508
214.2556
199.3970
228.3663
227.3458
228.3714
236.1163
223.8172
244.3934
239.0231
206.2927
213.1415
250.6921
250.1310
218.0506
223.2984
230.5140
226.2063
223.1384
211.2982
208.1086
210.2200
200.2672
203.6246
233.7195
242.2624
255.1388
247.6639
224.1222
239.0746
237.8008
250.3942
242.0748
225.8036
238.3319
232.3269
231.6351
216.7497
231.2154
236.7812
238.8857
232.8607
225.1741
228.6042
239.8241
247.6504
231.7755
222.6063
243.6981
212.6211
228.0341
238.0984
249.9992
230.5542
199.3536
198.8974
245.2484
249.7232
209.6316
212.8699
229.4089
233.1564
242.8941
246.3409
247.5140
241.0217
242.7609
212.1953
228.6335
249.3927
196.3423
193.1146
234.1941
232.0952
213.5026
221.6136
240.7938
243.5541
205.1265
254.0950
257.0502
203.9734
257.4490
237.6683
239.5551
245.6477
247.7595
199.9834
191.6518
200.0145
231.4018
240.6200
206.9485
212.3085
245.5394
232.4619
199.1058
196.7190
207.4076
243.5447
233.7295
238.5263
233.7117
246.5748
258.9705
252.2796
221.5841
222.7730
241.9019
239.9056
236.4426
229.2305
242.6670
233.6671
224.4056
238.2361
234.6927
233.3588
243.4757
215.0396
216.1495
249.5000
247.4927
207.1023
207.9683
239.6928
249.2315
240.2783
236.6831
249.8417
245.8360
247.6336
257.7111
225.7688
245.1237
234.2127
208.9146
245.3936
232.0504
230.4781
240.7929
229.6286
226.3105
238.8245
211.7539
222.6432
224.4156
269.8186
208.9923
209.4040
206.6454
208.8793
249.7063
240.2277
198.7969
198.9823
253.3758
241.9919
212.6020
211.1316
213.8266
211.7484
220.1988
208.0348
204.2174
197.1350
213.3885
204.6006
255.5123
254.8917
239.6071
217.9446
228.1700
210.7594
211.5460
193.0236
189.4918
223.6780
200.0787
245.2045
236.0027
214.4300
224.3254
212.1350
217.6536
218.0255
201.3387
196.8220
199.8029
196.5440
216.5356
207.4736
217.2944
250.6591
207.0385
203.7920
224.2093
210.3134
230.3367
224.4508
242.3131
245.2133
244.3193
235.6517
204.1083
223.9809
209.6830
214.0730
213.4710
208.1286
255.6003
232.2113
240.0388
230.0292
226.0436
216.9386
213.8833
205.2106
193.0177
199.0056
252.7530
253.8993
243.2132
225.6106
191.7420
213.0781
243.8377
216.5191
214.2900
232.2266
231.1794
239.9564
229.3470
205.4904
206.7176
238.1104
240.7984
196.7925
258.2978
199.9800
226.0740
201.2129
221.3756
204.2997
213.0246
210.8152
208.4086
200.5911
205.1155
206.7545
198.5651
254.7291
262.0068
237.6399
231.9838
200.0957
201.8998
214.7078
190.3922
241.5977
260.5352
214.1520
213.3697
226.4823
225.9010
217.3268
229.8864
196.1729
195.6023
245.0823
235.6432
243.1876
226.3389
196.9222
198.8381
224.5505
208.0097
205.0128
210.0501
255.9380
218.5212
243.1701
233.1819
222.2581
244.2666
243.3853
199.7154
192.1339
203.2218
235.6140
197.5682
189.4762
237.0192
236.5805
256.7781
245.5320
205.8935
241.3424
192.7508
205.1306
190.7486
238.3505
217.8266
221.6738
207.1212
201.4503
225.2619
228.1463
253.1258
252.0098
229.8339
241.8480
232.9914
237.0972
210.9246
212.3829
198.4570
218.2266
236.3629
208.3960
197.6167
201.5973
192.6097
191.2508
205.6025
217.0393
218.6319
224.7388
213.0752
224.8796
224.9394
224.3743
211.8228
227.8359
248.2161
246.6184
260.2335
255.6705
218.5138
245.3139
202.3585
204.6808
199.8498
200.6009
213.4123
216.0007
252.3843
261.6937
226.5077
222.9985
241.7709
210.5872
227.3199
231.6736
254.3294
217.6701
199.4409
192.5266
188.8753
206.7125
225.8160
197.7362
232.2533
229.3232
230.3789
240.8800
195.0915
192.0551
222.7161
255.9668
248.9475
187.6589
205.1241
201.8604
205.0696
218.1775
224.4029
211.5316
224.3357
203.1406
204.5568
202.6860
197.5995
215.3810
231.7505
193.8483
199.1937
226.3073
211.9847
201.0561
241.4373
216.9261
194.2797
246.3244
250.2180
252.0729
218.1953
219.9541
205.8170
207.9680
205.6105
190.3096
218.9952
202.1428
220.1899
251.1544
230.9792
207.1269
232.7216
229.8849
200.9518
227.5104
231.9379
259.5201
218.3987
216.6239
216.9513
240.4013
239.4257
221.4216
197.4355
225.7707
235.2228
232.5435
248.9035
186.6342
194.9020
210.8841
211.8480
216.3668
237.9805
216.5392
238.6445
216.5116
255.5071
193.6908
218.2433
226.4773
203.5390
220.0021
244.8283
229.2193
227.7789
236.6106
249.8559
233.4598
241.9400
214.4909
224.1807
219.7365
214.8374
225.8755
230.7976
241.5237
264.8289
209.5304
180.0139
248.8899
250.3495
238.3973
256.4069
262.7082
211.9056
206.7028
231.8259
202.7054
231.8629
255.3050
213.5274
238.2568
200.8104
257.7036
195.3844
223.1032
224.9054
229.5346
240.8149
243.6264
236.4437
256.9671
199.3988
180.0014
267.5174
200.1556
199.6813
215.9984
207.0018
251.3573
199.3517
203.7245
229.9035
226.8135
269.9753
207.4057
204.5116
187.3225
221.5510
205.9595
207.0188
235.4698
263.1562
245.0046
243.2659
235.7217
186.7401
223.2644
226.3004
222.4780
230.6823
215.8565
216.7864
225.6691
236.0130
235.1893
237.9842
239.5752
213.4638
218.8794
237.7919
247.8211
244.9800
202.0612
204.3922
233.8613
232.0617
228.3822
213.2900
196.9243
219.4407
210.3158
191.2526
196.3868
259.0782
265.7868
252.1330
242.7272
202.1910
213.4512
218.1684
219.2739
219.9753
221.2362
216.2234
234.1732
236.5248
202.0530
232.5982
237.7945
225.5426
230.4844
233.2133
246.0732
242.0636
262.4956
259.1479
208.2428
209.3429
231.5884
230.6276
231.6888
249.2884
245.7585
194.2468
216.8849
220.2636
214.7854
234.8451
229.9052
220.3486
223.2376
218.3093
214.5244
210.3391
209.4173
255.5908
249.3214
210.4604
214.0376
235.9925
226.2960
215.1697
257.9790
266.3749
217.5060
213.2928
216.4179
223.0350
202.6455
197.7182
257.6728
209.7417
266.3567
194.0574
193.0676
237.6603
227.6252
224.1495
204.9581
200.2394
215.5115
212.8359
213.9199
214.4900
214.4545
237.4316
241.8137
206.5874
224.5143
225.9602
211.0670
243.3345
212.9772
213.9782
207.7952
213.6487
210.6981
218.7880
223.9162
230.8616
246.4927
247.3040
233.9323
243.1047
247.3117
240.7487
231.7937
198.4324
189.5878
218.2102
225.2024
226.5760
218.4314
222.6984
238.4508
244.2813
244.8262
215.2081
256.6801
248.7572
239.2551
228.8100
254.8072
236.8993
208.9697
203.8326
183.7247
219.7914
217.8199
205.3507
191.5524
204.1979
244.7408
240.3956
224.4176
230.5954
238.2992
235.2618
252.8334
239.5413
238.7898
227.3318
227.1532
220.1951
228.3949
194.6787
196.7302
227.4935
219.8699
246.3058
247.0137
234.9562
232.2393
244.1771
214.2764
230.2601
266.5826
206.9443
244.3330
258.4334
226.7899
234.7508
223.5712
246.1909
212.8647
225.5282
268.6856
189.5677
236.9687
251.0021
233.1044
247.1039
231.5656
251.7638
232.3315
201.6984
244.2395
250.5646
249.9821
229.5903
235.2448
230.4313
230.1277
214.3759
239.7821
229.3296
202.3167
232.2515
203.1161
206.4435
208.0180
218.9733
227.8708
248.1951
222.1218
239.5003
236.4823
214.3981
221.8388
217.5207
217.7438
244.1209
240.0390
220.3128
205.8031
210.5626
225.2943
197.3634
180.0250
231.0111
214.7624
226.6255
206.0299
238.3174
211.8135
210.3158
247.8540
242.9915
205.1912
214.5875
235.6511
212.8110
203.1380
210.3835
237.2340
234.1300
212.6010
231.7071
233.5756
198.6343
191.5847
190.5939
224.7836
230.3722
248.2716
217.6158
222.9581
211.8496
230.9230
224.5923
241.1098
239.8585
249.2759
252.2031
229.6756
239.8266
192.4497
245.8482
243.9727
215.4505
220.2749
192.1958
197.1025
222.1361
214.6750
231.6383
213.3197
231.8857
224.4444
229.1896
211.3008
233.3074
253.3451
227.6376
238.2399
239.2109
232.7862
235.1834
247.5441
227.4883
196.4724
205.6608
220.9200
214.9654
250.0253
254.7925
196.3049
248.5538
243.4918
256.0201
247.3179
220.1803
208.3024
211.9510
245.9576
233.1915
241.5862
238.1220
253.0625
205.1415
221.7071
267.9650
216.8844
227.9443
209.9740
227.7830
236.2206
237.6717
251.0241
228.3097
221.7921
251.2454
248.4223
245.9411
242.7648
236.1799
214.1912
214.9724
232.8037
231.1032
214.6249
254.6358
242.1890
252.1513
198.0988
210.4448
229.9497
227.4345
231.1355
191.0960
232.0455
220.8863
227.9794
258.2848
258.3217
251.8014
214.0726
228.2957
220.5868
232.6217
220.9813
224.0423
203.9161
213.1832
190.1311
236.9170
223.5815
217.6078
203.2248
193.3833
201.2535
211.4555
234.8347
219.6179
188.1788
232.9078
226.9723
238.9341
194.5491
253.6959
261.0829
209.2432
234.2646
210.4300
184.8188
200.0238
202.7525
198.1645
261.4296
218.4678
211.0702
225.1062
198.5684
227.2980
235.4895
201.2937
207.7486
218.6371
217.6501
206.9799
237.4003
228.8607
222.4707
194.8680
220.1795
197.7866
198.4413
214.5699
190.2282
227.6053
230.9838
227.0597
228.9071
225.5138
236.0575
220.7457
259.6976
234.6940
232.8708
235.9590
207.1328
223.2750
211.8805
239.7721
233.5029
221.6654
244.6502
264.8158
214.1518
194.1482
183.4257
205.9503
217.1311
238.7605
254.7377
220.8840
206.6021
221.6796
234.2637
220.9918
230.7632
201.4355
202.1285
223.6344
189.6588
193.3783
203.5112
189.1108
248.7608
230.5676
258.3468
223.4353
219.7200
225.8467
231.4631
208.8177
187.9463
246.5942
219.5602
239.2163
240.0759
239.3658
235.8013
230.0764
236.9786
196.1352
188.0422
201.5915
204.6270
201.2956
209.1195
212.6831
217.5900
220.8801
201.6324
233.5636
230.5482
201.4836
222.6359
233.5357
263.3707
204.5111
232.1343
235.9566
253.6658
261.7954
269.6855
207.3064
187.8922
258.3507
194.7483
256.7001
236.9980
249.1944
244.0724
201.1221
198.4256
248.1538
197.7110
242.0667
253.4923
244.0304
196.9872
199.3294
248.5832
205.1033
240.9060
235.0948
209.9104
185.6165
233.5681
215.8699
199.5228
206.2018
200.2186
208.0057
202.0661
230.2176
217.3972
212.1645
192.5707
254.8113
221.7221
204.0133
233.0273
220.7405
261.1978
211.1355
217.6871
219.6780
224.5895
223.5595
219.7401
226.5910
228.5482
245.1498
185.1141
241.9223
265.2199
238.5456
244.6261
219.3541
267.8607
257.3388
217.9591
222.8357
186.3620
240.5023
207.3820
231.6021
254.3383
238.8648
256.7021
230.9505
233.9447
195.7837
207.9014
263.8670
262.1802
186.4290
230.7150
248.8304
259.6722
264.4491
202.4771
220.1231
197.3326
246.6463
226.9989
268.0994
192.9381
234.2069
228.9880
212.9301
212.8787
228.1375
257.1313
248.2483
229.9184
229.4614
204.6179
231.3706
247.7853
246.0450
214.8043
234.7413
206.6184
212.5022
253.1316
224.7116
183.9038
248.1437
248.7581
216.3050
226.4978
230.4001
217.7774
236.8419
247.5590
227.5795
224.3981
248.6437
249.6320
245.5850
250.8771
253.1325
206.3852
212.6799
255.1684
197.5460
189.9780
203.2764
260.6112
239.4285
230.5287
211.1123
226.6908
261.7295
234.8352
232.4958
223.6742
197.1503
247.7603
260.2687
223.7142
205.7628
225.7602
241.1770
241.9433
216.6341
215.1266
240.0588
204.5149
236.6138
226.3068
251.0935
238.1481
233.2025
236.7107
249.3486
211.6839
210.7029
237.4140
197.2733
250.6275
197.8777
208.2660
216.3954
247.3852
204.6149
234.9997
267.3576
194.4944
256.8156
227.4015
208.6435
260.4753
226.6971
197.6429
200.1467
227.2255
232.2182
257.5012
238.3877
219.1598
232.2466
216.3281
237.3550
225.7274
216.5395
233.5354
224.4857
235.8642
243.4850
191.2098
192.2451
225.4049
190.3432
261.3037
199.4548
241.9538
234.0727
247.7320
231.0899
247.1475
218.5339
227.4639
243.1099
213.2880
207.2530
236.6674
256.4150
239.9708
258.5921
221.3188
210.9406
244.6954
205.4069
232.6556
226.3757
235.1135
220.3500
233.4716
204.9657
259.9961
257.8072
267.7972
223.0633
211.9434
243.2930
256.1027
194.8446
253.4824
237.9823
236.8836
231.4757
225.4210
198.9099
198.9496
196.7447
216.6764
229.5247
243.1398
211.0056
234.6733
208.9040
221.1529
245.8889
199.1733
249.0273
244.1395
209.4521
248.9077
206.1008
258.6005
250.0371
235.8957
243.0386
262.7182
218.4854
230.7641
228.5553
184.7206
214.4885
207.6967
236.0622
239.0684
236.2157
211.9553
217.6382
240.3136
233.2795
238.5195
211.4361
249.4554
223.0030
239.7565
218.8137
235.5424
226.3813
255.5931
256.3461
237.9602
244.0526
241.4138
200.8152
210.0206
246.4493
190.9700
183.2466
220.2196
193.3579
212.4777
244.2809
231.3652
227.6400
212.7177
198.2610
240.0276
218.1832
220.5415
240.4651
226.4459
256.9514
244.8168
248.7530
223.5585
223.5802
235.2748
230.2362
259.5117
226.2653
183.5334
205.5279
242.9158
250.4868
213.0853
243.7181
239.7956
237.1062
256.6955
217.7964
196.4270
214.4819
199.9415
242.9006
262.3352
258.5442
242.0423
209.9570
196.3167
260.0102
240.8913
242.5000
215.2303
233.0203
196.1552
260.3888
227.7362
238.8976
201.0562
235.2526
242.5495
249.5695
196.3242
195.6036
233.4751
249.2862
205.4023
262.7405
252.4801
213.7712
193.2602
210.8629
244.6133
239.8713
232.8340
220.2373
191.0550
237.3228
229.1124
233.4856
205.4838
210.5290
220.1561
257.1949
225.7761
262.6614
259.6863
212.7391
250.4593
243.4267
213.8736
226.5451
236.1696
262.0929
232.3115
259.7760
219.1611
238.9476
225.3912
251.8117
190.5414
183.3144
256.6034
207.6109
255.3013
206.3992
241.4831
259.9063
205.0708
198.8940
190.6220
243.9155
217.7158
256.4977
195.4722
217.9705
228.6461
193.7223
189.4837
222.8766
188.0826
206.5969
220.0260
206.3434
219.1511
230.3451
249.3674
221.0195
244.6882
264.1249
240.0940
228.6218
219.7011
230.3510
231.2239
264.5822
260.1293
204.2930
184.3940
256.5027
226.8090
232.8953
227.2675
263.9013
184.3089
232.6343
259.2727
249.5503
198.5451
207.1068
236.4846
262.9901
240.7469
195.6458
204.7333
227.0690
212.6262
249.5734
267.4330
234.5533
239.9604
219.4279
209.2824
212.1033
182.0867
213.0581
248.9336
263.1302
180.4531
209.8746
254.5038
219.9239
181.0952
223.3399
200.4314
191.2360
209.2424
249.4879
198.6585
202.0005
254.2432
223.5680
231.2264
227.6793
256.7937
230.7782
237.6298
241.9070
225.1727
204.9135
214.4828
226.3552
225.5583
186.2898
219.6245
251.5264
193.3222
262.4995
200.5825
246.3207
237.8527
262.9525
224.8268
215.6228
216.1527
196.4785
200.0115
256.0984
235.7461
218.0340
211.4506
263.0505
234.9634
237.4662
229.6300
265.8656
227.8148
207.0560
208.0139
219.3889
197.6078
264.8688
214.4535
181.7902
198.9013
264.4371
215.7687
264.8006
230.0562
237.8220
243.5358
199.4729
263.9803
252.1010
211.4647
238.7649
247.1310
205.2335
197.6376
197.9815
246.6172
267.5272
218.5713
264.8823
234.0768
239.1117
190.6008
240.3528
261.0170
223.9206
254.8436
229.0143
236.5141
259.6476
215.5734
247.1912
215.3211
243.6255
242.8756
200.4621
261.9212
237.9056
198.7996
257.6237
237.4258
226.8928
209.1699
180.0003
248.2970
204.4047
268.8936
217.5731
228.7423
185.9750
253.0278
232.2612
264.7355
237.1759
221.9497
230.1605
200.6626
231.2624
237.1818
231.2946
221.9870
206.2377
191.1165
204.7052
233.1118
242.7688
262.6381
217.4425
227.0720
197.0809
246.0349
199.4631
213.8127
258.5444
228.3119
210.6956
215.9374
218.6403
213.6929
253.4208
241.8714
235.9564
224.7350
215.1137
233.3482
248.5664
236.1794
202.7915
217.2405
270.0000
218.0599
237.2039
238.8033
240.0482
229.3221
220.8826
218.8561
214.5998
198.0486
214.5704
247.9396
203.0882
225.5204
232.5303
237.9235
215.2377
232.8994
242.2684
208.0085
242.0896
231.1181
228.5132
202.4585
213.4702
244.1768
243.0698
213.6894
197.2062
217.8726
213.9996
237.4682
233.5235
244.5964
235.0553
236.4735
262.0552
234.5170
192.6884
197.2644
216.1848
202.0623
222.8492
250.3046
236.6446
250.8821
247.2485
208.4021
196.3090
244.6143
234.0053
241.1203
209.5716
248.0507
237.5049
242.5748
254.0616
230.1033
224.3092
238.0109
180.0904
240.1866
209.7866
240.9422
220.8179
233.0961
228.8843
220.1185
234.3575
241.4848
227.4159
253.0241
237.6650
222.7166
234.8762
245.2598
209.0618
237.3765
242.2263
234.5607
246.5532
254.2672
249.6493
193.0941
207.1859
255.3570
199.6789
259.1761
226.7654
241.2071
236.5628
251.5484
195.4679
254.4898
209.8147
248.0251
223.7305
200.2728
247.6015
225.9765
238.3894
250.7816
249.1322
206.8341
188.3282
235.2455
212.6953
228.8987
233.9194
185.0936
244.9714
252.2858
224.2689
208.7920
234.7577
181.8890
257.1184
243.1051
205.0444
231.0666
228.9994
234.3403
217.8740
203.1281
220.0007
194.5773
199.1993
188.2289
194.5231
196.9387
201.2100
208.1711
201.3542
192.3508
224.2446
200.1831
226.3998
232.5245
220.4669
243.5084
219.2463
217.9522
231.3211
252.6525
225.9485
208.2516
239.6210
233.3240
191.5202
225.4439
219.2051
221.7784
230.4123
235.3458
189.2310
193.6419
216.8251
198.1342
190.2680
234.6544
229.7759
226.9226
230.7091
232.2117
235.3096
212.8454
213.2464
221.6664
222.5924
223.9631
226.8290
186.0998
201.9634
226.4800
229.9363
212.1030
212.7894
212.6829
217.8647
232.3641
234.0208
203.9351
222.4245
224.5385
230.0143
254.4977
251.8791
223.4929
225.3292
228.1949
227.9874
230.7212
210.6991
205.0303
235.7881
215.2936
197.5215
210.0138
215.3610
230.4299
230.7473
226.4722
209.9973
191.9090
229.4885
247.0415
238.7262
240.9853
220.5541
218.3962
223.3448
211.0888
235.3840
239.9858
223.9655
217.1502
247.2899
244.2324
215.0812
213.1198
198.4789
190.5326
193.4417
194.6803
197.0108
234.5306
239.8538
224.3140
245.2219
244.2190
238.8882
188.5317
190.0593
231.3282
233.3602
226.2230
230.3724
201.7842
233.6848
239.4135
238.9795
217.8502
255.1142
220.7595
232.1972
222.2215
230.6262
216.6582
253.2552
202.0889
202.2877
218.0276
234.6807
215.6308
216.3862
191.9272
193.2285
238.9579
247.6856
223.7032
214.6659
239.9147
212.7886
220.6673
258.0202
222.1515
224.7030
211.6615
216.7080
214.0613
200.0837
209.8003
211.4180
251.2783
252.5157
243.6974
246.8123
220.4282
212.0354
251.2173
255.7066
257.0852
230.3057
221.0172
226.0475
245.5646
238.8248
219.9953
241.6774
247.6067
239.2075
204.1888
226.7723
222.5113
221.8130
219.4096
225.6382
241.7274
200.4289
200.0036
223.0375
215.8238
251.0470
217.0123
216.5128
267.2552
230.1982
197.7982
215.4901
212.4455
239.5547
219.9633
233.6424
219.9546
217.2872
195.0906
201.1515
189.4713
216.6580
253.6655
244.9074
240.7553
246.0251
245.5490
256.4901
195.0269
200.4115
204.1204
211.7450
227.7306
220.9356
217.8647
225.7426
199.4904
200.2174
204.9961
200.7361
223.3583
226.5387
248.8768
222.6789
218.3727
218.4896
239.9340
212.7165
200.5226
219.8198
218.2066
236.8153
236.6563
235.0248
191.4544
199.1388
217.2168
241.6447
195.4480
217.8593
235.6059
211.3197
192.9119
221.5751
237.5359
219.1422
247.2918
229.4906
241.5410
251.2383
245.5426
245.7722
221.4710
228.1371
222.7208
227.7231
239.4807
219.1953
217.2269
228.8046
223.5354
223.1302
188.9088
251.0393
248.8086
236.5935
248.1070
228.1208
231.4780
217.8034
224.9885
231.3546
233.8319
242.2892
246.6681
221.1804
249.0151
227.3834
211.1001
252.9746
257.0906
225.8421
239.4502
243.4112
229.5298
248.7117
223.0959
246.5162
258.2011
256.3255
255.4924
254.1754
191.1737
188.4204
250.5924
229.8227
208.6553
212.9289
196.7450
212.3026
205.8537
208.9955
238.2506
240.1253
243.9504
249.0128
249.0289
246.8884
240.0437
222.4993
228.8003
211.4398
200.8135
245.6055
246.6593
210.2562
218.9488
225.5286
193.7693
196.3730
241.7583
235.4481
243.5714
234.8255
241.2532
257.5722
236.8187
223.5748
245.5662
216.8035
239.3092
233.6668
204.6856
196.1021
238.2615
214.9115
243.4164
232.5310
253.4581
252.9685
244.8654
238.0319
242.4938
235.5706
236.4246
224.8211
233.5483
246.6566
248.6492
227.2862
218.6619
238.3611
231.8733
220.7677
212.0255
232.2722
226.4932
196.8605
198.8657
245.7749
239.2212
232.1408
255.0410
253.4997
218.0982
242.0014
221.6385
250.1692
239.5860
192.8091
198.6655
221.9093
223.8210
241.2842
221.9584
235.2330
239.4901
248.7903
205.1370
184.1151
214.3637
265.9367
221.7493
237.4239
234.2726
201.9866
236.0392
231.3518
218.3419
238.7064
194.6940
209.0352
233.1949
219.9428
238.0289
200.1730
214.6541
214.0126
219.2982
246.7890
238.6188
228.3811
232.9719
252.2367
226.2271
186.2058
211.1877
218.0427
255.7594
216.9124
205.8260
190.5329
224.3897
215.2483
216.9181
233.1684
223.3112
262.0839
240.2710
227.4079
220.8746
205.7905
211.4669
212.6003
226.6064
199.7347
223.5869
241.7507
221.4605
258.9833
265.5905
238.1370
203.6857
248.0516
238.3926
245.1714
251.4138
229.0539
230.4315
231.2611
255.9825
203.3949
224.2922
235.2264
269.7744
231.1044
216.1057
215.4963
240.1353
228.4011
230.7444
213.3904
203.5038
204.9824
223.3410
217.2782
217.1669
199.2445
194.0786
229.1856
229.0801
230.5074
196.3038
245.9119
239.4493
226.9054
203.3351
226.0164
189.9509
212.8732
241.8167
248.3979
186.4767
215.8142
220.0154
250.0152
215.2516
215.9298
210.6070
203.2008
220.5765
242.1667
219.2860
226.4945
203.7204
233.7288
211.6658
205.7893
268.8959
201.5516
196.9899
230.1551
219.5537
187.0400
197.2388
212.1511
229.5054
225.6465
222.3616
241.7721
249.4528
236.4531
239.3693
197.3292
256.8701
248.5633
213.2672
226.5535
235.1825
236.4977
239.9134
237.0965
211.7624
218.3824
230.4242
207.1041
196.1426
191.0240
259.7053
258.0535
225.5381
227.0727
209.3994
261.7792
204.7414
207.1755
197.7915
215.4585
231.8933
208.9632
245.5071
209.9474
214.2604
215.7145
204.4342
246.3979
193.3456
221.8685
193.7306
227.7785
209.8712
228.5104
203.6141
190.1967
205.0184
246.8569
234.4035
207.1748
222.0612
244.2552
232.9041
219.8464
230.3356
229.3146
232.9917
234.4752
212.2620
233.0564
221.8249
218.1436
220.5789
232.2318
194.3956
195.9083
236.7573
241.6964
229.4290
224.9420
212.5054
221.6743
195.3522
194.4974
207.7501
202.7257
241.1304
238.7383
208.5057
209.6828
232.7044
225.1095
211.9932
216.3036
210.5461
209.3305
248.0872
249.7523
199.4835
232.3941
236.7572
249.4610
251.1532
213.3609
220.5567
216.6062
231.1278
230.9332
237.2110
237.6950
213.4790
237.6207
205.3360
203.9832
230.6720
193.3684
203.3875
199.3673
224.0305
205.7177
216.8884
207.1793
215.5923
208.1630
203.2298
195.8780
193.4698
210.8720
218.7680
215.0183
209.0102
211.3749
228.1580
265.5239
232.0796
248.1039
226.9880
260.4307
194.6550
192.2412
230.5813
207.9085
235.4862
237.5718
265.7236
254.1245
228.8275
226.5280
239.2086
236.2158
202.5267
207.2798
231.4196
234.9631
223.6277
237.4395
229.7798
242.9391
261.4192
261.1604
231.5475
241.9360
243.6183
257.4129
258.1386
257.9718
246.7319
212.9115
216.2626
245.3588
246.2185
202.3286
230.5941
209.5067
204.6140
234.2708
233.9569
244.7563
243.7021
249.6002
250.3470
226.0844
210.3938
244.0226
212.9094
245.4339
246.8275
224.6684
220.3414
246.1273
215.5935
224.1750
248.2520
246.5966
221.5058
200.9015
214.5272
251.5736
243.5083
228.8572
258.0780
253.5303
214.8025
219.4678
237.9515
248.1738
226.0020
225.5780
232.4251
239.7392
212.4319
230.9521
224.6962
261.9682
250.3105
239.2327
237.3229
243.2010
219.8078
222.3350
238.0031
207.9625
250.4103
259.0483
215.8668
192.2458
223.7940
229.3925
239.2031
264.8250
255.7097
224.7763
228.3517
232.4202
250.5636
229.2433
221.7206
209.8785
234.6502
208.2965
226.8795
209.4246
194.0414
214.3551
216.8764
190.2866
214.9701
203.1115
231.0733
254.8888
253.9938
206.5941
194.9452
244.1753
234.8602
246.0310
248.1941
247.6400
191.9693
213.0688
205.8097
259.4268
244.3209
209.5990
254.3842
221.9821
260.4642
220.7247
203.4705
232.5996
217.7738
229.0766
216.1895
244.7914
217.9652
205.3929
234.2858
242.5253
235.3501
201.9936
226.5203
241.4231
201.4845
216.6504
200.9590
221.0632
249.9793
236.1620
231.2134
237.9814
212.8459
249.9217
222.0581
215.4836
207.8500
196.4809
218.3605
246.8345
239.5818
208.5846
243.8538
197.3800
228.3143
232.1967
205.9152
253.3943
194.4805
207.2462
240.1664
235.3524
256.2443
209.8820
