225.5649
258.9868
223.9596
211.0847
180.0175
249.0422
183.2586
183.2508
253.6181
195.0499
235.4997
255.6314
199.3958
257.6894
228.0564
236.4687
192.2032
232.4298
180.0076
219.1579
217.5009
225.6934
199.4663
213.3529
260.6456
225.5712
205.6528
269.7998
247.7253
209.8914
227.4299
215.6152
237.9788
228.9407
191.5988
227.8027
226.9432
230.3462
186.9638
239.9816
248.0624
210.8687
263.6975
254.9152
247.2596
244.7486
244.1489
250.5487
263.8929
214.9639
190.4026
219.9396
187.8580
212.4806
269.6387
207.4955
225.8288
202.7671
223.1440
239.6958
228.4488
219.5892
208.2790
202.1146
192.1510
234.1685
201.1151
230.9680
215.7732
189.0202
235.1563
228.1292
265.7611
260.9230
252.8885
247.2223
187.1367
222.0727
208.5112
224.5281
210.0707
204.9700
194.2010
231.4900
235.4282
219.4219
186.6499
224.3290
220.2489
209.2928
204.3653
206.8559
202.6701
200.6569
228.7632
218.2719
234.0344
252.1376
250.0243
205.6919
206.0797
229.6931
213.9494
229.1928
225.2343
222.8108
207.4086
205.4494
248.8882
240.3301
213.9925
211.1773
226.0126
231.5566
235.5091
230.3626
218.4252
213.0712
237.8493
247.5102
214.3030
230.3190
205.8249
199.9332
195.4966
204.7007
193.5811
196.6179
233.0159
232.9680
221.6780
216.1769
248.6767
235.7642
240.7832
235.9171
235.6256
224.1534
234.2870
198.9152
258.2524
264.1273
238.7412
239.7062
205.6951
198.6386
194.4256
203.0470
233.6835
233.7791
215.2103
245.4173
237.3725
230.3425
216.4790
221.2544
222.1699
224.2177
238.6953
230.0006
230.0872
251.7411
219.4191
222.9282
234.8294
193.6241
199.6547
226.3164
239.9471
217.6347
209.1529
209.6457
215.3497
211.4540
227.0396
230.2633
267.4766
236.2385
232.3220
239.8184
212.5650
196.7122
198.3208
249.5198
250.5759
192.8108
192.8991
237.1259
220.1932
230.1080
188.1063
218.2718
220.7490
215.8488
217.1197
222.8271
190.2197
195.0660
248.5904
255.0065
205.3479
233.4566
248.2428
220.4755
222.8109
223.9687
220.7585
201.3560
227.1297
225.3277
244.5978
260.3645
188.1070
228.5997
223.5898
247.2301
237.5246
255.0665
231.9585
243.0574
217.7153
241.0362
231.9640
197.6534
223.3638
235.9113
258.3318
195.5316
238.4886
240.5019
258.4389
261.3638
241.0682
189.3887
207.7642
253.6136
239.2866
210.6782
250.3614
214.1120
238.2456
209.0163
261.9064
236.9907
229.3828
247.0400
243.2217
198.4584
257.4015
255.0689
238.6090
208.1026
247.1546
247.0772
203.7287
240.9830
201.8263
215.0896
226.1242
245.3555
250.4583
228.0559
222.4338
246.3741
196.5266
215.4734
220.2381
233.7615
238.0389
226.0652
238.1125
224.6482
227.9503
246.8812
228.2354
231.6273
208.5098
207.7665
229.6606
236.9487
248.1204
252.2800
242.9401
234.5871
253.6071
231.9562
233.4767
232.6782
226.9555
237.1689
261.5774
220.7555
240.0572
226.0079
187.2365
210.0641
241.8955
225.0468
256.2377
190.1633
182.9649
222.7980
225.6631
203.1281
244.3548
263.6580
227.3972
203.4663
195.5631
192.3541
212.7926
254.8472
213.6811
221.6051
252.1456
251.3255
239.4291
253.2204
210.6126
209.6849
239.5663
233.2315
236.2185
228.8333
196.1664
191.6524
232.1420
232.9258
233.4136
221.0344
226.1280
232.0733
244.1823
246.9169
239.2213
236.6405
227.7022
231.0266
209.9494
205.1732
239.0234
219.8360
194.3839
184.3877
224.6963
227.0746
202.7403
191.5216
188.0912
190.3228
263.0486
258.1632
212.3624
224.2856
228.0972
237.6582
229.5139
230.9983
234.1072
195.1973
191.6483
202.9948
208.8729
221.0538
226.1678
209.2793
229.4354
229.9068
218.1033
242.0256
231.2450
207.0729
202.9349
217.8579
217.6692
193.6298
196.5517
235.8347
227.4239
197.0075
190.2019
248.3509
246.3249
209.3829
220.4152
219.6115
236.6477
224.0013
188.9949
214.0923
227.5639
207.4163
210.2304
199.1636
201.8437
237.6270
257.3980
239.1256
245.1998
205.7618
219.9085
210.9511
217.0177
225.2579
207.6307
197.8738
199.9312
242.2610
230.1472
238.6251
188.9243
206.7196
220.4612
191.3187
205.9683
190.9741
207.3396
212.5077
213.9221
203.5329
197.7054
217.6900
193.5563
202.6055
208.7809
196.5906
224.4001
212.2761
238.2309
237.9364
194.8280
199.1538
238.9066
242.0372
229.4879
236.0583
190.7352
198.1473
194.6614
201.7534
238.1969
242.1672
199.8538
180.0874
225.9750
226.7057
227.4551
245.7016
228.1686
191.7246
200.5795
225.0861
199.2823
204.6025
186.8863
231.6701
239.7419
228.5760
223.2282
262.0000
224.1460
222.8262
238.1378
232.3625
252.9540
250.0148
250.5649
246.0169
215.1976
262.7304
259.0437
218.6102
224.1676
201.4754
202.8922
223.6494
224.9423
229.0356
229.0386
189.3676
208.6353
224.7528
218.8081
236.3546
233.7383
241.7666
236.2927
216.6025
216.1448
217.5203
222.9193
246.3700
243.1338
201.7207
195.2250
228.3620
230.1213
222.2251
218.2983
216.4899
212.2283
248.9827
249.8469
201.4600
214.5869
246.7733
243.6627
222.8155
216.4963
219.6128
229.8575
208.3500
213.9140
222.9546
236.9479
235.5361
229.0264
222.0196
217.3649
242.9751
208.0141
223.7588
210.3959
214.1252
223.7180
213.6419
210.0860
215.9165
193.2977
194.0707
231.2647
214.6913
206.5430
210.9655
241.7891
241.1246
215.1107
203.7635
218.3562
227.0794
230.1486
244.1310
205.8230
230.4229
235.6255
237.0959
252.9217
253.9694
216.9533
250.1283
254.9125
227.1898
235.8423
206.3513
208.2944
193.2912
196.2646
226.8678
230.8118
206.6033
227.7088
245.0706
243.3023
232.6921
215.4092
236.2264
203.3824
256.2031
209.6248
238.1911
214.9391
235.6287
247.3445
228.8498
248.5893
259.0718
237.0860
234.6080
234.2660
267.9588
203.2745
231.2406
244.5409
218.5931
225.9400
195.4681
226.5788
247.2968
238.8798
250.9481
223.7897
239.1766
215.7712
188.1230
230.2414
237.8038
260.8540
236.3111
213.5964
240.0237
257.3143
201.0435
230.5017
233.3488
240.6121
236.2570
216.6285
219.8114
219.6219
233.0921
244.9703
241.8583
231.7568
227.1566
223.3613
232.0734
186.7923
199.0031
226.4749
227.4653
203.1832
200.8605
239.4972
238.2993
222.7040
226.5433
202.3744
225.9826
247.3336
241.9607
233.0392
230.3991
185.4500
236.9768
254.4397
232.7051
246.3238
239.0073
232.0114
238.7498
243.5775
231.0854
208.0118
232.7399
192.9870
209.1096
251.0502
241.3085
233.8903
239.7387
234.7866
242.1646
228.7936
247.3955
209.1705
236.5394
260.6547
248.5848
211.8310
254.0071
248.8550
230.5008
215.1818
205.4287
222.5438
257.9391
257.4399
211.5316
211.6018
212.2140
207.8090
228.8852
225.2524
241.2321
237.6427
205.1795
233.5416
238.3377
228.4027
227.5356
225.0246
222.6130
212.4123
240.1437
199.1459
234.7574
243.2359
216.2886
225.7961
204.3027
209.8623
221.4549
223.9276
239.5113
242.7080
260.1126
192.2196
235.0952
239.9360
206.8172
243.3606
202.2560
216.7768
211.0590
215.1601
236.7320
183.2327
232.0790
221.9442
198.8363
195.0951
229.7036
221.7940
251.1737
249.8876
240.6910
237.6174
259.3951
244.1186
237.7437
219.0578
245.3001
192.8887
207.8891
234.5702
213.4270
221.3194
232.0074
234.2218
229.9337
239.2649
235.4898
251.4568
202.2133
260.2224
248.5794
194.2416
226.6883
253.5962
254.8068
237.6220
249.9454
228.9837
249.4702
249.9679
233.9672
234.7861
246.0587
246.8252
249.1827
208.9992
217.5103
199.0491
192.9473
220.7235
205.0074
232.0290
245.1159
225.1098
228.3134
228.9903
193.6378
265.9453
220.6422
233.4802
238.1158
215.3160
219.0343
211.2473
197.8308
209.2267
197.9463
208.8137
215.6703
222.4999
261.4048
252.3622
215.5449
265.1713
232.6480
221.4921
241.7525
195.1559
204.1504
230.1534
222.0416
205.1032
205.2285
244.8189
250.8899
215.8679
215.6935
238.6206
248.2305
250.0761
203.9920
264.4820
249.6458
223.8081
196.3090
199.7569
235.3805
236.4758
259.9635
252.9258
235.6013
234.5286
215.5691
246.4010
241.8478
195.3058
191.6845
245.3660
246.2174
214.1775
220.2672
212.1926
214.0564
231.6992
242.9259
249.8670
243.8215
240.0406
216.8144
238.9764
216.9285
198.0821
226.5560
226.2376
229.5018
240.1513
228.0369
244.6427
238.7315
205.4563
210.2795
255.0893
253.0886
222.7790
227.5812
232.7101
227.6223
221.1289
212.4294
210.1805
211.1825
200.0940
203.9008
229.3668
241.0990
257.3448
256.2535
225.1089
243.2706
242.3471
255.8432
244.5624
229.9138
242.1088
237.4382
236.6069
220.4865
232.7987
236.5066
236.5569
231.7792
227.8838
228.7133
237.6657
245.2433
236.5912
222.8107
241.0646
214.2387
231.6329
244.9136
249.8269
226.8943
201.3391
199.6386
246.2698
246.9796
210.6544
215.0423
226.7649
231.8378
247.0899
250.7959
244.8196
243.9081
246.6579
205.8570
226.4752
249.0436
194.1785
193.5280
231.7041
231.9137
214.1287
223.8149
241.6606
242.6305
203.0953
254.5155
257.2498
200.5716
256.3337
238.1612
240.6453
247.4439
249.1919
202.8145
191.5032
199.8920
231.4019
238.6179
203.6043
211.6427
244.6603
227.4322
199.3531
197.3591
206.2103
242.5362
230.2158
237.9377
233.9612
250.9209
261.1685
251.5291
221.4047
227.8178
239.2090
237.6660
243.3922
234.6303
241.2641
233.9183
223.7778
236.8021
232.4346
228.8971
240.0501
214.8617
215.6248
248.3019
248.3922
206.3211
204.5968
245.1416
252.5507
240.5023
236.2023
257.6697
252.6713
245.9784
257.4273
222.4016
245.6325
233.1434
205.4955
251.2572
234.2258
232.6471
246.2808
234.5693
230.7527
237.5163
210.0727
216.4984
230.2832
269.7940
207.8230
211.9871
205.7741
209.8834
252.9221
245.7326
200.6864
198.7980
251.7316
237.3090
205.3758
209.4574
215.3452
212.6223
215.5165
205.2304
203.8503
198.3319
215.9836
206.0529
257.6776
256.8669
236.9645
216.3586
228.5097
207.6826
213.0617
193.3575
189.6663
226.8511
202.5372
244.5717
239.6852
213.5449
226.2439
208.7676
217.3485
217.9281
204.7503
197.4368
199.3559
196.6884
220.1014
210.4331
221.1123
249.9259
207.6271
203.9534
218.4351
213.0612
227.0169
219.2284
240.8682
245.9344
251.8750
237.2424
202.6860
219.9609
210.8833
215.8296
207.9758
205.8223
256.8185
237.0910
243.4487
230.1702
225.4967
216.6400
215.2568
206.4348
189.4301
199.4116
250.6254
251.1469
244.1038
221.9157
186.9638
215.3669
239.6205
222.3238
217.3957
238.1008
235.2386
242.9581
233.0283
206.7545
208.6023
238.9004
243.0411
195.0732
259.8216
196.6678
226.7868
200.5256
214.8644
206.5137
209.2328
206.1303
211.4302
202.4530
206.0147
209.7594
198.9539
254.9587
262.5100
243.2012
236.7343
201.9495
203.9865
218.8459
191.0876
241.9837
265.3813
209.9527
211.6710
224.3715
225.3598
216.3423
232.4919
196.1395
192.6789
252.8050
238.6579
240.0543
222.3631
194.7353
198.5307
223.5374
203.8699
206.9607
212.9774
257.4725
211.7561
250.1775
235.2321
217.6851
244.0786
242.5688
193.6600
193.5147
201.2278
239.6363
196.7957
191.1699
241.0654
240.3814
256.0994
242.7108
200.0938
245.3973
193.1435
203.6860
192.2649
235.1535
221.9471
224.7249
203.6729
197.0951
232.4426
224.6961
254.7020
251.0581
230.4048
240.7551
233.3079
237.4729
213.8348
214.6666
198.6740
218.7155
238.2049
211.7412
195.7365
195.3134
187.7611
188.3689
204.8880
219.4224
214.0760
224.4062
214.6382
227.3798
223.2623
224.9685
203.3237
223.6313
249.5528
246.2006
263.7290
253.9369
219.0144
243.9960
201.1192
205.0334
197.5729
198.7033
212.0616
219.5498
250.7792
261.0802
229.6758
222.9954
245.4569
214.1160
227.7657
227.0967
253.4602
221.5724
198.6534
191.5648
189.3332
206.7518
225.9541
199.1247
232.8630
233.7620
237.5824
248.8437
197.7357
192.4201
217.1551
256.1834
247.4523
188.7813
205.8160
204.7784
201.8010
223.9700
220.8406
210.9360
222.1697
200.4568
200.3751
194.3146
197.7481
210.1525
231.3465
191.0084
197.3809
222.2501
202.9529
198.4068
242.7849
218.2697
191.7786
246.7262
254.7896
251.7263
217.2407
216.1202
201.2993
207.2130
205.5439
188.9325
215.4555
199.9412
219.2430
250.8636
225.7756
199.4064
230.4742
226.3846
196.6747
221.5453
231.1224
259.7058
218.7716
218.9987
223.0042
247.4282
245.9915
219.6510
199.7795
233.0010
243.2446
229.0581
252.8066
185.9297
194.1805
206.0897
211.3888
210.3330
234.3754
213.9626
236.3956
216.5277
257.3433
192.1757
214.1355
228.7190
203.7432
216.8377
240.4958
233.5903
232.9807
238.2604
251.6463
236.2945
245.8063
213.9980
225.8664
216.9621
216.0916
227.8004
223.9661
240.8311
266.4911
202.0026
180.0159
251.6305
250.7727
238.9643
257.0301
263.1100
202.6964
206.9924
238.2480
203.5613
231.0378
254.8790
209.3520
239.8720
200.1078
258.4364
193.7506
224.3638
218.8365
229.3193
240.5120
243.5996
238.4581
255.6000
197.9086
180.0016
268.8308
200.2260
199.8301
221.6095
203.8425
255.0982
195.1916
196.6936
230.8046
231.3025
269.9757
210.8733
206.3744
187.3797
217.1185
205.3245
206.2657
240.3295
262.4395
242.1456
240.9714
232.5711
187.1289
229.7035
223.8810
221.4104
235.9159
221.5514
221.9997
222.4393
237.1515
237.0443
244.8588
243.0799
209.6065
214.0634
237.3738
248.2167
244.4720
201.9814
205.3977
234.6672
234.0998
229.8835
214.1451
194.6917
219.7005
207.6599
190.9477
195.1822
259.9027
267.3309
252.8580
244.4569
194.5314
217.0711
222.3128
221.4102
223.2910
218.3542
221.9314
232.3990
233.7226
203.6435
231.7393
236.9728
225.8335
235.5430
235.4558
246.1576
244.2209
261.6340
258.7410
208.2877
209.3250
231.9957
232.9801
234.0797
250.2715
247.6930
192.9259
214.4554
222.2325
215.2823
236.0453
232.3804
219.8052
224.2636
218.6332
214.6250
210.9876
208.8383
256.7714
249.7779
211.4002
215.1255
234.1274
222.2396
215.5249
257.0218
266.2138
216.5827
212.0558
214.7627
221.9330
202.2049
196.2937
256.1433
210.8871
266.4540
195.3226
191.8962
236.8141
225.1007
223.5626
208.0206
202.0955
215.5003
212.5242
212.0083
212.0335
212.1289
234.6134
241.8935
206.1006
219.0634
223.1841
213.4082
241.0543
210.1958
209.7403
209.2295
215.2423
213.6542
218.1531
222.4437
229.6415
243.3311
245.8249
239.1299
240.3782
245.4206
242.3399
228.2415
200.8975
190.7239
219.0031
225.9576
229.3284
211.6031
226.0268
241.3812
242.9203
242.6831
219.6711
256.0468
247.7962
241.5700
229.7928
254.8656
233.3634
211.2443
205.6783
183.9129
226.0915
213.5413
205.9193
193.1826
205.7102
246.4149
242.2572
224.4388
233.9977
233.6078
233.5838
251.4314
236.2034
237.2162
231.4581
230.2936
225.6224
224.9867
192.3667
194.7856
226.4147
224.1812
245.6099
244.7296
235.3306
232.0097
243.9456
216.7466
233.6687
267.8934
208.0342
247.5674
257.9936
223.0661
235.8180
223.4878
245.7570
210.7880
229.5154
268.8525
186.4173
240.9639
251.3113
234.5761
249.3761
228.4995
252.5533
230.1785
198.5479
243.2509
251.7105
249.2974
226.4813
232.4635
226.7979
230.7716
214.4502
243.2954
232.5519
196.4819
230.5398
200.3337
205.6063
209.1884
218.3011
228.3897
247.0200
222.0266
237.5359
237.0742
219.1234
220.3705
219.1243
209.8224
250.6283
238.4800
217.2924
209.1069
201.0969
219.5240
199.4944
180.0213
232.2885
211.4317
224.9188
201.6433
238.1500
213.9373
211.3794
247.6867
240.6055
205.2383
219.1832
239.2405
216.1151
205.0162
211.0509
247.3506
235.1786
203.5127
234.4188
235.0648
201.9068
192.3635
191.3609
222.7383
232.2704
253.5731
220.2942
226.0200
214.2095
224.8345
218.3807
241.9398
240.7865
248.6092
251.4362
228.8670
240.3320
192.1472
243.5460
247.4115
218.3861
223.1920
189.9258
195.4154
219.6483
212.7491
227.5160
205.5588
232.2216
223.4150
234.7174
213.4324
233.0889
251.7268
226.9984
234.3053
236.3370
230.4632
238.8612
246.6089
222.5579
195.5012
206.2498
218.8701
217.3044
248.0337
253.8972
196.8783
249.2432
242.4734
256.1306
247.3082
217.8768
208.7649
216.0777
243.4196
227.5500
242.7044
239.1702
254.3243
201.1567
221.7509
269.1412
217.5399
227.9687
203.8418
227.5235
238.7684
240.8005
254.1364
225.8224
219.4869
251.2354
248.6388
245.0912
242.4387
234.3394
214.8152
212.6624
231.6909
229.0171
220.0120
261.1078
242.6774
253.5751
198.2933
212.7259
228.9923
226.8290
229.6225
189.6400
230.5124
222.3840
226.3055
258.8057
257.1776
252.8131
214.7814
223.1804
226.8208
232.8475
222.1126
225.0664
206.6793
215.7339
190.9757
236.9918
221.0781
214.8834
204.3128
194.4775
203.2508
212.7411
230.0102
219.5467
188.8592
234.0516
228.6394
240.9765
194.2338
254.1165
261.1857
213.2670
234.3172
210.2978
184.6898
199.7961
202.9364
199.3279
260.7164
219.7512
211.6947
227.4659
198.1926
228.3665
233.5633
201.5792
208.1571
222.0548
222.6867
208.9480
234.6297
228.7586
222.0136
196.7500
222.3301
199.2084
198.0486
213.4860
191.4468
225.6080
228.1142
226.2719
226.8523
220.7987
236.8682
221.3088
258.6883
233.1159
230.5647
232.0213
206.5668
222.4517
211.2917
241.3961
233.4687
219.7476
246.4309
264.2406
214.5903
193.2380
183.7902
209.8681
217.9273
237.9550
256.1991
217.8550
206.4406
218.7982
232.8361
221.4257
231.1070
204.7911
203.4591
223.1805
190.8635
193.5024
201.8604
189.5859
250.3282
228.8807
258.0064
222.0977
219.6890
225.6176
232.2655
212.0136
188.5817
247.7463
220.2570
240.7398
241.5227
240.1082
233.4058
228.4306
233.8752
193.5193
189.1638
202.5174
204.8236
201.2684
207.8963
210.3137
215.0191
218.1437
194.4298
237.9096
232.1938
202.2022
218.8718
232.7351
262.7478
206.3969
231.1669
234.0720
253.4588
262.5418
269.7059
210.2377
188.9641
258.6610
194.7297
254.3425
233.4341
248.5955
241.2877
201.8652
198.2120
247.0013
200.6050
240.7492
251.8817
244.3759
198.0634
197.6782
248.6805
204.8918
239.8497
231.2764
207.3636
185.4228
233.5296
213.1381
197.9482
206.7687
199.6427
209.4953
202.8425
230.7489
214.4736
206.8258
193.5029
255.5146
223.3051
206.8373
233.3331
222.8006
260.6681
210.0997
216.5133
218.1178
223.9860
223.7467
219.7447
228.2362
227.9994
247.4082
186.0460
243.9753
264.4234
237.1211
243.9887
212.7977
267.9385
257.8257
215.7538
221.2449
186.2980
238.5116
206.1740
231.3487
252.1373
239.8120
257.2743
229.1609
233.0712
195.4860
208.1592
263.6189
261.6561
186.2313
228.2276
248.8684
258.4814
264.8094
202.8409
217.6637
195.4650
243.3289
227.2442
267.8922
192.9590
236.6023
223.1149
211.5312
208.9367
227.7624
257.6198
247.5769
230.8016
232.2492
205.2736
238.2318
250.7852
242.3346
212.1478
230.4541
197.9738
214.4617
250.9857
227.1795
184.3259
245.4781
246.9953
212.0832
227.0914
231.7541
217.2519
236.8506
244.3755
225.8591
225.0911
249.5220
247.2218
243.7154
250.7370
254.8036
204.1748
208.8817
255.6135
196.5081
191.0237
203.4473
261.5340
238.6580
231.0453
209.1339
226.6544
262.2141
235.2798
236.3131
221.3067
197.6403
246.9054
260.2729
223.1716
207.1871
227.2751
241.4552
243.0018
218.8114
213.8141
244.5695
206.7327
235.4483
233.5257
248.6393
234.0833
230.4005
232.4648
247.5861
209.4053
210.1094
236.9559
192.8393
249.5853
199.5873
207.3537
218.0242
248.4851
199.4761
232.2047
267.5621
193.2854
262.9618
224.0732
209.5989
259.7208
222.7662
194.4816
198.2924
228.4649
228.0352
256.7670
238.5223
217.6016
230.6274
218.5663
237.2310
226.1488
217.0215
231.3736
230.6806
232.7129
240.8797
190.7204
189.5847
219.9981
189.9658
261.5497
201.7143
239.0665
231.1355
245.2447
230.5799
244.5742
220.0488
223.7204
247.6706
216.1852
208.5276
235.8841
257.1401
238.6602
259.2939
224.3124
213.2915
248.9164
205.0971
230.7172
226.3664
234.2805
220.4727
235.0849
194.1301
259.6331
258.1186
267.7110
224.7551
210.8633
247.4543
256.0240
193.3639
252.8044
235.8353
234.3706
232.6224
224.3535
196.7267
201.9889
194.8916
212.6938
226.7598
240.6000
203.4567
237.3337
209.4897
222.9139
249.0350
198.6336
248.9364
245.7650
210.1425
254.2010
208.2877
258.2406
251.7500
233.7228
244.4735
262.6908
214.6421
230.4842
226.8509
184.5887
214.8440
205.9728
237.7104
237.6507
234.3685
207.0200
221.9380
245.4102
227.3392
238.9327
207.4860
249.7843
221.0620
238.8986
217.7757
235.4661
231.2815
255.5646
255.0847
234.6053
245.0930
245.7595
201.9617
211.3496
247.6894
190.4311
183.7051
220.3883
190.6806
211.6449
243.4215
231.1459
226.5263
211.9201
195.6727
246.7535
216.0928
220.2097
237.8372
225.5987
256.1440
243.4821
250.3133
225.1021
217.3687
235.7508
231.9059
258.7943
226.8754
183.3374
196.9913
239.8267
247.2416
207.4967
244.2595
237.8700
232.6760
258.0831
209.4102
196.6202
213.6793
200.2930
244.4979
262.3833
260.0911
243.0980
205.5427
193.8456
262.6400
243.7714
242.8284
209.0243
230.8101
196.3586
260.6458
234.6158
239.7968
201.4226
234.2289
240.4066
247.9141
196.6129
197.1581
232.8630
249.4058
204.4909
262.2010
250.4243
211.2819
194.2506
213.4989
242.5476
245.7919
234.3577
221.4114
191.0188
238.3278
230.9112
228.2002
202.6955
209.4749
222.8423
256.0792
232.5538
262.6395
260.6251
211.3440
260.1166
241.9470
216.7456
228.5192
233.2311
260.8450
228.9712
258.5547
216.3482
237.5152
220.9011
252.2439
191.3432
183.6424
256.2207
207.0022
253.4727
199.5585
246.6546
260.1375
198.6183
197.9844
191.1129
247.9145
218.4735
257.5901
196.2134
220.5255
228.8886
195.8120
189.1336
217.7501
188.5823
201.2526
219.9113
205.9677
219.8722
229.8901
257.8394
216.5923
244.5136
263.4114
235.5590
232.8328
220.6499
230.4037
235.2769
263.7977
259.2870
204.8881
184.3655
257.1137
229.3913
231.3049
227.0913
265.7197
184.6356
231.5783
260.0848
251.5573
200.4548
209.4492
233.1456
265.0928
237.4872
192.6597
203.1147
229.1024
214.6476
252.8125
267.0357
238.3547
241.8640
217.2368
205.6670
214.3930
181.5389
207.4727
251.4691
262.3551
180.4880
210.4291
254.8030
218.7166
181.0179
221.9203
198.0023
192.4396
204.2138
245.9423
201.3085
202.5174
254.1936
220.1178
226.8703
234.9689
260.3229
229.3598
232.4546
238.9880
222.0114
208.2488
213.9129
228.8169
224.1879
184.4067
215.5657
251.0202
193.7915
261.3246
203.8303
246.7451
233.0090
263.3791
218.6871
210.3619
212.9125
195.5349
198.4685
255.3320
234.6066
217.2481
211.7002
264.0816
230.6716
234.8592
225.4310
265.4048
229.4768
210.5131
208.6959
223.4286
194.3507
266.1230
218.8857
181.8869
198.0292
264.0294
219.0989
264.3297
229.6670
235.9798
241.4036
201.2363
263.3311
250.0433
206.6418
237.3108
244.1089
204.1212
197.6739
187.7202
248.9094
267.5324
211.5779
264.6145
232.0669
236.4002
188.8174
240.3393
263.6633
220.7299
255.4308
223.4977
241.6236
260.7737
214.8349
246.3026
213.4413
239.0007
242.5880
204.0514
261.3122
244.1498
200.3115
258.3124
235.7241
228.0297
213.5253
180.0003
251.4742
205.4401
268.7685
218.7886
229.2245
185.5408
256.5559
230.9932
264.4971
239.0425
222.4774
230.8846
201.2350
233.9954
243.4260
227.6313
221.3744
210.2877
188.3980
205.5115
235.4970
238.8430
264.2136
218.0076
223.4042
197.6544
255.5128
201.6894
211.6316
258.5469
231.4641
206.9215
213.3086
214.1192
213.6964
256.2252
241.2690
240.5311
229.9894
211.9999
229.5361
251.0031
232.8328
204.1394
220.5731
270.0000
218.4952
237.1534
239.9396
242.3944
234.3489
223.9760
217.4918
211.7035
195.1024
217.4117
248.1658
202.8930
226.0578
228.5836
242.1217
213.5474
231.1674
242.7816
211.0909
249.5465
231.0869
221.8959
204.8024
218.4061
247.5368
245.9872
214.4964
196.3035
224.5858
213.5581
237.0702
228.4522
244.4563
233.4006
235.2169
261.5542
241.5385
192.4195
191.8306
219.3115
203.9467
221.4955
252.9142
243.9893
252.3425
246.4766
210.9673
196.4606
244.3935
230.5181
236.3313
208.1310
245.8769
234.3320
243.7479
257.6927
231.3602
220.7067
235.4514
180.0994
238.9659
208.2099
246.3910
216.8676
234.1580
229.1722
216.1007
240.3004
240.5114
223.6005
258.0136
238.8088
223.1895
236.3601
245.0787
212.8744
240.8408
241.2405
234.2101
244.1840
254.2598
247.6565
194.5184
199.5829
254.6768
198.7484
257.2910
231.1600
241.4721
236.4626
253.2928
197.0640
255.7585
210.5271
247.7411
223.7323
196.8497
249.8137
228.7212
242.0816
251.6802
247.3363
210.6472
188.6621
231.9030
211.7642
232.4586
231.6505
184.7005
245.9251
250.0374
223.5257
207.1147
235.0489
181.9299
255.2097
243.7193
204.6344
230.5689
226.0096
235.9556
214.0079
206.5668
220.7769
197.0227
199.6099
189.2379
196.6071
198.5533
202.3382
204.7973
198.2528
193.3208
217.7340
202.4215
226.5572
237.0396
212.4419
241.5336
220.4066
217.6794
232.2800
254.3865
229.4415
199.3562
237.9124
233.9214
191.9685
221.4766
211.3012
220.2243
236.4109
232.9652
187.7430
195.3425
218.4686
198.5071
191.6933
238.4469
228.0964
223.2726
228.9119
237.3713
238.0915
218.0551
215.6204
225.4779
223.6357
221.8410
224.5268
186.9755
200.9279
226.4008
229.6058
209.3612
207.1517
211.0844
216.3512
231.1754
232.1044
203.7346
221.4369
223.7516
228.7204
253.5095
250.4941
223.1900
224.7490
232.7910
231.4312
228.9671
214.6931
206.8456
234.2215
212.1903
199.1538
212.3159
215.5721
231.4628
232.2425
227.2929
209.9681
191.3272
223.9467
246.7949
242.6040
246.0867
223.6671
221.3703
224.9973
215.7121
233.4888
237.7399
223.6169
218.8942
246.7235
243.6138
215.5879
212.3069
198.4577
191.7693
194.8894
193.9906
194.5883
233.5412
241.1699
227.2102
244.8140
242.5763
241.7469
187.2581
188.7531
231.8263
236.7665
228.2108
232.0921
203.2922
237.2757
240.6947
238.4516
216.0949
255.0153
217.7804
229.8296
222.7823
226.7287
210.0389
253.7495
198.2152
202.0305
218.0332
234.7214
210.1942
209.7166
191.1967
193.6398
236.2850
246.1348
226.3868
217.8825
240.8751
214.2879
221.8034
257.3691
226.4092
229.6559
213.1670
216.7795
207.4310
203.4682
213.2041
212.4175
250.1746
250.3569
242.6274
246.6538
216.9458
207.3266
248.1334
253.5933
257.9176
234.8398
220.2327
220.1871
246.0783
237.2281
220.2604
238.3181
243.9246
241.5722
206.0954
229.0712
224.2431
223.2487
223.5402
219.3264
243.1661
198.9145
201.4888
224.5995
218.3137
249.5059
217.9571
217.3971
267.2709
227.1146
197.3711
211.5283
211.1751
237.4407
215.7015
234.2310
225.3653
218.2446
194.0927
199.6622
189.6701
217.7144
252.8189
246.0495
241.1002
243.5989
244.0472
259.2971
192.2761
202.3731
206.1410
217.4488
231.7607
225.0095
217.7278
228.4422
191.7705
201.9550
204.0747
199.6419
223.1245
230.3405
248.6567
224.4423
217.3957
217.9906
241.7634
212.5381
201.4839
219.7720
217.4432
237.0811
236.0180
236.7067
189.1831
199.9903
213.6195
240.0041
196.6385
218.2141
235.4153
211.2899
190.4179
227.6661
233.5931
214.9830
248.1452
230.3062
236.3432
252.8076
247.7993
244.9018
220.8856
228.0972
228.1043
230.9584
240.8332
215.8207
216.0467
225.1415
223.7563
225.2746
189.8972
248.6657
247.1727
236.4695
251.5139
229.4155
228.6517
216.3032
222.7076
231.7427
236.2296
242.9662
245.1905
217.6742
252.9098
228.7507
212.5096
255.3197
258.6470
223.4209
239.6122
244.0872
228.0365
249.4189
227.5206
246.2134
257.6615
255.5676
254.5783
253.2311
188.6396
185.8343
248.8359
226.4783
206.8240
211.2739
197.4490
215.2569
206.7102
209.3272
239.4396
237.1203
243.3542
249.4502
248.5407
249.1183
241.0017
222.1805
224.2256
210.3218
201.1010
246.1747
246.6008
210.2632
218.8300
227.1181
193.4145
198.5868
244.7215
243.7035
241.9214
233.6899
237.2131
260.4603
234.9888
219.6205
243.5022
217.3969
236.5655
228.4832
205.2656
198.0043
239.6913
208.7641
241.9232
227.5446
257.3786
252.8196
242.9464
240.6471
243.3581
230.9800
235.6695
231.4419
232.6975
247.8031
251.3114
229.3531
224.7448
236.0333
227.5875
220.6422
209.2084
234.5336
226.0195
199.0011
201.7722
244.3798
246.1966
232.4297
255.3265
255.3236
218.1349
243.8400
217.6855
251.1850
237.1980
192.5561
199.2474
219.5113
220.7935
246.7361
220.2037
237.2418
241.3928
251.0255
207.7814
183.3251
218.4561
266.1010
224.4863
233.1133
233.0575
200.2145
234.2945
232.9565
220.5102
242.3405
194.1208
209.7763
234.8769
218.5531
240.5503
194.7802
210.0225
206.8903
219.6290
246.5862
240.4451
229.4246
237.9827
257.9015
224.3188
185.9135
208.7460
217.5807
257.8248
215.9332
209.4135
188.8206
219.1820
217.0588
213.0965
238.3472
221.7727
261.6605
245.3324
221.4663
222.2630
203.2786
215.4910
214.3876
223.7859
199.2633
226.4158
240.4914
219.7131
258.6124
265.0266
239.1521
200.3385
249.8935
236.9249
245.6713
248.6779
230.7866
228.3216
232.3627
254.0144
202.0388
223.6889
239.6544
269.8006
229.3815
215.0860
209.5651
241.1241
232.5323
226.0481
204.7271
200.5866
207.7578
223.3511
216.6658
215.4636
201.3385
195.9445
228.3241
225.0411
228.8850
197.7418
243.7655
239.4386
226.1815
203.0322
220.4899
189.4410
211.4096
243.1940
250.7771
184.8815
217.2737
219.7694
249.5551
216.9483
216.2449
210.6975
203.8856
218.7324
240.3653
221.0050
228.8984
203.9838
234.6030
205.4834
206.1879
269.1216
198.7676
195.9384
231.6166
220.6093
183.5046
199.1459
212.5577
231.7598
227.6876
224.2455
238.3488
248.1309
235.5858
242.6243
198.4670
261.7790
249.8357
214.5284
227.5625
235.6916
233.6878
241.4114
236.7383
212.6490
219.9257
231.3590
205.2873
196.4364
192.5725
258.6654
257.8500
225.4451
226.4336
207.1059
261.4087
206.6504
207.5279
197.9086
216.0516
232.2553
206.0640
250.9009
211.4698
216.4909
220.7902
204.7695
243.1039
194.3164
220.7602
190.1755
228.5553
214.2483
228.8400
206.1550
188.3600
207.7817
245.7677
232.9195
202.7052
225.9301
246.5562
236.7311
222.1979
228.8341
232.6543
233.7219
231.1123
211.8121
233.9414
221.8471
217.8027
220.1861
231.1604
195.0244
197.4970
235.4624
240.6520
229.1921
225.0680
209.7012
219.7765
192.5508
193.0195
201.2895
198.1642
239.5163
236.4737
207.1023
206.5883
237.6631
226.8484
212.4591
218.3127
206.9230
207.3290
247.2628
248.7468
198.5860
232.0099
238.5686
248.1004
250.0574
213.6794
220.9505
221.2853
230.6461
232.4728
235.8660
236.9360
210.2857
239.2417
208.2643
205.4835
227.8612
192.9661
205.4286
196.4822
217.4206
201.5529
214.7743
202.7808
215.5731
209.1631
204.9757
192.6801
188.6295
211.9793
219.8020
210.7004
205.0768
211.9457
229.2840
265.8955
235.2742
247.8695
229.8801
258.7188
194.8119
193.1237
228.5354
207.8351
236.2916
237.0683
265.4598
252.9972
229.8433
231.1940
240.9676
231.6812
200.0305
209.6658
231.4752
233.2176
227.4473
237.1731
229.1544
250.0031
260.6490
263.9069
230.4764
242.2553
244.9672
261.1854
260.3810
259.1251
245.4892
207.1884
220.8338
243.8918
243.7501
201.0486
226.1511
208.5665
202.8336
235.1022
238.7978
249.2384
248.3619
253.6284
252.6220
229.3923
201.8489
244.8108
212.0635
242.5350
244.0225
229.8292
214.2365
248.3121
207.6188
219.7131
257.9967
247.2080
220.6565
199.3414
216.2557
251.3629
241.2027
228.7664
257.3324
254.1536
216.2960
224.5730
233.2323
247.7446
227.2170
231.6267
234.7347
242.5666
212.3628
230.3505
220.7524
261.6717
251.8824
239.4596
231.9312
247.3278
223.7796
221.4008
237.9170
211.5817
251.3279
259.1651
215.1998
190.2694
228.0558
229.4861
240.0383
266.1998
253.5094
225.8739
230.6101
238.2959
251.6942
226.9878
219.4844
208.1292
235.0340
208.8872
227.9069
211.8744
190.6016
208.1139
219.6699
191.1208
215.5592
204.4152
238.7301
256.9505
257.3209
207.1130
193.8507
247.8885
237.9460
252.5273
252.3530
257.2102
192.9326
214.2748
205.1514
258.9021
246.2273
210.1977
253.8069
224.6230
259.7466
220.9579
195.9519
236.1969
219.3428
228.3058
211.8164
241.2941
219.0291
197.1476
231.6517
251.1513
236.2806
204.5043
221.7649
238.3093
202.1460
216.9925
200.5354
223.4704
255.3707
242.6016
227.6149
240.9171
214.1836
248.2060
224.5484
212.8804
208.4324
196.8895
223.1815
248.1366
241.6039
210.9260
244.1699
197.0860
228.4875
235.7296
198.0548
251.9965
194.2589
207.6356
238.7352
229.2525
254.2201
206.8262
