241.6278
252.7219
229.2945
217.7155
180.0133
255.2843
183.7454
183.7365
250.1950
220.4897
225.5179
249.3446
212.5401
250.9959
227.9855
245.5922
189.5232
232.9528
180.0043
218.2819
218.9386
227.3139
214.1863
235.4254
258.7138
214.8597
199.3512
269.8680
243.1358
213.3505
230.3451
225.7544
213.3489
216.6396
198.2958
219.3791
232.4135
230.2230
186.9399
248.2603
241.7813
221.5418
263.3969
226.1018
248.3741
237.0329
256.0088
247.6931
265.9016
240.0029
187.4535
225.4476
184.4499
200.9052
269.6350
216.6712
232.4128
218.4029
224.7548
231.7816
219.8143
222.0825
207.7042
198.9954
208.7916
216.5078
193.2746
234.7657
203.2058
190.5966
230.5013
233.6198
265.6837
263.3438
252.7081
245.9874
205.1932
210.1984
209.0150
207.7650
216.7816
198.0634
187.7856
236.3808
234.4295
205.2668
185.8660
207.8832
203.6542
209.5604
205.6557
221.6420
216.7942
231.8889
232.0192
209.6416
244.6218
254.6619
254.1889
198.6724
202.3072
230.9400
222.1450
231.7667
239.9750
225.6915
209.0977
211.5465
241.6065
232.9700
216.7134
217.5656
226.3098
221.1577
249.8628
240.3255
220.8342
218.7026
233.7969
246.0042
217.5658
217.6315
193.9384
190.9310
189.4956
195.0615
190.1935
193.4392
219.2150
220.6746
232.7411
225.8246
230.9147
230.0408
247.2057
225.1536
233.0020
206.1160
239.6910
206.8400
242.0231
251.1415
246.1626
247.6981
199.3961
195.1312
189.6475
194.2460
212.4067
223.7386
221.9692
242.2526
243.1571
241.5594
235.0918
208.0999
222.2829
225.5903
248.3531
219.5512
221.7653
257.9741
237.8313
219.5379
227.9422
195.1462
193.8435
246.3817
232.6526
211.3457
207.1978
209.5638
208.6064
208.5385
216.1839
217.9257
267.4592
240.0026
221.5304
245.0326
201.8353
197.7031
198.7647
242.6210
222.9400
193.6413
192.1967
234.9042
221.2902
219.4555
190.7407
212.2933
212.2650
221.2835
220.4100
225.3539
188.1902
190.7294
228.9436
243.9512
193.8389
210.8590
249.6711
210.2400
224.2084
228.2324
223.0592
208.5568
226.1770
227.0043
254.6474
262.3014
202.6427
233.9839
233.3796
248.3616
243.5203
259.5707
232.5791
239.8091
226.8709
247.0262
239.4791
195.7407
227.2801
232.3922
246.0939
207.8286
242.8495
246.1874
258.9480
258.7280
243.7835
204.0921
212.2444
242.4790
217.2270
220.2017
250.6072
212.6866
231.7700
204.6761
257.4431
229.0131
237.0096
247.6433
241.3059
219.3613
254.2920
247.8090
245.4369
211.6343
249.4267
252.2571
205.7287
220.9728
191.4940
213.4127
243.2404
226.8236
257.7297
218.2394
231.2624
228.3597
192.7444
207.5109
221.0689
231.3477
237.9936
215.6232
224.7680
207.1523
218.5137
253.7169
211.4970
216.8621
213.9076
213.2467
237.8635
235.0382
240.1672
247.6629
245.6934
221.0769
255.9973
245.6993
231.9163
233.8958
225.4375
233.7308
263.5072
237.2232
225.3863
236.9713
187.9048
201.6543
238.2977
232.9209
241.1472
186.9837
182.9593
217.5069
216.9183
200.6780
244.7839
254.3569
223.6855
206.4523
194.3560
188.1099
207.7275
241.8705
230.0817
232.6175
258.0120
257.9823
252.2276
245.6285
199.4097
201.4774
219.7550
241.4387
240.9568
234.7946
196.1923
196.0401
214.6656
244.1864
231.6778
211.1096
230.6271
218.0810
250.4746
253.6866
238.1205
238.8204
244.2809
226.4140
226.4418
227.0327
218.7243
224.9504
190.7377
185.5211
229.5842
232.5070
198.5602
189.7511
189.4339
207.9582
265.0256
263.3021
208.4715
221.3709
236.6873
234.1473
230.6245
230.7570
233.5463
201.1541
193.8895
196.1797
220.8945
223.0097
225.4696
215.6985
240.7960
226.1608
213.0282
233.9039
212.4851
196.2318
196.4169
201.8655
204.1611
187.9511
192.6809
247.9444
243.2737
190.5341
191.5804
253.0101
245.3286
208.3072
205.2445
226.5875
235.9406
236.5093
195.5338
225.8387
223.6241
208.0047
212.7933
204.1008
201.3899
231.9676
257.4930
240.1383
251.3900
205.0458
212.8247
214.7432
210.3225
224.2909
212.9990
213.8309
195.7171
235.8892
227.0697
232.1123
213.7166
210.7066
202.5997
207.8659
215.5459
209.7423
212.1169
210.6294
229.0284
229.2152
206.7782
224.1275
216.6089
208.9766
213.0755
203.1050
241.2266
214.5649
228.5049
232.7297
194.2745
197.3963
228.9494
238.3464
227.2478
227.8579
194.9308
211.6705
194.6229
192.6418
227.8260
237.7442
218.3339
180.0562
215.4023
214.7361
222.5130
238.9101
210.6316
202.0323
213.8991
219.9126
208.1612
209.9721
206.0065
248.1290
237.7366
231.8866
222.6875
233.6006
210.5204
221.0437
222.0956
243.4512
240.2042
254.9721
222.2759
224.1849
233.8989
256.7538
235.0044
206.6943
220.0273
193.6644
194.3224
213.9936
219.9947
219.2503
225.4607
195.8075
198.5115
217.0278
231.8748
235.9699
229.7153
232.2509
230.8501
201.5225
207.1421
206.9011
214.2430
250.8727
222.6625
199.1286
197.0015
241.9055
243.3512
233.4778
233.6903
216.4737
210.1339
249.1165
250.9553
205.6876
205.8906
233.2762
244.3601
228.3999
207.5856
212.5387
220.5833
207.1668
213.4083
225.8308
243.1735
241.3173
219.0823
221.6074
221.4201
249.9586
232.3667
238.3676
206.0259
211.0478
228.6855
227.7643
227.4918
226.1918
193.8487
193.0506
240.7309
230.2455
198.9541
197.5666
237.4388
221.8083
224.6256
220.8780
232.2971
230.7616
221.6188
250.4743
207.7899
246.3114
230.9376
231.4341
257.1308
258.0799
209.9819
238.9223
254.7459
222.9524
222.7194
198.2080
201.0420
209.5002
200.2722
231.0624
233.6877
198.2484
212.7546
248.9441
248.4931
229.3561
205.5665
235.0421
211.8562
246.9654
202.7380
231.6901
219.1508
231.9302
242.3161
244.9636
220.8449
225.3870
228.9786
249.9222
246.1852
268.4283
212.1997
233.0607
247.2641
230.8255
209.0101
207.5133
220.3293
238.0425
246.2283
244.2610
231.8948
244.0018
238.9749
189.5783
212.8200
241.3706
258.5207
232.1235
230.3018
243.6507
256.9025
227.6419
244.7329
217.4062
242.9855
230.5554
230.6160
204.7305
206.3669
222.5655
243.8183
242.1281
244.8252
245.6262
235.3913
223.0822
184.5514
204.1701
226.4699
239.8254
214.8912
194.8552
237.0538
242.8193
224.5195
223.6797
230.5714
226.4951
240.3763
243.9404
234.5769
239.0058
184.3871
233.5683
250.1832
243.0727
240.0827
241.6534
236.3725
237.5742
244.7907
231.9867
210.9223
233.9254
225.0955
218.6618
240.1864
222.1572
230.7720
238.6722
234.8529
244.1342
224.6331
247.4941
211.5775
228.9575
231.6964
249.9997
199.1661
225.2780
238.1724
227.3628
222.1650
198.6239
207.6674
261.8265
261.2869
203.6151
221.1068
207.8287
228.5524
236.3021
242.3055
241.1729
212.6534
224.6121
213.9092
237.3635
213.4872
227.0046
240.0232
222.2194
220.5508
237.7122
210.5081
230.9779
230.7521
200.6895
205.4378
205.9923
221.5489
212.0038
237.7722
216.6469
218.0092
260.5715
193.4113
233.6904
240.0349
197.3351
247.3603
195.3636
205.8617
232.9923
204.5586
221.1703
182.4775
223.8021
210.3250
207.3859
191.4994
213.4061
218.7935
228.7157
247.3350
235.6114
243.0547
246.6444
256.0734
237.1747
241.5828
227.8898
199.0070
211.3948
223.9549
223.2846
232.0158
212.9551
226.7013
240.9839
224.2245
230.8659
252.9949
199.1026
261.9964
254.5780
192.2244
227.6713
253.3126
244.3020
241.5480
251.8791
214.5371
255.6298
250.2162
225.3650
240.7615
240.4036
225.2966
247.5941
208.5773
212.1104
192.8297
191.1908
213.0367
202.1906
226.5134
244.5300
214.6870
218.3187
230.9807
190.7824
267.5441
218.5391
240.7726
233.3307
204.6937
223.6937
203.9985
195.2963
199.9508
216.2482
205.2789
233.6057
225.0103
262.4962
253.4116
213.9261
258.4742
219.7234
213.2592
244.5611
198.6683
215.4228
243.3203
242.0676
206.1201
226.0150
241.5161
245.2917
214.3399
204.7130
232.7355
224.8854
228.5879
202.8177
265.3307
253.4970
223.4628
212.4403
200.6315
241.2354
224.2536
262.9084
251.9480
212.0093
225.9317
205.6734
219.9806
231.8232
218.4759
213.4578
242.1838
253.8231
213.6966
212.1314
203.6208
209.0274
240.3333
224.8493
224.3000
249.2467
227.4031
202.5652
230.5294
217.6952
194.4929
234.8508
224.6400
227.4475
221.5669
217.9809
245.0112
241.2131
209.2010
217.1539
243.1603
246.8094
210.0439
216.7477
227.7037
225.0396
231.4608
211.0936
207.2207
210.8261
197.1115
200.6328
241.4310
245.5045
248.8044
230.0767
229.5676
216.7695
234.8529
233.6404
241.8491
219.6262
227.4499
213.1024
227.2218
208.0235
228.0837
238.8725
237.3526
227.3425
213.6598
230.8836
245.0730
251.8096
222.6226
217.0743
251.4067
213.9003
231.5389
237.9936
247.6928
244.3894
197.4390
198.6012
240.2327
256.8622
207.0804
208.0753
218.5977
246.3079
236.1689
236.4110
255.7843
233.7550
232.4777
232.2581
235.3308
254.2678
194.2193
189.8655
246.0681
229.8764
210.3611
234.1764
242.3211
249.8083
214.3315
252.0352
255.6873
206.6772
260.4658
239.0046
239.6996
240.1657
243.0819
193.5456
191.0070
200.8162
232.7883
244.7581
210.0230
213.2667
248.5942
244.3152
197.1127
196.7767
209.9010
245.6451
246.6479
239.1143
224.5477
227.2608
246.5531
242.1198
213.4017
215.9361
245.3211
242.6869
217.7279
213.5150
252.4694
215.2750
208.8085
245.5653
243.2865
240.3126
252.9240
215.4910
217.5677
253.6306
245.2602
208.4753
226.3724
230.8607
244.9825
241.8630
240.2423
240.7601
239.0696
248.4728
255.6570
231.2136
242.6875
236.4395
227.1301
221.2340
238.8609
223.6928
226.3821
222.1528
219.8667
241.0632
219.1911
235.0571
211.1487
269.8865
218.2945
208.9475
204.3163
203.1041
236.2514
235.3246
200.0339
206.4096
258.9579
251.0399
234.3990
218.7783
217.3760
215.3612
229.2536
215.2619
208.0547
197.3683
207.1462
206.0763
258.7579
256.3318
245.4903
227.6295
236.0186
216.6096
207.1186
191.4664
189.3202
215.0297
194.6910
237.0172
228.4786
210.3625
217.8433
219.0509
217.1351
236.8106
194.1580
195.4528
201.2858
196.8869
209.2323
199.7543
214.4961
251.8791
209.5242
206.1307
237.1365
200.8708
243.1510
223.3005
245.6391
245.1971
231.7804
231.1061
218.1336
234.4812
207.1336
210.5582
227.1917
206.4525
259.4690
212.4629
244.7857
226.4858
221.2906
217.3174
211.0229
202.6611
192.1960
200.5107
258.4308
259.8205
248.0410
239.5921
216.5625
203.8379
252.7566
208.4044
221.0011
225.5631
227.7633
232.3829
239.9273
202.2257
202.4652
237.2247
237.1055
202.3661
254.5059
199.6831
227.8000
205.8824
238.1936
204.3162
229.6348
213.5213
199.1212
195.4552
200.5995
200.9535
198.7834
253.3356
261.3579
217.1870
234.4810
194.7336
203.3074
207.9555
189.4330
236.7874
244.2101
211.5286
209.7518
230.2847
226.2725
217.8694
221.5921
191.7559
196.8284
234.4376
237.9693
252.2127
230.9367
201.9139
200.8820
227.1923
217.7985
201.4931
204.4172
252.2561
237.2550
233.7120
235.5480
230.5061
244.6582
245.0856
210.6521
191.3055
200.4174
223.3267
199.1770
185.9489
226.4268
225.0383
258.1914
248.6021
216.7970
235.7737
197.8511
225.2026
187.5905
248.6672
209.2089
219.2165
223.5575
216.4688
213.4831
235.9077
249.8433
253.9919
228.6451
244.1239
230.5829
236.8663
204.5304
206.8606
196.5622
215.5551
235.7936
204.8158
197.0872
211.0923
191.9823
188.6065
205.4541
205.9255
229.0127
221.2042
207.0572
212.2479
211.2739
240.4804
229.8941
234.9732
248.6929
253.5244
235.7319
260.5205
218.2460
251.0559
222.1445
223.8680
214.7386
193.0729
207.8423
205.4890
254.9453
261.9853
222.8274
225.4910
241.0892
199.3015
228.0637
242.3914
255.2326
207.7906
198.9676
195.2141
188.1186
206.5462
225.5396
192.8970
226.3158
229.8337
214.7618
222.2737
189.5730
193.7825
240.5084
251.8641
255.4770
185.1511
204.1387
196.9798
216.9197
206.9817
230.2784
221.4795
235.5273
206.0291
207.4348
208.6441
196.7559
214.3835
217.9344
218.8521
197.0755
236.5427
230.1560
205.7382
239.3943
215.7887
202.2121
240.5111
233.2824
254.6565
235.3903
216.8886
210.8664
213.3840
208.6502
193.4214
214.2741
208.4858
208.5781
255.6193
244.3084
220.2461
234.8343
237.2297
212.3953
234.4327
233.5925
259.2861
205.5797
205.4236
204.4559
225.7242
219.8496
224.4573
194.2871
210.3705
218.4951
231.5485
233.6436
188.0987
197.3516
227.4712
213.4355
223.0059
241.2462
219.4190
235.4279
216.8204
248.1492
197.3812
226.9206
211.6531
201.5705
226.5922
253.8512
212.2199
221.1386
233.1748
246.1273
224.1433
238.2898
217.4923
232.2831
230.1855
210.5307
218.5124
245.1654
239.8693
257.9698
222.4141
180.0095
243.9950
249.4680
237.6483
254.5658
261.4689
233.1476
207.0404
222.4951
200.1443
237.1546
253.4055
226.0444
234.3406
206.2070
256.3018
201.7555
218.3342
238.6728
237.3649
238.2295
242.5368
231.6505
260.5180
205.4283
180.0011
261.6880
200.0090
199.3713
203.1297
219.4764
241.2349
211.0933
225.1002
227.6449
211.8005
269.9745
203.6971
208.1993
184.6563
230.1350
200.3789
206.4481
227.6485
265.7013
248.5944
242.0430
237.0963
185.7956
209.1961
231.0324
228.4068
217.0572
205.8518
208.8583
233.2974
232.5658
229.0129
225.5645
223.7792
224.7992
235.2821
238.6483
247.7292
248.1494
202.8910
203.4595
231.0358
232.5282
225.2557
211.5092
200.8436
218.7031
215.8918
192.7076
199.5197
260.9390
262.8258
248.8387
238.1349
222.1790
201.8184
213.9691
214.2564
209.3143
233.0080
204.6867
241.4680
230.6213
200.4897
235.7337
245.9436
233.6482
219.7888
227.5485
244.7636
225.3215
264.0509
251.9411
207.9403
208.9397
229.7584
215.3552
226.2906
246.8319
239.0300
196.1890
221.2526
218.0682
215.5010
232.5538
228.8551
221.9912
221.3793
218.1802
214.0134
208.8913
209.6405
248.6159
254.6871
208.2505
225.0525
242.2585
238.9387
215.2386
260.3141
265.7251
217.3560
212.5219
222.8105
225.7493
201.5663
193.7573
261.4160
207.3564
266.1541
193.4686
198.6018
240.1979
234.9239
225.3218
196.1616
197.2085
215.8060
213.5601
222.4886
202.8857
219.4554
240.5317
241.3548
204.5284
235.7329
227.2967
208.2650
246.6583
231.0810
231.0749
202.5091
207.1903
205.9169
222.9554
229.6779
234.5474
252.8190
249.1168
228.1516
248.8614
249.8854
234.0162
239.1914
193.2986
187.2217
212.4622
221.5019
218.0941
231.1919
208.5898
220.3621
245.5566
245.9014
202.5134
257.9989
250.7587
234.4278
226.4207
256.2255
239.2323
204.1114
199.6654
183.1185
209.3623
227.7645
204.1988
187.2042
208.3125
240.4046
235.3779
214.5165
229.9281
249.8867
234.6893
256.4784
246.7497
238.6040
219.5132
217.5221
208.9194
240.6586
202.7987
198.7114
214.5422
214.1974
249.1639
251.5055
234.1763
232.7175
245.7116
212.8532
211.5289
261.1628
201.6936
232.0811
259.0172
234.0868
231.2148
218.5819
245.5483
215.8366
222.2344
268.9471
200.3627
235.0887
254.7768
223.5349
254.2298
237.3229
250.4883
235.4743
206.9434
245.2610
252.7427
256.7084
237.7505
235.3954
238.0711
223.5282
203.4855
227.8567
224.8520
215.1615
235.2945
208.5859
217.9005
201.4571
218.4450
227.8085
249.2040
231.0812
245.3759
233.6451
204.5572
224.8965
216.8487
228.4268
235.7275
241.3457
228.8203
203.3226
224.1807
242.0163
194.1517
180.0378
229.7832
223.1551
229.3951
217.6798
238.0381
210.0549
211.1801
245.9428
245.8583
205.0931
204.5159
228.3049
212.5602
203.5656
208.3405
216.0625
216.7866
229.0252
229.9270
230.1840
191.8190
189.9626
188.9964
226.3025
225.3367
235.8994
212.5662
217.5744
206.9348
242.8858
231.3086
240.2090
238.7154
250.6643
253.8004
230.9098
238.1610
193.0798
247.9633
228.4769
209.8872
214.4900
196.7725
203.5490
232.5856
217.8391
240.7898
228.5355
231.5884
226.9619
216.1791
215.6832
233.7623
256.1517
234.4389
243.3371
242.5720
231.2105
221.1499
250.7911
235.0847
213.0118
199.5557
209.3430
206.7646
254.3066
256.8634
195.1107
247.1180
248.7988
258.5076
247.5314
225.2731
209.1109
208.7269
251.5111
245.3449
238.7523
235.2509
250.5181
214.1672
221.2438
265.0842
215.9864
225.6976
218.6543
227.7998
230.1624
224.0201
243.0340
233.3903
226.5286
251.4610
247.8588
240.4527
242.6601
239.0380
218.8493
215.7659
234.8725
234.7909
201.6531
236.9728
241.6775
249.7905
197.6455
205.6428
232.4638
230.3309
234.3632
197.6922
235.2382
217.7674
229.8762
256.3124
260.7044
249.6943
212.1394
239.0102
206.1247
232.1592
212.3287
224.0775
198.1614
207.8712
188.3720
236.7613
228.7950
223.0766
200.9588
190.5400
196.3413
208.7782
244.8822
219.7660
186.7617
228.4340
222.7595
234.6806
195.2058
252.8198
260.8686
200.8632
234.1550
210.7053
185.0874
200.5367
202.5978
195.7417
262.9149
215.7950
208.1644
217.8649
199.3510
237.0294
239.5012
200.6993
206.8980
211.5194
206.8588
200.4960
243.1704
229.0732
223.4225
190.9486
215.7007
194.8256
201.7179
216.2589
187.6903
231.7063
235.6082
228.7005
230.5477
228.4226
234.3691
219.5729
261.7994
240.2002
234.0308
242.2348
208.3116
226.4255
216.6759
237.8798
233.4489
225.2481
240.9419
266.0136
213.2385
196.0438
182.6665
197.7911
215.4730
242.2134
258.1741
227.1922
206.9383
227.6804
237.2370
220.0882
238.6124
194.4471
199.3574
224.5797
187.1498
193.1197
206.9491
188.1214
245.4965
234.0807
259.0559
226.2209
219.7845
226.3238
229.7920
202.4646
187.0804
244.1949
218.1091
236.0436
237.0628
237.8196
240.7901
233.5040
243.8737
200.6940
185.7064
199.6633
204.2176
201.3523
211.6670
216.3937
222.9441
221.4706
203.8632
227.5490
235.1510
204.1638
232.5940
235.2030
264.6679
200.5836
234.1490
239.8816
254.0968
257.7446
269.6265
201.2017
185.6599
257.7045
194.7870
261.6101
238.8656
247.0300
249.8719
195.1518
192.3661
250.5540
191.6840
244.8105
256.8466
236.2182
195.9744
202.7682
250.5055
205.5438
247.2359
246.3779
215.2145
186.0201
233.6483
221.5589
202.8020
205.0210
201.4179
204.0978
199.0875
229.1111
225.5792
221.2429
190.6294
253.3466
218.4253
198.1321
232.3905
216.4502
262.3009
213.7969
220.6081
223.1358
226.1890
223.1697
219.7306
223.1649
229.6912
228.0358
183.1734
237.6468
266.8787
241.5124
245.9536
237.7360
266.5581
256.3249
222.5519
226.1486
186.4955
244.6480
209.8979
232.1299
258.9221
238.4231
255.5102
229.6896
228.5040
205.4972
208.0766
264.3836
263.2717
186.8407
235.8954
248.7514
261.3510
264.1661
201.7196
230.0675
212.9483
253.5551
226.4879
268.3045
193.7045
225.0934
239.6013
215.8435
211.6628
228.9188
258.1187
250.0032
228.0791
226.6133
198.5907
220.7195
240.4687
252.5620
220.3366
246.4535
229.3364
208.3209
259.0702
216.5860
184.2255
253.0764
253.8687
218.7478
221.0545
221.6360
218.8718
236.4427
254.8564
228.9986
227.9400
245.6288
251.9123
252.9085
255.1967
256.1096
213.8473
229.3825
254.2415
199.7074
186.7581
197.0303
258.7124
241.1506
239.0697
229.3668
226.7668
260.7204
233.9091
230.8254
230.6066
196.1300
249.5407
260.2599
224.8442
202.7964
223.3630
235.7581
231.4044
212.0997
230.4368
246.9919
196.8520
239.0411
210.1329
257.0057
247.5180
238.4154
245.8510
256.5760
216.3174
211.9387
238.3680
209.0394
253.0068
196.3445
197.9644
213.0031
247.8273
218.9406
240.8206
266.9316
195.2572
243.6931
238.1158
216.2355
256.6698
223.2089
205.0039
204.9065
225.4479
245.1559
259.0303
239.6945
223.1693
241.1426
214.1635
238.9199
227.6460
220.8800
238.0376
214.8270
241.4206
248.0060
191.2484
196.1500
233.7105
187.1536
260.7912
194.7492
246.4509
238.1378
252.9122
231.6064
252.0126
214.4166
238.4005
242.7873
214.5071
204.5986
237.0503
255.2895
242.7001
257.1304
214.2137
204.7147
254.2758
206.0520
234.5945
216.3500
236.8483
220.0946
229.9646
225.4061
261.1514
259.0946
267.9766
219.5398
211.3474
227.6426
256.3449
192.3708
253.2017
247.1165
247.5777
229.0875
240.8099
214.1551
192.7654
197.5043
224.9686
233.5981
252.3938
221.9942
226.9331
204.3629
217.2884
232.4013
200.2974
248.7619
245.9970
205.9168
252.4424
201.5461
258.1594
249.8065
241.5093
243.8763
260.6721
226.8106
231.3471
232.1050
184.9953
214.2479
209.0068
239.4049
247.5484
247.1257
228.9870
208.6473
227.4333
244.2104
237.9457
213.8606
246.7690
226.3182
244.9927
221.6557
235.4020
219.3211
255.6525
261.3887
246.6022
250.1771
241.6648
199.9841
207.2531
243.6415
197.0066
182.2916
221.3541
201.1904
214.2120
248.2796
237.3228
229.9592
212.9072
202.8095
224.9059
222.9676
221.2326
248.0467
210.7378
258.6331
247.3397
253.0432
221.7702
239.8297
235.9761
230.7414
260.8731
232.8834
184.3435
220.4499
248.6082
257.4004
227.3857
243.0731
243.8582
245.3073
252.0806
235.7842
196.0245
216.5995
201.8371
239.5742
262.2348
257.1095
242.7213
219.1377
200.8634
254.3464
224.3204
245.9035
229.2394
239.3947
195.7317
259.8536
211.4086
237.6224
202.0875
241.6722
238.1008
256.2273
199.0273
191.7359
233.8667
251.0865
207.4774
263.8640
256.2415
216.8572
190.5105
212.3669
247.7711
232.4136
223.6397
218.3565
190.9298
233.0132
223.3987
243.8094
211.7659
212.2332
214.4526
260.7300
212.7507
262.4987
257.4886
214.6333
234.3993
247.1368
203.8620
224.1882
243.3049
264.3275
240.5178
262.4925
225.7926
242.2050
233.2041
250.6513
188.8696
182.6305
252.8828
208.8801
257.5575
223.4971
230.5422
259.5672
219.1307
200.7906
189.5984
234.9363
216.1359
254.8226
193.9268
211.0081
228.8707
188.9792
188.8174
232.9582
185.3307
207.4318
220.2652
207.1268
217.6474
231.2939
239.7555
232.0031
244.1921
266.3457
248.9622
211.1285
217.7228
230.2410
225.1759
266.2179
261.8856
202.9200
183.8637
252.0667
221.4247
236.2115
227.3674
258.8768
183.3010
232.3821
257.0890
242.0117
195.5012
202.8913
244.4771
258.1323
247.9523
203.1545
209.9246
222.9051
207.2773
246.0925
268.2391
226.0516
218.0337
226.0915
220.6490
206.0774
183.2375
224.7003
243.4095
264.0434
180.3789
208.3124
252.4685
222.7375
181.1531
227.0450
199.5113
188.6802
224.3782
256.7659
195.4169
200.5714
254.7635
231.5032
243.1824
212.2952
243.7915
233.2107
248.0853
247.9515
233.2698
196.9696
218.3367
221.0912
227.9090
190.7411
227.9578
250.9202
192.5047
265.2133
195.9527
245.5023
246.8137
253.2615
238.6396
234.8706
225.0281
200.7486
204.0845
257.6944
238.1192
219.6707
210.9307
257.6968
245.1266
232.6344
237.5821
266.6311
224.3536
199.1509
206.5938
210.9758
205.6702
264.1600
207.5237
181.7705
203.4049
266.3124
210.4087
265.1213
230.6586
243.0611
241.6446
198.3578
265.3970
256.3862
223.0409
241.7932
253.4249
207.5502
197.5621
222.6094
239.2236
267.5153
228.2400
265.7098
238.2626
244.7587
194.6101
240.3253
255.8072
236.1311
252.8357
239.7699
223.4561
246.7269
226.8568
245.0640
222.4624
253.5935
252.1843
192.8281
264.5073
224.7033
197.1678
254.9972
245.1631
224.6689
199.8062
180.0002
241.3804
202.1820
269.0729
216.7982
225.1673
187.0313
238.3692
237.2046
264.7572
232.6457
218.4974
229.3050
201.0265
225.3030
222.6211
236.9624
224.0752
197.4716
201.1558
202.9038
227.5875
252.0101
256.8914
214.4845
234.8536
196.0090
224.7241
195.6709
219.1279
257.7439
220.5643
204.2869
229.6060
236.8359
206.0833
248.3478
242.9952
223.1310
213.3116
231.8878
240.9851
253.7311
240.8585
203.8253
214.8322
270.0000
209.3580
239.9174
228.6158
243.2030
236.5144
217.8030
225.5279
232.8857
214.0186
211.2125
248.1782
197.4199
223.8820
242.8877
233.9101
220.1506
246.9877
252.5188
201.7299
218.5859
243.5105
241.6314
196.7167
204.5699
222.6229
247.3116
215.9472
197.1887
204.4059
215.5253
238.6406
244.9500
242.0654
239.7309
238.2335
264.4904
227.9004
191.5153
204.6622
208.0518
201.6093
223.5697
245.0336
216.1354
251.8625
250.4643
204.3231
194.0417
247.7322
235.2740
249.9628
211.9791
251.0747
242.1523
237.7525
258.5403
225.8875
229.9976
240.4633
180.0616
249.9405
210.1972
226.2258
235.1688
229.8986
231.1705
221.4460
233.1241
234.9838
238.9841
247.9426
236.8300
221.8118
214.8819
251.0648
201.5543
229.7757
232.8416
243.3040
250.5478
253.8899
253.9222
188.5395
222.4258
256.0273
204.2554
262.8921
218.4411
239.8089
236.2122
247.3445
190.0219
248.5205
209.6040
248.9799
225.0848
208.3824
247.4244
223.6076
230.1345
247.1155
256.0516
198.6936
189.4932
241.1802
222.3752
214.8747
236.1745
185.8565
242.7274
256.1856
225.8742
211.6731
234.9230
182.2176
261.5572
240.9197
205.5460
220.3324
243.1201
231.1477
227.0532
195.9205
218.9132
189.5912
203.9358
187.5116
189.0301
191.6923
197.9975
216.6573
208.4809
190.3367
240.4316
195.0492
225.4130
222.0900
238.9909
247.8793
216.8695
217.4636
229.4019
243.1061
218.4872
223.9307
234.9522
213.8169
190.5866
233.7061
233.7485
220.6104
224.6920
240.6363
193.8630
189.3912
213.4023
197.5352
186.9613
224.2685
221.1623
235.5620
240.5008
221.8064
243.1095
200.6856
210.0758
217.7202
221.9814
233.0373
226.5435
184.2761
204.1200
211.0199
233.1985
217.8070
225.0432
233.0416
226.2837
234.8396
238.0118
204.3528
229.1825
230.3675
237.9138
259.8107
257.2066
224.4720
226.9871
214.9911
221.0542
226.3664
204.5697
206.4263
239.0507
221.7566
194.6832
203.2415
218.4770
232.6383
218.9460
224.7631
209.5448
192.4871
242.2563
243.4664
235.4127
240.6885
223.5789
220.9180
226.9804
200.3027
231.6902
248.1679
222.9442
214.1114
247.3995
244.2207
212.2852
213.6397
198.5231
187.8916
191.2710
208.3902
212.5676
239.3349
229.1704
228.5369
247.3281
240.0334
235.9860
187.5051
189.7963
231.9233
223.2650
209.1891
223.6959
200.6576
224.5025
237.7312
243.5648
206.1385
249.9892
217.3290
233.6575
219.6487
239.9146
233.0676
254.0693
194.1541
195.2476
218.0160
234.5958
233.1012
222.7806
198.6367
195.5871
250.6964
252.6341
214.3513
201.8296
243.3400
206.5637
221.8993
259.3763
220.3867
222.0115
208.5259
220.5976
231.5928
193.0353
199.1338
206.2419
253.5770
257.0118
244.4143
245.9386
211.6205
210.9583
257.8445
260.4699
255.3516
211.4430
215.6843
222.6982
244.4949
242.3891
233.8295
248.2296
255.2752
234.2828
204.5183
222.7441
220.6860
218.8229
205.9002
239.3692
239.8105
215.1689
199.7233
212.0058
208.7651
255.4605
221.4272
222.9579
266.8490
239.8329
198.0444
215.9097
208.7902
239.5110
218.4692
232.2028
210.6523
215.2933
197.3048
202.6076
189.0573
214.4580
258.3925
242.6313
239.9551
249.6947
243.3462
243.8465
189.9656
195.0296
199.1451
199.8101
215.8291
213.5198
216.4366
219.7255
221.1030
199.4647
207.9166
202.5802
227.5600
215.8993
252.8155
212.3006
211.3427
215.3179
233.2186
202.3899
197.6205
217.7496
217.4881
231.0369
248.9642
220.3228
189.1933
193.5992
228.1875
245.0614
192.9686
215.1939
233.9117
211.3817
201.5085
209.7916
243.0429
223.6640
244.0358
232.1881
252.3661
253.5278
241.2469
248.5554
221.5455
225.5092
216.5834
225.2925
229.9519
223.5364
214.2866
236.4333
216.6652
225.6546
187.9084
255.9201
233.4451
241.4540
246.8621
239.9980
238.2791
221.6333
226.7570
244.7644
225.0229
235.4747
249.7452
232.2276
223.0314
234.3391
207.7782
249.9631
254.6090
232.1656
236.4893
242.9180
233.8322
240.9915
206.7451
247.8998
258.3845
259.4760
257.6728
255.9995
220.8621
187.7923
254.0870
237.2815
217.2944
222.3929
192.1497
205.7632
219.2913
208.5666
234.8689
247.1624
245.1126
247.3572
249.2783
246.0407
243.7552
229.1697
230.9285
215.0432
199.6795
238.8248
241.8560
210.2415
223.7765
223.9893
189.4579
192.7038
229.2077
218.9779
249.1009
239.4581
251.5123
248.9378
239.7260
229.7826
250.3752
215.5679
245.0231
245.7022
200.7034
190.7181
234.0547
233.3463
248.3192
245.9626
242.9000
255.9371
251.4371
228.9481
235.4085
245.1308
236.7154
211.6619
235.3200
238.0720
236.8040
219.9557
204.2798
243.8579
240.8110
220.6914
217.4095
221.2917
214.4320
191.7791
192.5682
248.6803
225.6994
234.9731
254.4466
243.7923
225.2592
244.7262
229.7473
250.1570
246.0420
201.4468
202.2476
229.2993
238.4316
220.7237
232.4816
233.1423
243.0228
248.2284
200.0007
186.5362
205.2939
262.8314
217.7957
248.4613
246.2589
199.5053
244.2052
217.9829
205.0354
219.5005
191.2449
204.5669
234.4779
227.9857
224.5723
216.4968
223.8234
220.4775
218.0990
245.0584
235.3393
221.9039
221.1056
235.5613
240.7562
185.6092
224.3157
219.5826
249.0517
219.2864
200.4581
194.1826
231.5832
219.2066
233.2081
225.1140
235.0445
265.0857
227.4945
241.5772
210.5860
211.3576
206.3784
208.9251
240.7233
200.4002
221.2786
243.1789
217.7445
259.9462
266.7217
236.9181
212.5770
247.2404
244.0769
243.8675
257.4511
224.1204
241.2133
229.1912
260.3685
207.0184
225.9800
223.9140
269.7301
239.9870
217.1910
231.7270
251.3232
222.9211
238.7019
229.7510
219.0976
195.6801
228.1019
212.1371
209.0891
193.4108
190.8467
230.3339
240.3388
232.9113
191.2562
250.2216
222.1574
228.6732
204.0780
238.0155
193.1597
214.0206
241.0309
244.8364
190.5215
212.4258
220.5892
251.8471
212.4917
214.0947
212.3163
202.5441
224.7886
236.8799
220.8023
223.2696
203.1593
233.8499
227.3218
206.6148
268.3071
216.0377
191.0322
218.1561
210.2450
216.9872
194.9055
211.3085
223.1874
218.1499
217.7143
251.4908
245.8667
243.8605
231.9084
192.7877
249.8937
250.9244
202.8529
235.9038
243.5528
240.7013
218.1868
246.2454
208.4496
212.4179
226.0011
207.4490
196.5445
187.7098
260.3769
258.4617
220.4301
222.3888
215.5706
261.8287
204.4025
205.6668
196.5717
213.6597
229.3623
209.7615
232.4724
205.8293
209.5570
203.3729
203.6038
251.8869
189.1719
224.2624
219.4388
226.2367
200.5286
227.9003
197.2628
195.5817
199.4810
245.9832
236.7480
216.3415
223.7426
228.8061
220.9079
207.1054
229.0649
213.4201
231.0332
242.4937
231.6104
245.9086
218.9035
233.3529
225.9981
242.0352
191.5997
191.3597
238.9280
241.5559
230.8671
226.9936
230.1169
229.3000
206.5282
193.7029
230.4107
210.0240
249.9700
243.4334
198.9567
207.0424
236.4080
237.1805
214.1260
214.4604
217.2101
213.0961
250.3420
252.0808
192.8258
240.0537
243.2174
251.3203
253.8376
208.0503
206.2457
205.8207
216.9327
225.0670
241.3088
239.2071
218.7390
233.4733
206.2754
213.0179
244.7363
189.3241
204.7723
209.4818
240.0984
215.7271
217.7198
212.0647
227.6790
200.6933
201.2966
208.5987
211.8560
214.6091
223.6695
216.2787
227.0796
211.9569
224.5328
253.1405
238.0719
248.6244
214.0949
263.8512
191.1795
191.0414
232.3072
203.6538
235.8008
240.1408
265.7953
250.7008
220.8956
215.4815
247.0758
245.2334
225.7427
200.1357
232.4311
230.9454
215.4639
247.6408
232.2815
232.4632
261.3849
243.7398
233.5604
242.0431
233.7825
238.4026
244.4995
255.0600
248.5593
234.0650
219.5670
251.6103
250.6178
215.7824
235.4874
210.3521
206.4701
217.7974
227.9606
222.0749
234.5748
227.1714
232.2626
233.0846
231.3208
237.5678
200.8979
253.7202
252.7882
215.4503
225.9145
238.8661
230.5648
227.8962
223.9059
252.7555
224.2654
202.4921
202.7078
246.7259
241.4048
230.3893
262.3694
254.9629
211.6471
208.5883
243.8298
247.0369
212.4882
215.9191
229.9351
233.9486
219.1211
227.5911
233.0982
262.1412
245.8586
245.5773
247.7382
234.1246
210.7554
224.1106
237.9537
198.6717
250.2791
261.8735
216.8819
198.4684
221.0532
230.4258
237.3863
263.7940
260.2698
219.9211
221.8976
223.2982
254.7785
227.1516
223.6004
203.7439
216.0649
207.0665
224.7396
201.9181
215.2825
229.4475
211.4112
188.8154
213.7678
201.4406
213.6343
251.0309
247.7176
208.1718
202.3926
233.8921
223.9183
235.2689
238.7084
223.3470
191.9006
211.3775
197.6812
258.7843
239.9901
210.2864
256.3151
216.4159
261.2714
221.5383
226.8266
220.1342
217.7737
231.0825
224.8253
252.8045
211.8960
222.6220
244.0761
219.5247
234.0048
197.9106
238.2482
248.3866
196.8038
203.5673
201.0985
214.8769
246.0163
220.3169
234.5988
223.2672
209.5513
253.7832
215.8322
219.9560
206.2143
196.1757
213.2789
242.0116
231.7275
203.3976
241.6801
198.0994
235.0177
222.5528
229.2841
259.6817
195.0695
205.4108
243.2075
247.8670
258.8100
226.8178
