219.0210
262.1458
219.5775
212.5237
180.0232
246.3441
182.6699
182.6635
252.5573
185.4951
230.3679
254.0281
186.7855
263.2064
240.1978
225.7745
185.0922
226.0228
180.0109
225.1417
215.7628
223.7343
196.9878
198.9532
256.9527
241.6492
217.7865
269.7530
250.4212
209.5855
224.3784
210.7979
234.1329
217.3107
186.6185
234.1909
222.4630
229.6445
186.1447
241.2222
253.0502
190.2544
264.1207
254.4838
248.2553
247.3253
230.7391
251.5894
261.8403
196.1603
191.8987
221.3275
190.5688
220.7532
269.9148
198.6864
223.2967
188.3940
216.4584
242.2512
238.8872
216.5749
206.2563
200.9808
190.2578
249.8599
205.6125
226.6064
206.7381
187.9385
233.3747
222.4212
265.5429
259.7040
258.0235
266.1129
183.3365
230.7645
214.8818
226.5865
216.0531
195.7655
186.5267
237.6740
233.9557
217.4263
188.5656
224.6273
219.1282
206.5015
206.3608
210.8290
207.2565
198.3457
234.4264
228.7051
221.2351
251.8352
250.2359
195.0594
199.7560
222.6784
211.2861
233.2316
230.6115
225.8389
207.5462
203.2608
255.3062
249.2100
215.8008
212.0419
217.6199
230.2875
235.4635
224.7039
215.7097
212.9659
232.1058
243.9418
220.4093
222.1873
200.9296
197.7042
196.0950
208.8384
190.6579
195.7345
231.2269
234.8570
228.3808
217.8298
242.8938
227.9442
246.9623
234.8604
233.3948
218.0096
231.5972
198.5214
252.9975
264.2286
244.5677
248.4338
206.0549
194.2316
194.6476
210.7302
232.2608
237.6460
209.1510
254.1617
236.6673
229.2992
217.3967
225.0029
226.7420
228.5368
234.3976
227.8642
229.0940
249.2320
216.6283
219.8451
239.9199
192.4866
199.3324
207.5249
248.2490
220.2802
203.9031
209.6326
215.9883
211.8536
233.7289
230.6299
267.4976
231.6880
226.0425
234.9406
218.1630
196.7338
199.8379
248.8532
251.2734
191.8228
190.7104
238.4439
222.4943
235.9745
185.5118
214.3604
220.5683
208.2489
214.4183
221.7994
191.9036
198.9055
247.9292
260.1269
209.8124
234.7693
250.6882
217.2691
229.8978
220.3370
222.6732
196.3909
228.9032
221.7386
244.1259
259.6051
190.7348
234.7887
231.5841
252.7023
240.6940
254.0260
229.8528
239.1088
219.7315
231.4412
223.1481
193.7012
226.2590
240.1154
260.4427
194.1223
250.0098
240.1306
254.0792
260.0064
240.6954
187.4134
204.9246
255.6415
231.4666
205.4934
246.2591
216.4295
237.0086
216.4456
260.2101
246.9892
226.2371
242.0072
251.1096
199.6661
255.8667
255.9714
235.0370
202.5109
244.3502
239.8182
198.0135
250.1393
214.3174
217.1167
218.4572
245.4340
241.6678
239.9232
217.9093
249.3046
198.5574
219.6797
210.6153
243.1797
246.5487
233.3813
256.1700
238.2790
246.1615
247.9099
217.9353
217.8105
212.0779
216.3644
237.7704
237.0833
251.3588
253.7264
245.8695
237.9023
263.1726
219.8350
235.7067
231.9528
220.5488
229.5490
261.5829
228.7137
237.0360
210.9923
188.5440
220.0042
244.3407
211.8760
251.6436
194.0526
183.3632
227.3792
233.1127
207.1945
237.8297
265.7514
229.5928
208.4545
198.5972
197.2833
226.0159
258.7182
218.5874
211.3804
252.9312
251.0194
226.6122
252.8518
199.2070
194.5556
236.3397
232.1680
233.4904
230.7000
199.5049
186.9859
252.9195
251.1151
223.3620
214.1759
233.3707
238.2423
249.8041
249.9843
242.2499
238.5567
227.1713
231.4307
203.1474
199.5553
240.9801
228.5921
193.8063
182.2703
219.8968
225.9517
201.5475
194.9607
188.5930
184.1673
262.1900
255.6514
215.6526
234.6233
218.5286
242.2127
228.4621
234.3656
237.5062
197.5427
189.6382
198.4960
204.2783
220.5235
227.2787
200.5208
226.5089
232.8884
215.9738
231.2644
231.8762
206.8180
212.3187
224.5061
224.7092
199.2509
202.7315
232.8232
219.7716
187.0986
185.3332
239.4181
247.5734
200.1827
225.4805
214.6872
244.7447
219.4370
186.9809
210.8337
233.3998
215.0420
218.0171
196.9187
203.0610
249.0734
257.6515
240.7688
237.7976
207.7541
228.0583
204.9626
221.4967
224.2207
210.5134
206.0576
200.2094
249.5395
233.8716
226.6903
183.8762
198.8282
215.3445
192.9993
214.9789
192.9184
211.0507
216.3977
205.0161
193.3617
200.0843
222.2135
196.7860
210.6862
209.1305
198.3906
235.6097
225.3054
234.5084
223.8468
194.7069
199.5013
235.8076
244.9795
244.1649
241.4581
189.6912
196.5296
192.4325
209.2520
251.5224
250.8079
194.7355
180.0552
208.3674
211.3495
228.7526
254.5338
231.7559
194.9216
203.8510
234.2863
198.1355
209.5653
183.3494
229.1856
240.1107
220.8987
227.4354
264.7738
229.2434
233.2693
244.0838
239.1677
250.2726
248.7367
250.7060
246.8685
212.3079
261.5047
261.8597
220.6494
229.8467
205.0337
194.5374
222.7212
224.4275
230.9115
231.4749
191.0254
208.2901
224.9696
216.9699
235.3279
236.2980
242.7084
235.3621
215.1759
212.5264
211.7815
222.3451
245.9522
242.9964
196.9509
196.3469
236.7356
231.1003
212.4811
206.2076
213.6499
209.8748
247.5610
247.9339
202.3196
208.8719
246.8110
242.1398
214.7548
208.9616
220.4621
233.8332
196.8791
213.1840
223.2443
239.7694
236.7552
221.5268
220.4741
206.5208
248.8963
196.9672
218.1882
211.7692
212.0846
219.9409
205.0259
210.2104
222.1370
185.7522
193.6296
222.4108
203.4327
208.8289
216.8362
236.6190
241.7733
218.0525
204.4603
219.8197
229.4976
236.4181
239.9845
215.6507
219.4574
241.6329
238.5574
248.4205
247.6881
205.5336
249.6995
251.5897
229.0597
232.4140
200.7612
199.8178
194.7583
201.2710
228.6654
234.1502
209.7583
228.9308
250.9972
251.0430
231.4097
219.6665
240.6992
203.5855
265.7082
203.8145
239.6974
222.2658
246.7229
242.2217
214.6947
251.5187
260.5024
229.9158
219.4670
216.7452
267.7883
201.2812
233.2979
245.8234
209.6941
228.3409
197.3178
228.1938
249.7707
238.6675
265.6333
218.9065
239.3688
195.6969
185.2926
223.8672
237.2794
263.2760
258.7543
214.1387
237.7803
257.8121
198.6697
234.1189
243.4860
239.3325
236.7200
214.3655
223.4275
218.1390
232.4615
244.8543
239.9421
234.9043
231.6616
234.2436
235.4965
185.9651
199.9848
245.8322
235.8226
204.1575
206.4367
236.6797
236.4754
226.1740
227.8564
207.7785
225.7486
250.5064
246.8699
228.0493
231.4260
185.2965
235.4510
253.2372
228.9315
246.2715
234.8087
231.1582
237.8360
236.7249
224.6933
208.4848
230.5745
194.5271
209.7457
249.1525
241.2018
232.4848
238.5526
234.5592
240.8218
223.7940
246.1363
214.3027
239.5185
264.9128
246.7585
217.5405
254.9014
246.8386
231.9596
217.6090
210.5469
233.6867
256.2434
257.4854
209.9824
209.9670
217.8970
211.5166
231.5075
214.8462
240.0835
249.2737
203.6812
245.0815
243.4880
227.0119
226.8789
233.5677
224.7119
219.9329
239.9358
186.9175
236.1806
242.9477
213.6658
230.9657
207.2459
216.2486
228.5584
234.2669
238.4837
252.8318
259.5578
190.7789
234.5321
241.7212
218.2804
238.5252
195.3863
229.3216
218.1698
214.2648
238.8087
183.2612
222.5167
208.6328
197.6340
192.7023
232.2145
218.0400
250.4881
245.7776
233.4866
228.5471
260.1179
238.1297
240.8519
211.4450
242.7001
186.5588
200.3860
244.3888
221.0965
221.5807
230.5103
243.6820
238.1695
233.2248
226.5448
249.5974
205.9740
258.0777
241.3276
198.7727
229.9026
253.7399
262.8309
229.3727
243.3764
241.0750
244.5350
249.4939
230.5541
230.5865
237.2237
242.7426
246.0318
204.7921
217.5246
204.8446
192.8818
217.8329
207.9518
230.3949
240.6954
228.6437
219.4715
226.5841
197.0897
264.0125
223.1846
234.3554
240.1829
210.3689
234.5063
221.9749
198.8460
221.5108
201.7240
203.9698
204.0639
216.6052
260.0164
254.6160
217.6750
264.0359
229.3763
206.7575
252.5001
199.1730
190.1691
226.4541
214.6238
210.3262
206.0213
244.4954
256.0068
207.0151
203.7865
237.2934
245.9936
253.3045
202.1473
267.7066
247.2137
207.3492
203.2012
204.4875
228.3410
228.2003
258.2409
245.4365
234.7652
235.3542
214.4167
252.0848
246.5625
195.2779
183.3131
248.8809
245.4360
207.1906
211.8454
199.2349
203.7752
224.9589
243.6394
257.0963
247.5921
230.7785
234.0406
234.7667
228.3306
200.7798
229.9952
221.1328
225.5177
240.6116
223.1827
242.3230
243.0864
202.1041
196.5963
263.3920
255.7906
221.9044
230.3063
233.7158
225.5365
225.2288
200.1756
208.0657
211.2386
205.7655
207.5447
238.7488
244.3350
254.8238
257.8734
231.3719
231.1770
229.4421
256.0016
245.3930
214.3838
248.6681
251.8609
228.0983
209.2117
240.1222
248.6071
237.6609
227.5854
219.3991
232.1303
232.0154
240.9282
248.4243
214.5678
236.6241
207.9983
227.6654
250.1050
256.6521
235.1890
200.0385
199.2258
261.9276
260.1872
208.8296
211.7576
227.2159
242.9551
254.0868
255.1146
242.4848
252.0874
259.6305
194.0159
222.5767
254.2482
191.0374
191.1433
231.2302
230.7394
212.5145
230.1161
243.8925
250.6869
192.6313
257.7581
259.3565
207.8187
253.6885
239.4005
242.6802
251.9900
253.5215
196.5961
191.3455
201.6171
227.2249
232.8958
204.4237
207.5325
245.7058
222.9289
202.9177
197.1501
201.7486
238.7778
231.8656
250.2107
222.0703
250.1421
260.1355
244.3146
224.1416
229.6634
235.7628
235.6845
254.1319
238.7205
246.4408
239.8356
223.1734
235.5829
229.0094
223.6456
231.4977
214.5704
214.5341
247.9270
254.8069
205.9250
203.0243
245.4000
255.4208
236.1493
234.7143
258.0850
251.9675
244.6486
261.5879
213.6057
247.3098
229.1588
216.2547
254.9725
230.6624
220.4208
243.5090
228.0556
221.0832
232.5270
217.2785
214.1787
248.7346
269.8707
212.0818
208.2764
204.0041
211.2739
249.0334
240.1070
197.1946
197.2219
254.4500
239.4844
201.7722
209.7190
205.4630
209.4703
212.5293
203.7967
203.7417
196.2230
215.9389
204.7279
256.4911
256.0827
235.9487
212.4680
227.8992
205.1812
215.9939
188.1640
188.9522
232.1560
205.8172
246.9772
239.3614
215.7134
224.3466
202.0318
214.8663
216.9842
196.3280
199.5947
198.6450
198.6641
231.6892
222.0902
213.8129
245.5931
206.2068
207.2256
219.1521
216.7594
231.3498
225.9477
232.6434
239.8670
251.0681
236.9846
213.4081
240.6686
216.6846
222.8527
197.6345
214.6372
259.5793
236.1517
238.7222
227.7741
223.0436
214.4926
220.3754
210.9969
192.1986
203.4046
244.0822
245.0125
247.7342
217.8491
189.7855
220.8549
223.8996
240.3278
231.4289
232.6588
232.9921
249.6262
235.6486
212.5247
218.0465
241.7790
251.1967
196.0219
260.9695
191.6712
232.3668
200.0054
222.0894
208.5776
215.2524
214.7536
221.1214
210.1976
211.5000
224.8715
205.8832
257.5630
261.6987
241.4196
232.4323
205.8288
207.3238
204.7072
192.9145
230.5336
266.6773
211.7803
204.5965
217.4199
223.8364
209.7739
236.8577
201.8622
194.7397
259.6667
248.3650
240.7030
216.4867
193.6721
204.2751
222.3658
199.3057
216.5565
227.4280
259.6291
200.9844
253.0861
224.1279
208.7697
243.3778
239.5262
190.5376
194.8984
206.4219
231.6335
193.9170
197.4816
245.3837
238.6724
253.5704
235.3379
190.3679
244.1432
199.1288
209.4305
197.9160
247.8200
222.1896
222.9505
212.0913
195.9094
239.2207
230.5427
260.5757
247.5113
232.5321
236.6825
236.7876
238.4525
223.3998
218.7891
198.2914
215.8243
225.8093
211.9725
193.9386
187.4476
185.4808
188.7140
201.7061
224.2493
214.0149
229.6243
217.3721
228.2694
220.6743
225.0197
203.8859
230.1200
253.2078
252.5559
263.7151
248.3942
213.3542
248.5176
196.8807
210.4122
195.5645
197.0626
212.2880
231.3011
245.0171
258.5942
226.8570
215.9981
247.0757
218.0570
233.6582
220.0017
249.5364
231.7645
192.7669
192.2293
191.3722
201.6011
226.5373
206.0106
243.5238
227.5712
245.5034
248.3519
207.2532
194.0625
213.3120
259.1847
250.2446
192.8278
217.2948
207.4302
205.7911
234.5215
211.6833
209.9562
217.3848
198.8767
195.5706
196.6694
203.1886
196.3130
236.0468
190.4663
196.4767
219.6927
190.0429
196.3470
238.9434
231.8848
194.9611
243.3222
260.2846
246.3167
202.5950
217.9785
194.5191
212.9673
205.3650
188.9474
228.5199
196.1490
219.6361
247.5861
216.7392
193.5944
220.0688
226.2071
191.1479
227.7934
232.6206
257.1812
212.9364
199.0606
242.3312
261.7625
239.4395
219.6717
192.4596
244.9265
264.0557
213.7469
258.9454
186.6193
193.7717
194.5352
218.0450
217.7039
240.3951
215.1315
232.2925
217.6830
257.8590
193.2689
203.3669
234.2076
208.5703
205.0453
224.3502
229.5880
231.9702
244.4085
258.3182
229.0123
241.7241
211.5147
236.9387
224.3563
220.6364
233.7425
217.1136
228.9781
265.3167
200.9194
180.0141
259.4023
252.3501
240.7478
257.8388
265.0808
189.9793
210.4948
238.7267
208.5166
238.4208
257.8970
192.6135
238.1032
206.0727
260.6630
196.2166
226.5042
207.2958
235.3027
232.1534
242.3774
237.9595
252.2700
201.8451
180.0017
268.4275
200.4883
200.3847
221.1178
201.3310
255.8503
188.3771
197.0808
232.5987
233.8065
269.9767
220.3185
216.0238
181.0120
210.6332
202.9175
205.6204
251.9510
260.1845
231.5419
240.3727
237.8374
186.7550
244.1073
234.4058
222.8793
243.3217
236.3282
238.7292
214.8154
237.9296
237.5055
255.1213
252.9746
203.3775
207.1386
234.4919
248.7712
240.6536
202.5099
210.4965
234.3846
233.6877
235.4782
217.3317
188.5742
228.6341
205.4041
193.5731
196.3823
261.3759
267.4336
252.4531
239.7960
184.8777
223.8334
232.5382
225.5510
227.8069
214.8472
226.7878
232.9659
237.2818
206.9688
230.5502
239.1167
229.4840
253.2730
251.3821
245.4523
245.6449
258.4553
255.3497
207.8243
208.8357
231.4833
233.5905
241.6302
250.9648
248.4606
194.1109
221.5848
235.9500
225.3170
230.9663
228.8127
217.7314
225.6219
215.2495
214.2776
214.8294
211.6382
256.5607
246.3389
213.8089
220.2263
236.3517
228.3915
208.3580
254.9261
265.6678
210.2435
204.0113
209.1519
219.3523
202.9668
193.7634
256.2894
215.1555
266.8166
201.0635
195.9398
234.4115
217.8043
220.9792
199.9466
213.0108
215.3805
212.6569
202.3822
209.2112
211.1377
239.0506
236.9066
206.1558
218.8880
214.4518
217.3311
245.4384
213.9231
205.1773
210.2143
220.1746
227.4064
221.9276
223.6083
241.3560
235.6800
237.8056
235.3620
238.9337
240.3978
245.5403
215.0040
210.0841
194.9578
230.4684
227.2479
240.9331
216.8734
215.5726
241.2619
244.4805
229.3580
219.7932
253.6869
244.2147
247.8737
229.0365
259.2750
223.1869
222.1016
212.4557
183.8021
232.9227
221.1973
211.3803
198.1947
203.9882
250.2657
245.8997
208.9284
238.2963
223.4573
235.5871
250.1118
231.7517
237.6693
229.9661
213.0590
218.3090
217.7372
192.6090
201.8180
223.8039
229.8760
235.9457
236.3716
236.7261
231.1542
242.1020
221.6204
225.2871
268.3820
212.7089
249.2526
258.1492
209.6637
235.3364
216.0212
242.9655
203.7704
237.4630
268.9946
188.0862
251.4433
250.3700
236.0875
255.7983
226.3595
255.1041
222.8173
188.7010
237.6003
251.9710
254.0540
216.7116
215.8316
221.4522
240.0306
223.2556
237.8327
245.0438
187.2331
222.1987
195.8618
211.5625
215.8250
211.2684
233.8539
247.9983
210.6377
226.3685
234.1446
236.7329
214.8989
215.8206
204.0703
248.3821
236.3195
210.6493
214.6869
198.6191
210.3707
186.9730
180.0143
244.2579
204.3005
224.6601
206.3868
237.0301
213.6580
210.5132
242.3152
226.8751
205.4137
217.9141
248.6685
230.0072
213.9549
207.8494
264.2095
240.3777
204.7811
239.1984
236.8001
214.1021
195.2662
194.2195
221.2413
232.7442
260.6888
218.9209
241.1477
223.0041
218.4558
207.9069
240.9062
238.0552
246.1248
248.5780
224.0732
239.7398
191.0197
237.5001
241.4507
230.8387
233.1877
188.9773
200.0442
218.5531
211.6321
207.9784
189.2895
235.0965
218.6682
232.2596
205.3279
232.2747
249.3433
214.5342
239.5296
247.5222
229.3526
241.1848
258.3588
217.9649
199.3242
212.7256
214.7292
219.6580
241.5315
251.7713
199.0152
251.8125
246.1816
262.6387
246.9466
209.2151
210.3463
227.5958
235.2439
209.2660
244.7746
241.5383
257.4894
187.3919
223.5751
269.8209
218.1505
227.9567
188.8445
225.1519
245.6296
245.4512
259.3748
217.3055
213.7929
250.7136
248.6278
241.8990
242.7078
229.5719
223.5685
223.1003
229.5040
219.2007
231.7561
267.3746
241.3280
254.0816
199.5094
222.5564
226.5393
226.0027
228.1281
193.1759
224.7994
227.9651
230.0907
259.5036
252.9140
256.5835
220.8245
224.1598
228.7554
229.8703
218.9169
228.4172
216.9768
225.2394
194.1234
237.2705
211.7488
209.6882
208.3676
198.6096
206.4661
217.5319
212.0312
219.2816
191.3950
228.7962
227.7010
248.5879
193.0587
255.6842
261.5690
228.2622
234.5134
209.8053
184.2092
200.7679
206.6251
203.6633
258.0586
224.5340
210.0817
223.1003
196.7922
232.3413
226.3848
202.6429
209.6793
234.7913
229.0079
212.3669
224.3047
228.3784
220.3105
203.7634
230.3445
204.5068
199.4636
213.5351
195.9882
226.7249
229.1253
223.3358
225.5035
215.3109
239.8895
223.4072
254.9273
226.7137
224.3324
219.9030
204.4574
221.1769
218.0788
243.9339
234.6835
213.7498
253.0666
262.0972
216.2246
189.8460
185.1487
224.4683
220.8943
233.4438
259.3591
206.5670
205.8389
208.0604
227.5157
223.0428
249.0225
217.2963
208.4178
221.4891
195.3531
193.9651
195.7086
191.3564
256.1695
222.5944
256.7375
217.1130
219.5736
224.7639
235.2559
221.7093
190.1231
252.0398
222.8537
246.4171
246.9144
242.8750
224.4788
222.2973
234.0792
193.1059
193.3436
205.9679
205.5561
201.1669
203.3379
206.3959
205.4384
214.8346
185.5154
248.9391
233.2628
209.5703
218.4407
229.7516
260.4266
213.4249
227.5617
227.0486
252.6877
262.4035
269.7191
221.1614
192.9586
259.8173
194.6603
245.5565
232.6753
253.3474
230.9101
204.2156
192.0564
242.7064
211.3899
235.8394
245.8795
235.2889
195.3952
191.5249
246.5469
204.1036
247.3127
227.9830
197.8725
184.7007
233.3861
202.9580
192.0803
208.8816
197.4965
213.4211
199.8371
232.7289
219.8144
208.1754
196.9767
258.1357
229.2043
217.3613
234.4726
230.4777
258.6942
205.2052
210.9179
215.5227
214.3120
224.4442
219.7617
234.3670
225.9540
241.1593
189.5187
251.6261
261.4551
231.8123
241.6134
206.5704
268.1433
259.6400
207.5354
215.3168
186.0592
231.0931
201.6720
230.4044
243.9350
244.1873
259.4071
228.4345
238.7064
198.3958
204.0836
262.6944
259.7030
185.4947
218.9579
249.0098
253.6473
263.7642
204.1964
212.6020
194.8359
230.9662
228.1585
267.1449
192.9043
237.6752
204.8798
206.3179
203.0077
226.3645
257.0959
240.1115
234.0928
241.6666
205.8591
241.5049
253.7649
228.4105
202.2482
239.9503
197.4467
213.6328
241.9348
216.3904
184.2326
251.6851
242.9020
206.9628
222.9826
230.7118
215.2935
227.6310
232.4801
224.7873
223.6235
256.0623
240.4273
251.2575
255.8929
259.7362
205.2947
210.7316
257.2723
192.6404
192.0798
206.0269
262.2920
232.3063
236.6912
208.5678
226.5184
264.0198
236.9369
238.8316
225.5985
199.4661
243.7196
260.2887
221.1495
212.4951
229.9177
241.3657
257.4829
226.9252
222.7440
253.4086
210.4514
231.1048
236.7576
249.2794
233.1981
222.7040
238.4077
243.3264
211.9922
207.8980
235.2489
186.6996
245.5612
199.3953
203.2940
224.0944
250.5500
196.1511
221.7886
268.3243
192.6223
262.3997
231.6599
218.4354
261.0643
207.9642
188.9562
193.8591
229.4278
224.5492
254.0307
239.9344
207.9740
229.2864
224.2832
242.2844
235.0213
224.4433
223.3174
247.2058
215.3795
229.6477
189.8051
184.8008
209.1752
186.1184
262.4667
210.1345
236.3236
223.0242
235.9753
233.6213
237.7550
222.2258
215.3227
244.3006
220.6614
213.2774
233.0443
259.2831
233.7762
261.9094
233.4647
221.8320
258.9990
203.9426
227.3589
224.9966
231.1761
220.9298
229.4762
194.7458
258.9299
262.5978
267.3899
231.0601
211.7263
250.8906
256.0728
192.1496
254.9190
234.5440
227.9277
236.8959
234.0397
197.4922
209.5196
193.6677
205.4748
235.9836
237.9542
189.0394
243.1393
210.5148
225.5941
242.0252
196.6222
255.1923
245.6698
205.9731
258.8039
216.4378
256.5674
249.6294
225.8544
252.7733
264.1727
203.0636
229.4411
220.4992
184.0971
215.6634
202.7264
231.1443
227.1171
229.1818
209.2922
230.8739
252.8514
209.8481
239.0579
205.4897
253.1114
216.6935
242.8306
231.5510
233.7532
220.6421
255.4582
255.0578
230.6712
243.6800
239.5441
200.4824
216.3019
250.6978
185.9495
185.4140
226.8279
186.3166
208.5416
237.0007
232.8932
222.3762
211.1419
191.2675
258.7448
212.3522
218.9732
231.5342
212.8459
253.1348
236.1971
250.4997
227.8718
215.4867
237.3900
237.9815
259.0302
229.9508
182.6791
187.9484
230.8027
241.4150
202.1842
250.2879
235.3017
244.1430
258.3398
205.5910
197.3404
210.1267
203.8121
250.4502
262.5629
261.9245
245.8181
199.8996
185.8101
263.5826
246.9949
240.3956
199.7639
239.6637
197.1164
261.6035
240.9756
244.3376
203.9327
227.2408
233.1886
241.9682
188.4147
203.7703
241.0541
255.9670
201.5233
260.1906
240.7875
202.4263
197.3177
223.0866
239.4897
242.5094
243.5170
228.9134
190.9763
229.0701
240.7468
213.9370
197.3414
207.1497
229.8748
252.0845
249.5406
261.8357
259.0864
196.7187
267.6442
240.0875
219.3585
237.9340
224.0241
259.4061
226.5820
255.3931
206.8486
233.9800
214.8675
256.6278
194.3291
184.8639
253.0179
204.7353
252.4674
194.3558
251.6338
260.6628
182.8929
194.5970
192.9411
249.0780
221.2952
252.7961
198.9736
223.3394
230.3244
202.5167
183.4981
211.2618
191.3282
201.6254
219.4841
204.5685
222.5579
228.1955
261.7868
207.5239
238.0411
263.5793
220.0530
245.9352
224.1833
230.6001
251.1941
260.8763
256.1502
207.3306
184.2605
253.0539
239.0080
225.3819
227.1277
266.8688
186.0736
223.2666
260.5611
246.1947
209.1596
215.5551
224.9001
268.6454
236.5831
186.2047
196.9307
234.9900
221.6041
265.5114
267.5360
247.8512
239.2874
209.6877
198.0367
216.5707
180.6799
198.9598
258.2617
259.1891
180.5506
212.1176
249.9075
217.9334
180.2429
222.1416
197.1290
189.4194
193.0282
235.6691
206.9829
204.7079
255.4554
210.4980
221.2585
248.8375
264.0565
223.5455
213.4958
226.0174
210.9929
196.0619
222.7432
236.5361
219.6358
182.7594
209.5272
250.6515
195.0531
258.7049
208.9611
248.0173
230.8788
261.5663
210.4073
211.9044
209.9214
199.8927
197.3570
252.4760
230.3601
214.3193
212.6305
262.4884
217.9930
244.8292
207.0607
263.9665
235.6703
220.6250
211.2372
238.4831
194.9679
269.6490
232.9565
181.8438
201.5776
265.5343
220.4023
262.4147
226.7710
231.7028
238.2145
206.5919
261.2537
242.3753
195.1068
231.8920
232.8465
199.9758
197.8092
183.6678
253.9072
267.5410
200.4612
264.3189
224.5768
226.2955
185.0642
234.0432
266.8192
234.9485
253.8691
203.9356
247.4020
260.2865
212.1355
240.1913
224.4057
234.8816
246.0790
215.6143
265.9399
255.8721
204.5607
257.8444
249.2731
232.7706
228.8421
180.0004
257.1483
206.3479
268.2043
219.3860
225.2678
184.9133
252.1296
228.3344
262.1494
238.3218
219.8834
232.5622
200.9435
241.1063
256.0820
209.7226
221.2332
216.0065
187.8169
208.7650
239.1620
229.9760
264.2179
210.2760
214.0701
194.0673
258.5165
208.4406
207.5362
254.1954
240.9365
205.2662
202.9978
218.4441
218.7649
256.3041
244.6272
237.1265
233.8721
217.5870
213.0411
249.2178
226.1816
206.9885
232.9811
270.0000
214.3807
238.7853
247.1278
234.7059
226.2461
216.8391
207.4354
213.6361
201.7095
218.5987
251.5839
202.7253
230.2174
223.4005
239.4669
213.8038
225.2784
252.9724
214.3020
248.7798
225.1745
217.9895
200.7700
231.1481
239.7809
251.2009
218.1056
196.3553
223.6454
214.1584
240.3223
218.6802
249.9060
229.3608
232.0062
261.8030
238.8390
194.9995
190.0745
213.2215
200.5758
222.3070
256.8000
253.9079
248.5123
244.5754
224.2332
195.3312
246.8193
217.0347
222.0070
211.4801
241.1257
239.6630
250.7580
255.6492
235.8378
208.2758
218.6863
180.0551
233.7496
193.3341
258.5296
228.8162
236.7830
229.0361
220.5962
246.0553
243.4765
230.2424
262.7412
251.7501
227.1005
227.5803
260.2133
216.7652
248.8020
235.1249
233.9669
254.9674
252.5851
246.9262
193.8426
191.6320
248.6197
197.0802
254.3707
250.7432
239.9490
234.7593
255.9324
202.7400
251.0126
222.6664
248.0872
238.8014
191.2289
249.0463
230.3508
234.1732
248.1266
249.0032
221.8738
185.5021
225.5168
228.1266
225.3677
216.2463
184.1698
247.6084
240.7489
235.1261
212.8146
234.2418
181.9330
252.0321
241.5536
202.3178
234.5763
230.6473
229.6802
216.6035
209.7908
225.1180
204.7851
207.0443
188.0153
194.4054
200.9088
206.2953
199.5809
192.0188
197.8591
206.9691
206.6705
220.1531
244.4149
196.7181
236.4303
222.0289
215.8001
233.0682
252.4982
239.6247
192.5272
228.3851
224.3108
193.6391
206.6922
212.8090
216.4220
246.5602
244.1669
187.6848
200.6471
224.5934
186.0273
185.5419
242.9598
236.6310
221.1727
222.5225
249.0223
245.7352
207.4644
209.8319
223.7668
222.8857
233.5619
228.2798
190.2388
197.0690
231.6788
230.4419
209.6035
205.1416
206.6448
206.5148
226.7457
224.9628
202.9872
222.1366
223.9724
227.2243
250.6756
252.0187
228.2919
227.3840
236.7935
232.5032
226.4324
206.2375
198.6604
228.3835
200.6255
202.8495
209.7412
223.2844
237.7190
244.5028
230.3513
204.8361
189.6412
215.3640
247.0211
245.1643
251.5128
208.9236
209.1327
224.2047
216.6230
238.1759
245.7174
213.0995
210.1738
247.4375
240.6103
218.2765
215.0697
198.3786
192.9852
198.5178
185.5916
192.8955
225.4278
233.8086
224.1629
236.5372
245.2717
246.6949
187.7527
189.2781
224.6999
232.2520
224.3926
230.8925
199.4417
243.8296
249.8914
244.2421
202.6426
254.5616
214.7284
233.6949
222.8989
213.8866
194.4985
249.5076
192.7959
199.9273
218.0540
234.8731
203.0787
194.7961
192.2443
195.2128
235.8812
244.7972
220.4831
217.5356
236.2094
214.6607
228.0224
254.9425
222.3678
228.9016
218.7778
209.9854
199.6503
216.0807
219.6244
221.1410
246.0612
242.3115
245.3495
243.8335
211.7851
201.2364
248.7010
253.1363
261.0198
233.9344
215.9793
216.0732
247.9924
230.6848
233.8989
245.5704
230.2026
250.3844
212.5198
235.6606
228.3674
228.5992
229.9881
220.0521
249.7728
193.6923
196.9743
222.2642
216.2980
256.2406
226.4321
227.2842
267.2962
231.9579
190.5499
197.9508
197.4773
244.9664
201.3786
236.5717
226.1724
221.8124
193.7942
201.7353
190.4109
221.6511
254.5707
247.8825
236.8048
242.0987
243.2338
265.9007
187.5279
206.4478
200.7296
219.4424
227.1740
228.8250
222.0723
237.4923
189.3675
202.7079
203.5316
201.5665
230.5449
236.2311
246.4686
225.6199
214.5225
224.5357
247.8332
201.3899
192.9195
221.5604
220.4201
237.1063
245.7438
251.7383
187.1658
203.2570
216.2818
233.8901
201.0752
227.0596
236.4303
211.1789
189.6368
236.8120
235.6567
215.0272
256.7638
239.8809
216.9727
250.3650
246.8376
247.3252
222.2274
230.9360
236.6606
239.9229
241.2286
202.8801
208.5373
211.4906
230.2546
227.8165
188.7807
255.5672
246.6529
238.9097
258.0493
237.0994
238.9204
217.1190
227.6134
235.2691
235.1272
235.2008
239.6842
212.5879
248.1986
225.3597
210.0984
252.2762
260.3169
221.8636
254.0512
245.1175
218.3146
250.5870
221.6154
258.2734
263.0759
259.5689
254.6623
246.3670
187.8380
187.4141
247.9201
232.7824
202.5154
205.8500
194.9411
224.1341
205.0090
210.5138
233.2972
235.3464
246.2398
250.8260
248.3059
247.3025
233.0298
217.2397
221.1831
210.7409
200.9103
243.8612
235.6654
210.2894
228.9607
234.2362
187.8635
195.8206
239.9795
241.1169
237.7678
232.8105
222.7965
258.3448
235.1221
210.3025
235.7388
219.6079
226.3410
223.2675
189.1726
196.3321
239.3989
209.5955
247.0241
217.8559
260.3092
257.9922
242.3661
247.3826
240.7311
213.8729
221.2846
243.1539
229.5271
247.9995
246.6744
226.1645
223.3986
228.0989
219.6542
221.2820
202.6863
223.1424
218.4457
191.9730
202.1012
239.1809
244.3612
233.7067
256.3901
252.3108
225.8878
255.0922
222.9811
252.3622
228.2850
192.1235
198.2228
226.0878
218.6009
260.8243
222.6307
236.6323
245.2101
248.3994
214.5787
183.2890
231.7610
265.8533
230.5719
227.1359
237.4568
193.6782
219.7436
234.5904
215.6245
249.1838
197.6293
211.9790
239.1314
219.1978
251.2610
187.2555
209.7548
208.7631
220.4556
236.7380
245.3807
219.1361
232.1231
261.7431
224.3153
183.5969
215.9322
218.0191
256.3807
219.8261
217.6854
188.0940
205.8940
219.0750
206.4640
257.5915
227.9229
261.6434
246.9235
206.1951
236.9075
199.1494
224.2646
219.9739
220.9518
197.9258
242.6309
239.6313
217.0677
258.1320
263.5475
241.7977
191.3426
251.8529
229.5038
242.5655
244.5127
220.1514
219.5139
235.1002
250.8397
199.6651
220.9351
239.3320
269.7492
237.3683
216.5211
202.0939
245.2885
237.0235
214.5282
190.3155
196.8773
207.6531
225.7591
218.7960
211.0586
186.0090
191.5237
217.5011
220.5364
229.5523
185.1276
242.4494
231.7178
224.6707
202.1899
211.5121
191.5879
202.4994
246.4248
250.5644
183.3105
220.2363
219.1814
242.9947
219.8248
217.6834
218.2610
207.8566
215.8114
241.7037
223.8758
236.0459
204.2564
227.4163
202.4818
210.1903
269.4156
196.5399
196.8835
238.2778
225.1623
182.2903
207.6226
213.5599
235.7513
230.1354
227.3140
232.8368
244.6405
250.9970
241.1453
196.9119
259.0543
250.0981
210.7664
230.2782
229.6243
223.8541
244.4497
236.0488
205.5297
218.8812
232.7439
198.5950
201.3889
193.6024
259.5227
259.5081
226.0873
228.0146
204.9053
258.1278
199.3178
207.0890
196.9006
218.4911
233.4827
204.8117
252.6541
213.9653
223.2272
231.5599
196.9204
239.4922
195.5263
219.7925
194.0917
230.5050
222.2326
229.1684
208.8636
189.3766
219.8102
239.0405
224.6764
194.5829
234.3322
257.5505
246.1369
217.1699
233.6520
247.0060
248.6909
241.1379
206.5604
244.6789
227.3383
221.7829
223.8006
230.7261
196.6170
201.0079
232.4488
234.6535
234.0348
226.7177
216.3431
220.8758
187.3274
190.8091
199.5185
190.9543
246.3425
239.8273
206.7039
202.8710
247.4673
231.5957
209.1542
220.0636
204.8636
209.7478
248.1033
247.1254
189.7391
238.1982
251.5280
255.7352
250.8735
218.3430
217.2481
210.8306
231.6290
233.0463
238.5891
238.1543
201.4461
240.2614
194.9117
192.0363
228.5859
183.4804
205.4427
185.7304
206.0014
197.9342
220.2450
201.2087
213.0700
212.4802
207.7330
194.7566
188.5420
202.8536
204.7733
210.8536
203.4346
206.0858
232.3699
265.7252
245.6379
253.8514
231.2270
252.3129
188.4593
192.5557
224.5995
215.2160
237.6098
234.9320
265.7677
249.1283
229.6820
238.2023
248.5986
237.5211
194.5458
212.1059
233.6359
238.0487
209.8196
230.6224
226.7057
247.5257
259.4969
264.5908
225.8691
246.9050
237.8123
263.0932
259.6770
268.7041
245.6644
203.0203
229.6764
243.2822
242.0344
210.8288
206.6944
205.6141
197.4929
245.1513
248.9833
248.8139
248.7866
253.0657
248.1893
243.5923
193.7212
238.9700
201.8274
248.2326
246.2145
229.7607
216.1236
246.2620
207.6077
215.5051
256.4459
252.0647
210.4970
199.4174
211.3263
250.4012
228.9189
229.4796
263.1544
255.1188
213.2264
231.3041
244.7270
240.5491
221.7643
232.0058
227.7454
253.6753
216.8333
213.1105
218.0337
260.1270
250.8727
247.3151
234.7394
257.8629
233.8737
216.9487
230.9154
218.6256
256.4819
262.4765
211.5199
192.2100
245.3607
229.8502
240.4905
265.6680
249.4273
223.1800
232.6323
248.5383
252.5745
238.1847
217.0519
210.1024
242.6205
211.0882
231.7360
215.9648
191.8865
214.8166
233.1632
194.5748
197.2770
212.7711
250.4772
257.9388
261.8490
218.7056
197.3816
258.3886
236.2823
265.7338
252.8832
257.3147
190.4563
227.6055
197.6716
254.8358
245.5497
213.9406
253.4172
224.2071
255.1442
221.8266
192.7459
228.0592
227.8441
232.6498
206.5416
238.0056
220.4882
183.7147
229.1161
249.0136
247.6103
197.6364
215.0818
232.7039
209.5300
212.9478
199.7658
224.2137
263.6065
254.4926
218.7611
244.7930
216.4306
250.2291
227.2204
206.0255
211.4556
201.6472
229.2392
245.0972
234.7787
220.4398
248.2451
196.5012
222.4064
237.5801
185.3990
263.2655
194.0400
219.4069
235.9186
215.9877
249.2258
219.1454
