213.7698
254.5817
212.6053
241.4075
180.0465
238.8085
182.6929
182.6865
247.3033
190.1454
186.1554
231.3050
186.9643
259.5331
246.7320
225.5651
180.2686
212.3593
180.0040
251.8630
247.0808
253.7839
215.7261
200.4662
248.2517
226.7120
237.6702
269.7470
253.6712
206.2564
216.0945
201.4240
227.5013
206.5202
187.4670
239.9608
215.1645
226.5118
185.3418
247.9011
265.3580
182.3815
264.5895
251.0458
250.2676
249.1241
223.6432
259.0785
269.5919
195.1539
192.0765
203.9367
205.3883
217.4002
269.9254
200.7805
228.3445
180.7752
185.9542
237.7530
256.6830
201.5079
209.7533
221.7653
182.9582
267.2615
201.8991
209.5952
189.8708
197.8885
205.3866
240.3040
264.7306
265.2373
254.2907
267.9249
188.0065
262.3890
190.2513
225.8079
222.3643
190.2598
187.2149
238.6442
231.6576
182.6910
198.9051
181.8140
213.8048
219.4864
200.0595
225.1967
210.7400
212.1726
220.8774
256.2318
208.7131
250.1052
241.6797
183.2505
212.3185
224.5870
217.1848
219.9858
243.0141
222.6876
205.3893
185.5134
246.7841
198.1722
210.3949
202.5409
189.3362
257.8719
234.6154
201.4459
242.8496
237.5502
252.5234
235.3401
205.8803
249.6891
231.6945
216.7557
193.1555
232.3384
215.3815
233.8521
213.5249
250.2830
216.7772
247.8110
218.5366
205.0611
218.6868
231.1699
239.3576
226.7613
243.8463
197.1802
237.0798
261.0968
220.0666
241.6795
243.1720
186.8889
192.5457
260.7973
244.3312
263.7698
183.6705
261.9476
196.6368
189.2744
198.9346
257.4252
255.3788
242.3523
210.0427
256.9058
242.6688
258.6626
244.7097
210.7064
266.2850
199.0874
245.8791
212.2490
252.7681
243.3774
183.0365
241.5993
258.4144
200.5080
263.3129
195.9602
268.8202
225.6804
250.9394
234.0418
214.6093
204.5054
198.9805
231.0716
243.2364
187.5047
182.1745
227.3268
238.1983
188.2762
192.3509
192.2217
222.8371
203.6213
198.0795
259.4823
198.2642
208.3207
244.0240
265.4913
222.0967
224.3103
227.9273
205.5170
193.8288
259.5516
191.5778
192.1652
241.4530
227.4396
186.0028
245.8179
223.1530
243.7075
236.4595
252.7827
207.7546
246.1279
239.5010
199.6695
230.7595
212.1178
190.0380
187.9684
218.5170
230.9050
258.5413
188.0464
241.3793
227.7227
241.5514
252.5445
187.0357
182.1171
186.2853
256.3860
247.5884
202.5296
245.4837
259.7554
237.7637
264.2396
247.8090
222.7262
203.9018
231.4457
256.6874
184.4868
236.2324
239.6159
258.3929
190.4192
259.7843
213.3157
182.8777
211.1790
184.3528
210.7448
187.1061
245.4689
246.6365
241.4774
227.8984
258.0096
202.1436
243.6183
196.4908
216.2962
223.3924
245.4598
266.1290
235.0438
244.1351
263.6100
185.2999
189.4178
231.4894
238.9927
261.5572
256.3965
226.2127
231.9880
244.3144
266.9077
257.7696
193.3723
233.4030
220.9277
212.6198
226.6718
264.9133
245.5346
243.9392
194.7110
190.6568
208.4807
223.6657
187.8222
264.0848
220.7132
186.6981
252.2999
256.9540
208.7541
216.6904
261.2331
263.1479
218.1055
244.3782
208.3270
243.1672
249.6905
220.6079
193.4453
264.5144
267.0686
244.1254
264.7450
201.1906
201.2142
230.4243
229.9377
232.0641
223.8745
184.7392
190.9797
245.1628
249.2136
215.5625
214.6033
232.7211
213.9137
247.4775
217.8694
227.9942
223.8636
226.1039
221.5896
230.6430
196.7730
203.3754
224.5523
225.9944
181.7751
199.8240
196.9097
256.1479
213.0201
198.1351
184.5632
254.6562
244.9029
232.9855
200.1825
192.4848
255.0729
223.9539
227.2177
207.2913
211.5627
188.0955
209.3494
216.1542
230.5430
245.5290
224.0743
219.1282
233.5045
206.1938
213.8549
210.7821
213.6689
218.5322
238.5546
212.8276
196.2734
226.0575
214.2823
182.8081
193.5710
182.9305
190.5922
262.9561
185.1527
220.0085
201.3590
266.1368
199.1630
184.7358
234.3848
209.4534
237.5146
249.2588
188.4742
212.3383
241.9400
264.8753
243.3563
214.4946
197.5743
237.5398
193.3765
227.6507
193.2972
235.2227
237.9276
265.6101
265.3811
238.5820
207.0136
181.5432
195.9163
220.7613
207.5695
258.2503
201.3678
222.8234
263.0376
214.7355
183.6244
184.3049
227.2654
224.6556
254.5400
189.0927
217.1887
241.5281
258.2766
246.2209
181.5214
204.7291
193.8645
251.7199
263.4775
234.5719
211.0612
207.7141
197.3809
189.6252
199.8533
205.8674
228.0462
194.9288
180.0063
182.6187
189.2785
182.0567
264.1903
203.1491
204.6889
224.4488
259.9297
222.0160
243.1016
186.2584
232.9852
251.5595
208.5355
235.3614
257.8172
212.2070
256.0072
241.7277
228.0676
223.9124
232.5000
223.9001
209.6861
240.8064
245.9931
250.8715
236.7691
245.1420
224.3894
204.6515
217.1323
212.9624
221.4783
232.8356
203.1455
231.7044
215.8045
206.1450
228.4452
248.2813
231.1285
212.4953
230.5411
216.3686
216.8525
262.5386
249.8565
248.6015
208.5241
201.6904
245.2224
229.1303
230.7740
197.3996
202.9026
235.8204
230.4842
227.7692
219.6611
248.3909
248.2671
233.0583
252.9297
220.3739
195.9035
259.1614
200.8239
206.4535
250.3583
235.3526
254.5561
195.3329
218.9357
210.3067
268.5755
203.0651
219.8036
212.8893
195.6003
233.7762
182.9361
201.0265
248.8467
192.2275
233.1977
217.2900
183.1364
227.8673
223.6572
229.0600
266.3222
216.2045
181.9240
253.5659
241.4248
258.4441
198.3586
201.5129
217.9459
261.4609
213.6220
206.1573
217.6332
199.0046
190.9330
229.7118
236.9174
230.6895
228.4329
185.9473
194.4159
263.0758
218.8270
269.3582
234.8877
215.5879
265.5108
256.9375
248.2889
233.7762
236.5181
238.8762
264.9800
198.9078
245.2991
232.8675
260.8356
251.3333
223.3955
236.3148
256.1789
200.6203
191.9407
204.5487
266.8041
202.8977
205.7835
248.0728
225.4967
226.1593
199.9667
211.7795
257.3398
238.5414
264.4064
243.3175
199.0713
181.6797
183.8604
211.6868
241.8789
265.4294
260.5234
210.2274
248.6019
259.8626
191.4220
241.3968
263.4891
248.6477
238.9293
189.7204
224.3163
252.6369
247.9699
246.1884
247.1356
235.6438
242.7238
243.4825
261.3222
187.9183
245.5171
242.6754
201.8268
241.1050
187.5371
233.6163
230.6822
234.8801
250.9529
211.3366
224.8891
254.4674
237.0530
206.3587
207.7989
183.6079
233.0817
257.2020
217.5777
193.7262
237.3650
237.9174
257.8589
219.4337
249.4631
187.0431
242.4735
207.4426
243.0354
241.3062
227.3809
234.4828
183.9876
192.1222
216.9555
244.7985
252.2419
216.0628
230.5945
264.3316
220.5776
242.9146
265.4578
252.6240
216.8855
228.1635
182.1776
233.4608
255.7673
226.8476
192.5968
202.7030
223.6007
219.8836
220.6783
205.0589
231.7840
248.3175
245.9788
202.9914
239.9235
195.6976
224.4458
249.5826
228.9247
181.7977
233.2100
182.2647
246.5435
253.8221
232.9479
268.4308
224.4488
211.1259
260.5154
244.7665
262.1048
244.4457
254.3875
191.4016
208.6763
264.6350
197.2160
220.4583
193.6779
254.9389
228.7983
217.4408
260.5570
184.4284
265.9174
191.7821
240.2056
184.9325
227.0406
206.8374
207.0569
185.4385
215.7452
181.4039
258.1699
233.0860
265.5093
194.2018
189.2125
188.1315
207.6158
246.3178
199.4628
238.5204
196.8510
245.3828
233.9116
244.8744
215.6937
248.3297
215.6756
250.3327
221.7218
195.3602
224.2451
257.7423
268.3020
245.6886
229.7500
260.2288
210.0897
267.2475
243.8992
197.3139
226.6437
234.1014
231.9461
234.4710
244.5836
251.6519
209.3482
254.1786
201.7845
225.5713
261.7140
184.1260
218.7021
234.2695
196.5338
258.1776
244.0899
233.5737
244.9068
195.8368
237.9097
254.2359
237.4743
236.1911
186.5944
245.0851
182.8831
196.4364
260.0119
234.5045
215.5460
267.6334
231.1806
217.5215
260.2375
214.2621
201.6571
244.4521
229.2479
244.9187
222.3700
203.4163
259.6148
220.8255
212.0034
194.1922
254.3972
239.7684
183.2180
261.1474
205.6792
190.2158
201.6602
207.5594
196.4186
187.3426
245.3546
218.4803
247.0751
245.6202
199.9575
220.9138
223.8267
252.0718
189.9827
254.8638
220.9163
211.8014
201.2753
193.3100
218.9238
182.0216
267.9566
259.0637
202.9972
216.3867
225.8491
210.7397
240.3806
236.2060
256.8045
236.2506
259.6107
262.6714
204.9131
232.0309
252.3158
236.1228
216.6410
246.4400
205.9187
215.3837
207.2112
239.0502
189.4716
210.2688
201.5713
199.0376
224.9639
227.1325
218.4263
219.0332
230.5894
248.5620
240.7313
192.8347
221.8307
208.5289
199.3251
197.2675
200.0868
195.4763
268.0649
226.8587
186.4735
220.7883
207.6408
238.0455
215.4454
207.7102
251.3382
223.5076
241.4056
246.7955
183.7313
215.0853
216.4753
211.8527
267.0571
232.5163
191.1028
198.7050
201.0012
244.2859
242.6565
219.8822
262.1325
203.7816
218.7959
247.2047
256.2026
211.1429
256.5636
269.3111
186.9408
209.1088
266.0767
239.7254
202.2870
240.1944
260.2741
188.7405
243.4341
259.1894
259.5979
190.0961
221.2396
251.0062
250.3235
230.8181
199.5951
239.4596
222.4252
213.9863
190.9355
227.2270
232.4734
184.7265
191.6882
218.3652
201.6165
266.9588
235.6254
217.0574
181.7385
207.3619
225.3693
203.4974
261.4169
186.1152
245.2681
230.9727
197.0275
263.1817
213.6079
224.7902
236.7359
257.0893
237.9535
217.6956
213.2306
216.6682
257.4286
198.6166
193.8203
238.2056
193.5946
196.2717
245.9066
238.8122
219.7113
214.3997
188.1302
238.1794
194.4006
206.4941
211.8688
195.8243
204.3811
269.1428
198.2744
240.7704
236.2016
234.9832
259.2804
188.8992
213.5236
261.6903
236.4101
213.3521
225.8076
233.4268
219.2723
240.1689
269.9647
210.8625
186.3564
222.0639
222.2241
206.2748
224.7708
223.1838
217.6536
193.6242
198.8623
218.7090
224.2994
185.7860
211.3944
248.7220
186.0886
258.6344
223.1162
219.3346
204.0681
267.0317
248.9890
207.4416
209.9008
218.6685
232.9213
244.3854
186.6670
187.9933
212.8397
223.4241
195.8080
227.2596
188.5958
196.1447
228.7490
213.0347
238.2749
225.7136
251.4387
248.1590
203.1633
252.0504
235.0004
215.1811
256.9880
212.6467
219.9369
191.5689
193.1183
228.3632
234.4551
191.1455
225.9591
246.7917
197.9460
236.3660
258.6003
253.4950
229.0404
203.7464
261.8264
239.0974
238.9713
227.8493
225.1744
240.8986
206.2140
214.9661
208.2316
232.9951
229.2966
213.6550
226.0849
250.4201
207.0988
205.3731
251.8156
201.5764
246.2870
231.3321
235.7151
235.8986
268.5449
202.5401
263.1064
262.0172
264.6018
269.2350
202.2959
248.2859
190.4206
248.5090
186.7378
245.0264
205.9863
221.9188
244.8201
249.0535
229.2395
253.4786
253.9613
211.9884
266.2170
254.2085
249.8550
199.4290
216.0391
205.5265
188.3107
203.5639
198.2197
269.0416
248.1800
219.6250
184.6544
218.6345
217.3806
258.6580
202.2980
199.5804
254.6591
259.2379
261.1331
206.1418
225.6738
195.1968
220.4948
188.5141
224.0293
256.7012
255.6265
236.9739
231.4890
235.9311
195.3573
253.3635
224.3634
209.0865
184.1829
197.5757
206.5516
184.4990
217.1732
237.8517
203.8433
252.6314
246.5962
219.2223
200.4153
186.8503
193.0383
189.3986
246.2528
190.7081
261.0598
247.3355
194.2637
220.9708
208.0526
259.6006
235.6999
237.6291
214.8737
244.9625
257.4156
255.5172
217.2105
208.3685
220.2337
185.4975
208.5932
227.3279
187.7266
187.7018
219.4274
195.4183
266.9055
248.6727
264.1035
191.6880
195.7798
259.8579
262.0549
238.4893
258.5596
253.5728
218.3129
235.5512
216.2932
188.7408
246.3946
213.3086
237.7362
219.5323
236.6190
230.9613
235.4917
252.2376
259.9653
263.1808
240.5041
237.2507
259.7101
240.4584
240.1909
248.7407
262.3987
197.3642
203.0443
203.4567
203.5692
228.4298
236.2195
248.0132
230.2334
254.5801
224.6142
243.3845
189.0575
210.2632
233.3875
238.6984
183.0428
249.0428
208.1766
213.3767
243.6277
219.9665
210.2333
212.2361
232.6929
217.2297
252.8462
259.7158
214.3046
256.8121
223.5438
185.5414
220.7079
206.9306
202.5242
226.3646
223.5465
204.7798
223.6571
266.6072
240.6825
185.0775
180.5686
203.4688
249.8596
210.8261
184.6583
254.9900
190.7095
215.6515
255.3981
224.6748
204.1653
195.8665
245.4186
198.2496
221.0847
200.7806
253.8314
239.8687
214.4942
257.6210
261.4678
231.8949
214.8420
191.2265
240.9888
267.3465
220.7281
261.1315
201.1415
197.9011
207.3153
234.9125
232.1547
259.2747
221.6140
218.2015
223.0825
240.4688
195.2304
188.7695
250.8536
231.5543
184.3880
206.8161
195.3834
262.6554
257.3531
258.9940
186.1069
224.6843
208.5783
252.4751
217.4711
219.4922
242.8720
236.9760
260.6070
264.2881
235.1763
180.0093
269.3086
254.5710
242.8613
259.4745
269.4503
181.8979
214.5486
198.8057
234.8260
230.0888
253.4055
195.9052
202.1108
208.1443
263.2663
203.1397
235.4833
197.8665
253.8527
244.0464
231.9828
183.6178
256.6687
217.8373
180.0024
264.6759
204.4116
203.4617
242.5273
197.9004
259.2966
181.9219
202.3279
237.8209
238.1826
269.9773
241.3583
251.2777
181.1100
224.8008
209.5134
218.1973
228.6002
250.4162
218.8083
242.8699
257.1333
191.7096
231.4182
242.6085
212.0427
238.7164
263.5508
252.1894
199.0956
218.2675
229.4266
241.0096
232.8258
238.0322
264.7975
217.4619
264.6726
204.4955
231.2181
256.2678
220.4563
219.7025
240.1556
232.0725
194.3361
200.2185
183.8139
223.9901
250.0651
250.8772
260.1299
249.9571
214.2103
182.8647
260.0847
266.9785
247.4898
220.2732
226.3886
253.6270
248.0599
259.9865
196.8378
230.5201
260.3133
256.4464
224.4322
232.5197
223.7611
228.1585
225.0991
214.3492
238.2038
246.8634
234.4478
261.3459
260.1800
250.6664
267.2701
239.6037
258.1621
195.3560
181.2718
209.6962
233.5304
245.6010
240.8196
189.6981
239.6367
255.8714
218.3094
243.3403
198.0839
188.2694
209.4212
252.1233
250.8906
229.1133
207.5501
267.3411
226.8871
210.2951
181.9460
198.2097
226.8542
198.3584
224.8529
244.5100
266.3932
265.4951
207.9736
215.1703
181.4402
198.8068
191.0617
202.7908
215.7261
213.6539
190.7202
196.1892
229.1101
241.4811
244.7999
209.2934
252.4392
200.0408
222.0864
238.6339
207.0054
213.2843
233.7568
208.5080
200.7234
220.8892
226.2447
256.0023
260.8057
207.4503
238.3971
244.0948
247.9677
248.3460
181.4067
218.2956
209.6517
223.8971
203.7885
263.6754
226.5495
199.8186
230.0346
247.0287
214.0746
224.0681
244.6629
201.7626
251.8532
182.6955
267.7913
196.4019
253.4607
228.3904
181.2490
220.9122
242.3903
210.2013
207.5100
192.9723
260.5698
206.6746
202.9143
257.3754
224.0653
243.5113
229.3938
210.4176
210.4108
257.0272
223.0321
212.2260
186.3355
188.9227
231.8128
236.1102
241.8958
187.1896
181.1451
238.7759
234.0837
235.0422
198.9256
187.9144
269.6912
266.3464
248.7519
266.2069
188.1469
231.5927
194.6714
213.0734
216.3966
231.0512
268.6900
197.6834
241.6651
234.6213
187.4766
245.7372
194.2147
265.4433
245.8650
180.4465
222.7264
260.0431
249.7633
224.1844
214.8119
246.1023
257.2194
255.6328
203.9768
245.7463
186.5824
208.9505
205.8486
261.7259
223.2188
196.6656
256.2945
240.9319
186.6841
198.7410
232.7472
225.9490
190.4180
216.3556
196.2766
231.0108
206.7893
247.4222
194.6002
205.5994
195.3575
185.9679
180.0097
244.0219
207.2512
233.4916
218.5106
257.9663
213.0663
218.3102
245.7928
234.2647
229.9491
219.3494
244.6822
255.1827
216.0858
195.1144
261.9111
251.9829
201.1272
259.8845
238.9121
231.9156
193.5854
212.9955
201.2486
215.3064
259.8025
246.2150
264.1822
235.5714
261.9584
245.7117
223.5256
218.4670
236.2120
233.7210
196.9150
208.9496
187.6884
210.9506
214.3343
237.3475
243.4839
201.1156
191.7667
213.5806
212.0299
194.4878
190.1320
253.0667
195.9746
238.4069
196.4405
222.0041
208.9045
222.0555
257.4769
244.0857
241.6204
266.9716
234.9970
185.5054
241.2549
229.3255
242.5600
256.3045
214.1763
224.3502
199.1281
260.0523
236.3589
263.0149
251.8883
208.0789
256.4257
227.0529
200.0383
187.6120
228.7421
267.8754
259.2190
180.2368
249.0957
269.9805
206.6491
236.7596
183.7471
184.7844
247.6076
255.4907
266.6277
221.8740
227.6447
225.0101
255.0457
213.4752
269.8653
223.4341
265.0170
234.6670
260.1047
187.2471
243.2468
268.3753
243.5958
247.6913
212.8198
254.8812
232.0812
220.1531
224.8049
198.8251
219.3896
239.5459
235.4702
265.2191
260.6730
249.0025
259.5239
222.3114
232.2948
233.5807
229.1151
267.4435
220.0340
215.8648
200.0157
232.3389
219.1609
214.7300
227.2587
228.6173
248.1250
247.0615
202.2236
217.1662
203.0925
227.6002
251.9906
226.5527
206.5228
247.5198
263.3528
261.0182
229.6398
267.2766
184.1069
201.1657
242.0473
248.5732
247.0698
256.8228
235.9342
196.1866
193.4900
238.3285
247.9097
191.1630
193.9914
249.9502
218.4977
191.2280
227.0964
227.9422
235.5214
221.3484
202.8134
265.0177
218.0276
205.9181
205.4550
246.8214
239.6995
224.5387
264.9649
260.4588
237.2317
228.8398
237.1660
196.2626
232.4707
201.6267
196.1133
253.3380
255.6582
239.8683
212.8989
188.6001
243.0632
252.1352
256.8323
182.8436
190.4220
245.3637
226.7180
195.2418
263.0549
182.2901
203.5269
182.7201
211.7711
236.5533
233.6700
226.4135
213.7458
218.4303
205.6685
205.0717
201.6211
210.6526
266.5789
194.6040
248.3763
225.2420
216.6152
220.8416
246.3384
254.3427
185.2069
263.0013
225.6481
243.2166
268.4120
251.2015
193.1045
204.1305
249.4226
189.9731
215.5812
255.9839
207.1193
199.3531
193.4849
203.2784
207.5228
210.0378
181.5228
268.7348
198.2026
234.2818
203.2159
219.8467
243.1289
224.7832
217.8416
198.2147
256.4532
262.5116
269.6108
235.3811
207.7181
263.8914
201.8709
231.7784
185.7130
266.5184
197.7438
211.9809
190.4926
231.4895
237.9112
260.7624
228.4124
210.4466
190.3770
198.3698
267.4361
199.4701
211.9130
202.9542
185.1231
188.7576
233.1120
206.9054
182.4997
194.5726
182.2523
240.0619
194.6597
233.7777
259.3262
246.9352
210.2859
265.1891
251.0162
252.4433
192.0537
251.5736
252.0786
185.9743
190.4635
197.8829
190.3608
227.4305
226.3295
252.8769
218.0931
226.5353
194.0732
255.0474
249.9040
218.8993
234.8569
221.7068
269.5918
263.5684
185.6674
207.1292
186.1880
218.2011
213.6142
226.0291
207.4984
203.3009
265.1971
226.0518
237.0422
212.6485
197.2084
253.7781
252.3449
190.8209
206.1671
252.8034
215.3734
253.6637
207.9100
194.9665
185.2439
221.4591
227.1793
263.1196
201.3098
232.5996
186.4649
196.9451
182.6447
232.2731
254.8941
215.5728
253.4294
230.7066
247.6803
263.9895
253.0422
231.2278
183.1950
186.2429
186.7953
239.1744
216.1418
192.6614
181.5537
202.8620
239.0070
229.0765
234.0363
242.2014
217.4948
267.4439
194.1948
220.7297
242.3105
260.3790
196.3066
219.3316
239.4763
265.6381
191.1726
185.7660
256.9476
193.0247
234.9861
224.3417
262.7170
215.9461
262.3419
202.9640
198.2337
269.6626
246.3168
259.9614
230.6545
202.0038
232.7170
262.8951
213.6346
222.1055
194.9781
247.3634
240.4439
257.3019
259.8338
260.0867
225.7922
212.6888
266.4882
199.3851
205.1013
182.0190
197.8906
234.3356
184.4853
201.0107
233.4164
186.7038
234.2611
248.6786
217.0684
244.7687
245.5426
185.3826
201.5823
267.7283
184.5379
256.8372
226.1706
231.0481
267.3870
183.1141
190.4385
204.9041
237.6051
193.2848
246.5951
253.5209
210.6792
183.9132
230.0902
247.1635
247.1992
235.5021
203.3552
237.0874
204.1922
200.6386
193.2568
185.1183
205.1722
191.6380
256.5175
228.0659
196.5205
207.7284
228.7716
218.2612
193.7734
217.8191
189.5090
191.0254
213.3832
226.8474
192.0785
247.2673
227.0604
269.4692
223.4062
199.2077
261.2220
198.8682
203.2266
234.8537
226.0238
239.2815
191.0019
211.9232
258.4089
265.9191
264.8106
248.3966
265.8414
235.7567
239.6121
208.7481
207.5766
186.0168
194.4286
250.9222
186.8646
205.9003
233.2154
216.2309
183.2622
242.1903
228.8688
205.1413
265.4204
220.7024
185.2554
225.7336
189.0825
267.6784
208.2199
199.8987
263.7627
243.3817
235.2483
234.6912
180.3436
254.8777
262.3158
195.7073
184.5650
192.8208
181.4955
223.6699
190.7636
197.0025
193.4141
233.2659
220.8268
261.1896
257.4421
221.2792
238.7830
214.4380
225.1364
245.0688
243.5213
259.2955
213.0843
191.8518
256.6236
211.4259
210.5612
191.8781
219.8691
192.7370
228.4411
253.2646
180.8280
184.6317
238.4507
186.0731
201.0473
208.5775
252.2216
207.7244
203.5592
195.0693
255.5785
204.9508
214.0991
209.1446
207.2228
236.6196
241.0352
231.8263
188.4076
202.7809
264.7126
254.5108
254.6853
213.9990
180.9579
190.6815
244.4857
187.5825
188.5764
249.4481
200.8028
251.6275
248.9775
204.1933
199.2502
198.9671
225.8054
266.0882
258.7880
259.6812
221.1644
195.8281
189.4824
256.3400
259.8876
222.3956
213.0286
268.1367
195.3607
248.2863
259.2991
256.7710
209.8309
209.2874
242.9097
247.7657
185.2294
225.5526
230.8937
267.6109
195.7262
255.3026
250.2718
192.7339
206.8761
213.7430
241.9537
240.7014
250.6130
233.6785
191.6151
208.7220
254.6356
223.6264
191.2259
206.4708
238.9651
232.6670
239.1665
260.3448
251.0743
191.0435
267.6121
233.7220
221.5573
256.3547
213.6518
259.5943
205.3945
250.2369
207.1841
232.0723
215.8994
263.8278
185.5745
185.0962
236.7525
203.1352
248.7734
197.2048
233.6371
264.7320
181.6629
185.5822
237.5975
223.9784
220.4999
256.1395
230.9260
221.2238
234.9361
243.3453
182.1215
213.0203
198.1708
187.2126
214.1958
198.2723
233.1703
210.3169
258.1512
192.2446
188.6151
260.4991
189.8381
256.0883
234.8134
230.3922
268.1016
256.3870
226.8955
206.8847
184.6710
219.9281
253.3665
186.1718
227.1482
267.4631
187.3727
206.6847
258.6826
239.8793
217.5715
245.2728
253.9171
268.3139
253.6285
184.9469
198.2128
209.4729
232.6184
268.6806
266.1086
237.3415
234.5292
183.3155
208.3045
219.0693
180.7134
211.8157
264.7351
241.6591
180.7535
215.6293
206.9337
214.5751
180.8750
225.5822
206.8112
180.8709
186.0865
211.6709
200.6004
212.1378
257.4194
188.4993
217.1200
229.4363
258.9636
212.2880
249.2320
186.3459
218.6654
180.9942
242.0756
265.6787
212.8318
183.2191
209.0812
252.3617
195.6859
255.0052
211.6222
249.8211
259.7803
258.7098
198.3073
206.9059
221.4784
207.1570
198.0547
246.2782
224.5077
214.0090
264.8986
262.1624
193.9946
256.7908
202.5867
250.2028
255.6686
247.0996
194.5201
265.8115
204.7064
269.6279
216.6349
184.3684
213.0534
260.7578
224.9190
254.1546
219.0252
226.5628
240.0660
211.4105
269.4808
208.5525
194.3074
193.4654
192.4954
198.1195
200.5471
182.0898
260.4008
267.5492
194.2128
266.4281
231.2970
229.8637
180.9849
247.2040
261.5923
252.9707
236.7494
214.3185
242.7073
256.4360
199.8043
233.1259
250.6481
230.6707
243.0495
252.0786
261.5713
244.7276
207.3298
259.5015
257.9119
251.3505
245.7078
180.0006
245.3263
186.8134
264.8124
223.6723
251.3673
190.8560
241.4222
227.0118
253.8213
188.6943
182.9518
246.2255
206.1984
252.0988
242.3963
216.7908
224.5005
223.2800
181.8791
251.3278
244.8285
213.1027
263.0093
198.9960
229.8581
187.6568
269.2234
224.8832
228.4452
242.5903
241.9932
221.3472
209.2928
259.1286
211.4977
231.1035
199.8788
236.3894
256.2676
251.1782
183.3212
229.7326
245.2965
204.5200
222.6399
270.0000
250.7358
185.0788
229.2989
219.6391
215.3023
208.5306
200.9307
249.5099
231.9142
227.2008
254.9078
218.6898
223.6482
233.8778
211.7734
216.4988
192.5217
253.1138
203.5410
239.7909
203.9830
183.0987
202.5147
239.2918
209.9021
251.9665
245.2108
182.5518
239.3674
213.5253
244.2797
230.1428
235.3703
235.0393
214.0165
256.3956
201.9040
221.9365
205.3918
241.2880
190.2775
239.1499
247.3746
259.9862
237.1314
217.1878
255.4225
199.6609
245.8332
246.2546
202.4717
225.8238
195.3764
263.8493
252.4294
247.6368
221.7321
183.6383
200.8259
180.0032
229.8239
188.3320
253.2151
233.3519
234.7301
252.4583
197.1123
225.9740
253.0917
229.7302
265.7312
260.8106
220.6940
255.0566
255.8261
237.3997
253.6273
223.9232
231.1531
267.7446
250.7395
257.4004
188.0873
194.1425
241.6821
191.8897
250.5938
261.0997
248.4631
231.8096
254.5055
210.2875
244.0960
242.8736
246.2600
231.4607
186.9798
245.9946
209.1094
198.3590
247.3542
255.5112
246.8900
180.1005
228.6369
263.6519
215.8680
197.2793
188.7062
248.6935
217.4635
245.4893
225.1915
234.9033
184.7841
250.3777
243.9414
196.1874
227.3150
238.9720
199.0579
196.5913
211.9471
243.4635
204.5365
201.4402
187.2407
184.1694
196.6315
209.8630
194.2352
203.7218
211.6516
193.4779
210.2599
197.7500
241.9282
202.7337
224.1181
226.4072
227.2635
242.5035
254.4898
227.2557
191.1218
262.4382
231.6049
195.8314
203.0452
211.3108
221.4739
242.7124
241.8192
188.6354
238.2234
260.0134
200.0871
196.4462
245.0896
221.4627
235.9523
239.7734
226.4797
227.2192
191.2521
193.6153
223.9937
212.6449
204.7152
205.0994
202.1861
192.9702
235.3326
228.9835
257.0740
207.4958
218.8769
226.8850
190.1891
216.4827
219.6216
214.8075
264.1343
207.5740
252.8389
250.9584
216.6187
237.8003
250.5707
218.8885
224.0635
188.9141
183.5968
257.3861
204.7963
230.6278
254.4272
235.1514
242.4945
261.6736
254.5081
210.0395
190.4164
213.2448
247.9723
240.3787
244.3672
187.2966
214.0994
242.6140
220.6604
222.3715
243.1398
215.4161
199.7759
242.0186
220.4520
229.2514
226.5708
200.5427
222.4389
215.4995
201.8727
205.9991
225.2688
206.0282
240.7607
205.0044
250.9415
247.5077
208.2095
220.0178
217.1447
252.2312
236.8566
244.3876
187.3684
209.3742
240.2220
249.4379
189.9113
215.4764
185.1105
218.9973
230.1890
199.5742
191.3246
240.7238
216.1067
230.6938
222.0795
252.9874
210.5776
184.0838
200.1798
211.6588
212.2022
253.0718
204.2766
227.1203
207.0258
203.7543
260.4265
224.9907
251.0851
265.9096
182.8560
234.2207
194.1882
261.6161
233.7097
247.0228
251.7965
221.3688
244.6370
222.1720
218.9240
222.5636
228.9157
199.5595
263.9255
251.9519
206.8349
185.2010
254.3465
223.9940
253.6572
211.1921
213.0936
251.1081
206.7834
237.8794
198.0406
259.2150
211.2696
258.0526
220.2641
194.0683
187.5325
232.5000
223.2997
238.6207
248.5851
260.0965
268.0232
258.1166
187.6986
192.5890
221.2295
214.0432
213.3919
240.1072
184.9596
228.1999
196.3871
251.3104
187.5181
227.4103
244.2348
259.2508
209.9431
185.9985
251.0736
268.6496
214.8911
231.2563
202.5611
211.1379
234.2366
199.5455
234.3011
262.7263
191.7923
222.7608
201.6302
235.4756
255.5050
250.7966
233.4863
227.1249
187.3634
255.3981
252.8840
190.5399
200.2587
247.0364
228.8192
237.5297
268.6535
206.9373
195.2450
237.1864
220.8639
194.0748
234.9677
230.6205
257.5275
187.4531
185.4492
229.9004
240.2749
191.7155
215.3365
185.0095
182.8992
195.8507
209.3324
234.7798
242.5033
262.9676
228.4235
241.6547
227.9934
203.6904
238.6435
197.8034
245.6053
247.7328
213.3268
217.3101
190.0035
215.9123
266.8947
225.2167
194.5777
232.0638
259.6252
259.2215
257.5480
222.2592
224.0445
201.7388
220.2569
209.7464
227.3114
239.6624
267.2630
217.3964
267.4133
229.0209
217.6130
257.6721
183.7328
259.9049
266.6130
259.3280
256.5024
205.4992
186.0216
184.9443
246.8528
207.7077
243.2097
205.8157
184.9005
239.8979
199.2872
195.9629
227.7663
257.4730
232.3185
258.2969
248.3165
246.0358
210.8117
211.6019
232.0680
213.0804
191.7513
251.0358
233.5251
206.7822
240.7304
268.5031
187.4027
197.6272
255.5725
265.8608
227.5732
203.9916
198.3804
260.4411
233.6941
190.6110
230.0749
232.9293
216.2039
205.8480
199.2644
186.0811
233.1242
224.7536
228.6635
214.3822
240.8022
250.7571
261.2999
268.3846
251.2777
190.6556
213.6178
204.0666
227.2673
265.4432
264.3517
195.2675
187.2187
189.3604
214.9898
227.7810
189.1935
260.0282
196.6396
194.2185
186.3728
260.8926
262.0397
199.7218
239.8598
258.2899
226.3767
259.8670
219.5506
254.3024
187.8119
186.7378
186.3040
222.6777
228.1768
250.9591
252.5915
234.1328
219.9287
230.6115
209.3156
181.6361
245.7952
266.7510
223.5825
218.6509
208.8992
181.8903
230.0815
237.0903
193.3633
252.2945
227.5117
214.2385
246.0419
199.4260
269.0841
184.5752
226.3618
208.3194
220.1019
229.6329
250.7851
206.9957
222.6881
261.4266
222.5664
189.2534
266.9940
220.0981
246.5989
232.4767
237.0377
194.9701
193.8664
256.9169
202.7433
255.5832
249.0767
266.6245
260.4379
187.5367
261.1548
193.4363
243.7574
250.7875
260.1626
195.9555
267.1161
222.5418
217.5332
257.6309
258.0221
234.9377
181.2201
245.7480
223.5382
230.4448
239.1646
231.9135
196.6234
244.6453
246.7585
191.8401
190.3244
249.7479
269.8320
231.0067
199.6773
197.1262
241.2491
232.3916
247.0537
197.8824
199.8451
218.6970
213.3518
202.9942
187.1937
198.9166
219.7427
194.7816
220.3831
207.7042
206.1566
226.5862
255.0417
214.6481
194.6855
212.2095
186.9097
224.9205
219.6891
262.6868
180.4915
220.6772
218.2938
266.9500
221.6297
229.4592
187.0442
224.1104
216.4530
211.9765
219.9428
253.7855
204.3366
186.3705
213.9751
241.0689
269.0125
185.8326
205.9396
228.8453
195.5232
184.4163
215.2802
213.4592
221.7534
189.1812
220.6102
190.6428
229.3066
263.5239
231.3194
199.0600
221.0767
184.8712
223.3038
256.5766
194.6351
204.1980
213.2040
253.7039
220.9014
266.7425
240.1239
216.6136
225.3738
182.6857
219.6885
237.8067
237.0754
259.8053
204.1453
261.3102
207.1230
212.4421
198.8042
256.6840
219.8648
225.3907
246.8087
221.8733
267.6773
235.1902
206.0323
237.8579
204.7066
214.8869
204.6142
231.2962
250.4935
229.5323
220.2484
197.5465
267.6171
256.4791
228.9666
208.0003
231.5406
245.4742
234.6367
198.6123
234.1715
220.8912
227.6090
227.8136
210.5094
254.2092
219.2973
194.0252
216.7748
218.4265
195.1272
223.1961
196.8205
224.0194
222.1039
210.7778
213.9272
221.0534
191.8020
203.7191
207.2041
186.9266
253.9222
229.7467
196.4249
209.1498
247.5404
191.0954
205.5606
244.2786
197.5099
213.0674
236.8490
218.3949
186.6432
255.2368
264.0301
256.2374
251.5787
203.3224
199.5796
246.3879
249.1504
246.4549
235.4037
239.6994
184.2745
217.9448
228.2381
213.4384
242.1159
181.7167
189.0170
183.5962
189.6514
203.6324
244.5158
182.2735
205.9905
248.4309
240.8097
238.0836
183.3715
206.2653
204.1907
241.2758
238.6373
217.8298
233.5306
265.8518
244.7043
216.0409
212.6871
231.4225
197.7677
232.0491
236.1097
240.4048
233.0212
254.8926
254.4128
184.1953
183.4398
260.5170
226.0064
198.4406
196.0117
222.4475
197.8082
235.7589
199.4656
257.8117
210.5303
222.0888
250.5294
268.0493
248.1001
266.2866
213.1467
266.1453
258.5923
268.1084
238.5629
212.2321
260.4483
245.7993
253.3656
214.2261
199.7642
210.4877
192.0536
245.6854
250.9310
251.7580
247.5087
252.3609
252.0798
247.8436
186.3410
263.5403
206.4710
235.9643
259.5022
242.5797
230.4495
241.6173
224.1950
232.4774
262.7875
242.4308
211.7620
184.0659
246.6778
255.4351
217.3255
268.4274
267.6940
230.4524
238.1671
245.6232
251.7529
250.1395
224.9035
267.9787
199.3116
259.7644
203.1385
206.1099
206.3286
251.4024
235.8007
222.0787
197.2921
267.9923
246.8223
196.1254
214.6201
240.5297
255.4835
258.6138
236.4622
201.6389
243.1773
233.6559
197.4317
268.3776
261.0710
226.0286
228.7123
264.1634
257.9713
269.6526
228.5411
198.0204
234.4351
219.8589
242.9952
230.1368
192.5385
220.5849
245.6864
201.1743
183.8472
248.8993
238.7146
260.5467
269.5362
234.4197
198.0562
269.0010
239.7198
258.6095
225.0284
255.1854
181.4248
257.7576
192.8226
248.0735
252.7562
227.8868
255.1301
213.3783
246.5864
221.1775
196.0738
220.2710
216.8118
253.4480
198.4078
225.5746
202.6199
187.4893
233.7065
247.2840
269.2879
196.2625
205.6214
231.8965
256.0756
222.4077
212.4170
233.3386
260.6255
253.9540
202.2821
247.8371
210.1147
237.9310
242.9496
208.1164
265.1588
214.1031
225.2940
235.8796
195.4026
245.3725
243.0084
220.6701
223.4592
210.7165
190.9145
259.8820
203.6493
259.0419
230.1875
187.2165
242.5024
238.6562
