243.1745
252.1311
229.7757
218.5047
180.0129
255.8410
183.7922
183.7832
249.8211
223.0368
224.4317
249.0583
213.7155
250.3588
228.2147
246.4020
189.2528
232.9771
180.0040
218.2273
219.0768
227.4696
215.7049
237.6338
258.4747
213.8796
198.7818
269.8761
242.6728
213.7130
230.6252
226.7921
210.9627
215.2680
198.9518
218.5341
232.9586
230.1958
186.9330
249.1787
241.1573
222.5056
263.3683
223.0578
248.5106
236.2301
257.1451
247.3977
266.0914
242.4468
187.1144
226.0975
184.1180
199.7308
269.6390
217.6362
233.0050
219.8649
224.8571
230.9445
218.9844
222.3222
207.6518
198.8115
210.4018
214.7905
192.5437
235.1236
201.4006
190.7634
230.6559
234.7955
265.6522
263.5335
252.6783
245.8416
207.0210
209.0633
209.1838
206.0296
217.4655
197.4367
187.1503
236.9931
234.5030
203.9425
185.7962
206.0751
201.7669
209.5483
205.8219
223.5769
218.2441
235.0271
232.3147
208.8122
245.6394
255.0365
254.7813
198.0062
202.0860
231.0166
222.8648
232.0333
242.2449
226.1484
209.2928
212.3100
241.0413
232.6262
216.9909
218.2436
226.2198
219.6860
251.3971
241.4874
221.1638
219.3643
233.4000
245.8515
217.8630
216.2941
192.7895
190.0623
188.9083
194.1279
189.8670
193.1177
218.1282
219.6839
233.9960
226.9753
229.2554
229.7404
247.8953
223.8618
232.8772
203.9672
240.8024
207.9315
240.5354
250.0946
246.8297
248.4167
198.8020
194.8167
189.0915
193.3435
210.2566
222.6710
222.6208
241.9112
243.7431
242.7156
237.2975
206.2084
222.3321
225.8067
249.6110
218.6367
221.1364
258.6673
239.7611
219.2270
227.2891
195.2352
193.2952
248.3149
231.9343
210.5608
206.8419
209.2109
207.8132
208.0962
215.0244
216.4887
267.4576
240.3644
220.5694
246.0794
200.4612
197.8039
198.8237
241.7677
219.4573
193.7684
192.2334
234.5679
221.3846
218.3960
190.9906
211.7310
211.5184
221.3454
220.6905
225.5374
187.9931
190.3130
226.7512
242.7877
192.6931
208.6648
249.7934
209.0727
224.1911
228.7198
223.3493
209.3321
226.1095
227.2071
255.5871
262.4496
204.1677
234.5233
234.3410
248.4596
244.0776
260.0925
232.5832
239.3997
227.7642
247.5733
240.1893
195.6205
227.5486
232.1008
244.9079
209.3748
243.4273
246.9188
258.9672
258.4378
244.1350
205.7938
212.5566
241.0842
214.3386
221.2586
250.8348
212.3419
230.8649
204.2443
256.9630
228.5559
237.6950
247.6407
241.1978
221.5691
253.9756
247.0649
246.0920
211.9809
249.6676
252.8072
205.8151
218.8806
190.5009
213.2515
244.9507
225.2847
258.4286
217.2959
232.2476
226.1076
192.4205
206.8902
221.1873
231.1928
238.0581
214.9286
223.3584
205.2143
217.9058
254.4307
209.2622
215.5690
214.5726
213.9090
238.7831
234.8227
239.3325
247.0890
246.0903
219.8832
256.2050
247.6923
231.8375
234.1434
225.2215
233.5569
263.6898
238.8678
223.9034
238.1022
188.0064
200.8664
237.9883
233.6204
239.7726
186.6773
182.9483
216.9466
216.0069
200.3959
244.7365
253.3511
223.3039
206.7352
194.2370
187.7391
207.2136
240.4878
231.5256
233.6826
258.5723
258.5925
253.5189
244.6744
198.0074
200.6047
218.0149
242.2669
241.6191
235.5283
196.1949
196.4301
213.1490
245.5183
231.5211
210.0146
230.8016
216.0955
251.4593
254.6369
237.9682
239.0000
246.4947
225.7127
228.0596
229.3353
216.2292
225.8550
190.4094
185.5519
230.1695
233.1086
197.7086
189.5783
189.5562
209.7890
265.2491
263.8440
208.1254
221.1335
237.7298
233.9223
230.8210
230.7794
233.5282
201.6798
194.0164
195.3239
222.3495
223.1727
225.6877
216.6798
241.8456
225.7915
212.3660
233.1958
210.8199
195.1882
195.7572
200.2129
202.8314
187.3497
192.2445
249.7860
244.8442
189.8893
191.5808
253.7963
245.3371
208.0658
203.6975
227.1920
235.9272
238.2419
196.1954
227.3013
223.4459
208.1077
213.1211
204.2363
201.1760
231.6678
257.3810
239.9967
252.5268
204.9696
212.1171
215.1166
209.6692
224.1715
213.5750
215.5086
195.2781
235.2335
226.6789
231.1151
216.5331
211.0495
200.6785
209.1632
216.8903
211.7617
212.4684
210.2942
231.1702
232.3133
207.8088
224.9273
219.5229
209.3649
213.4993
203.7144
243.1026
214.5785
227.4901
232.1097
194.2159
197.2222
228.1704
238.1818
227.0787
226.5219
195.3872
213.1521
194.4428
191.5624
227.1281
236.9520
220.1015
180.0514
213.8732
213.2915
222.0021
238.2907
209.0129
203.1570
215.3524
218.9749
209.0902
210.6054
207.5523
249.7527
237.3936
231.7616
222.3401
230.9043
209.3507
221.0744
220.7471
245.4681
239.2416
256.0624
219.4507
222.1567
235.7639
256.1046
232.0187
205.6170
219.8444
192.4947
193.1107
212.9158
219.5418
218.2627
225.0794
196.4042
197.3349
216.4480
233.0356
236.0127
229.4492
231.4879
230.2395
199.8991
205.7521
205.8291
213.4192
251.3164
219.8410
198.9164
197.2630
244.0858
245.3531
235.0941
235.7911
216.4745
209.8954
249.1606
251.1409
206.1169
204.8731
232.2152
244.9312
228.7443
206.2635
211.8981
219.7397
207.2635
213.5234
226.5582
244.0207
242.1671
218.0888
221.7160
222.1165
250.7812
235.1349
239.9494
205.7785
210.9734
229.1868
229.0533
229.9569
227.9023
193.7134
192.6904
241.9439
232.3193
198.2830
196.0654
237.1170
219.4952
225.3558
222.3048
233.6078
231.1509
220.5790
251.2000
207.6663
247.9849
230.2782
230.6318
257.5392
258.4560
209.1845
238.1657
254.9291
222.0347
220.9973
197.2258
200.1832
211.5448
200.9590
231.3172
233.6916
197.0892
210.6297
249.1941
248.8094
229.1336
204.7206
234.8919
212.7362
246.1338
201.3583
230.9667
219.5439
231.5401
241.5658
246.7580
217.5947
221.6397
228.0144
251.3894
247.3314
268.4832
213.1804
233.3674
247.5551
232.0450
207.2702
208.8781
219.9412
236.9938
247.3720
243.6126
232.6704
244.4781
241.1601
189.6469
210.8953
241.7173
258.2512
231.9299
232.0997
243.9544
256.8629
230.2653
246.2589
215.6239
243.4540
230.0113
231.9725
202.8211
204.9219
221.4851
243.5848
241.9923
246.2110
247.5421
236.5176
222.2652
184.2805
204.5007
226.6681
241.1411
216.1902
194.2723
236.8386
243.3885
224.7309
223.6350
233.7985
226.5364
239.4775
243.9706
235.1632
240.1780
184.2668
233.0995
249.9664
244.4069
239.3991
241.9421
236.8977
237.6014
244.7772
232.0900
211.3530
234.1391
228.6909
219.2027
238.8990
219.9500
230.6635
238.8659
235.4141
245.0058
224.0739
247.4154
212.0936
228.0142
227.9936
250.1990
197.8285
221.5272
236.9042
226.9426
222.5301
197.9786
206.2144
262.2983
261.8606
202.3812
222.3875
207.5403
231.0435
237.1057
243.8982
241.0690
210.1827
226.3511
211.8246
237.2778
211.6208
226.6984
241.9833
222.1050
221.2328
237.6186
211.7322
230.4496
228.9434
198.9760
203.4160
206.4767
223.2347
210.5297
239.6032
213.9978
215.6345
260.6156
193.5259
233.4789
240.0209
196.4237
247.7448
194.7348
204.8345
235.8039
202.6751
219.8188
182.3928
222.5222
208.3918
208.4153
191.1968
211.1629
218.3792
226.0928
247.0441
235.5932
243.2867
244.9220
257.2881
236.7489
243.8233
226.0651
199.5850
211.7002
222.9079
224.9495
233.4675
211.1515
226.2611
242.0428
222.2549
230.5194
253.1428
198.8036
262.1669
255.1545
192.1245
227.8285
253.2326
243.3039
241.7466
251.9623
212.9043
256.3140
250.7386
224.3962
241.5294
239.5577
222.7867
247.3801
208.3040
211.2876
192.2220
190.6644
211.7425
202.0756
225.9749
244.3440
213.5587
217.3509
231.1720
190.5080
267.6978
218.3370
242.0969
232.7676
203.5163
224.7092
202.9760
194.8773
198.3701
218.1903
204.9762
235.5962
225.5126
262.6278
253.7705
213.7689
257.6802
218.1908
212.4289
245.0672
198.9157
216.3149
244.6925
244.1388
206.0927
227.7761
240.9050
244.4282
213.8723
203.3526
232.0986
222.2187
226.5435
202.8616
265.4400
253.8483
223.3356
214.3833
200.1914
241.6105
222.8428
263.1970
251.5827
209.5328
225.0018
204.4219
216.9385
230.9431
220.7551
215.1706
241.6499
254.5688
213.4579
210.9468
202.3983
208.7439
241.1195
222.6720
221.4957
249.7415
225.9642
201.1957
229.1935
218.1903
193.7901
235.7794
224.2523
227.3150
219.4822
217.1460
245.0999
241.5269
209.6178
217.7267
242.0817
246.3341
208.8974
215.8096
227.3013
224.8727
232.6534
211.0643
207.0929
210.9128
196.6594
200.2042
242.5355
245.9690
247.8971
227.5575
230.3480
213.5739
234.4312
231.2405
241.8169
218.7415
225.8910
210.3485
226.5913
206.7744
227.6353
239.1720
237.1324
226.5522
212.0098
231.2073
245.8249
252.4050
221.3116
216.2816
252.5110
214.0843
232.0413
237.9791
247.3617
246.3715
197.1650
198.5589
239.5142
257.8853
206.7149
207.3886
217.0485
248.1916
235.2049
234.9881
256.9690
232.7141
231.0047
235.1318
236.2903
254.9664
193.9148
189.4000
247.7690
229.5588
209.9110
235.9781
242.5397
250.7040
215.6502
251.7404
255.4924
207.0642
260.8979
239.1968
239.7206
239.3804
242.4118
192.6234
190.9146
200.9310
232.9870
245.3505
210.4630
213.4038
249.0319
246.0133
196.8269
196.7849
210.2557
245.9439
248.4984
239.1981
223.2351
224.4944
244.7745
240.6632
212.2300
214.9571
245.8106
243.0851
215.0473
211.2639
253.8736
212.6387
206.5727
246.6152
244.5176
241.3085
254.2774
215.5556
217.7708
254.2224
244.9402
208.6720
229.0114
229.5964
244.3744
242.1018
240.7608
239.4597
238.1005
248.5927
255.3624
231.9935
242.3385
236.7563
229.7395
217.7729
239.8366
222.7208
224.3178
221.0824
218.9438
241.3838
220.2563
236.8351
209.2483
269.8962
219.6268
208.8822
203.9814
202.2762
234.3229
234.6254
200.2117
207.4745
259.7578
252.3357
237.5214
219.8738
217.8846
215.8789
230.5504
216.2965
208.6044
197.4018
206.2527
206.2883
259.2250
256.5377
246.3331
229.0165
237.1425
217.4492
206.4850
191.2437
189.2966
213.7904
193.9187
235.8429
227.4011
209.7797
216.9144
220.0415
217.0608
239.5230
193.1294
195.2567
201.4983
196.9363
208.1867
198.6485
214.0954
252.0539
209.8806
206.4660
238.9877
199.5177
244.9869
223.1351
246.1156
245.1950
229.9853
230.4568
220.1431
235.9849
206.7684
210.0548
229.1573
206.2122
260.0232
209.6327
245.4665
225.9778
220.6098
217.3715
210.6159
202.2984
192.0768
200.7265
259.2441
260.6686
248.7330
241.5953
220.1183
202.5142
254.0341
207.2425
221.9631
224.6089
227.2742
231.2980
241.4440
201.7580
201.8560
237.0978
236.5765
203.1645
253.9627
199.6400
228.0473
206.5513
240.6028
204.3188
232.0143
213.9085
197.7907
194.7195
199.9526
200.1226
198.8149
253.1359
261.2650
214.2567
234.8393
193.9654
203.5097
206.9884
189.2957
236.0979
241.8714
211.1519
209.2330
230.8293
226.3258
217.9468
220.4039
191.1230
197.0036
232.9133
238.3028
253.5055
231.5944
202.6290
201.1749
227.5707
219.2006
200.9889
203.6104
251.7287
239.9389
232.3577
235.8871
231.6875
244.7140
245.3275
212.2185
191.1881
200.0152
221.5666
199.4058
185.4471
224.9095
223.3848
258.3925
249.0416
218.3589
234.9760
198.5823
228.0791
187.1412
250.1448
207.9746
218.8631
225.9105
218.6206
211.7961
237.0195
249.3763
254.2738
228.4760
244.4477
230.2385
236.8334
203.6144
206.0696
196.2906
215.1723
235.7121
204.3031
197.0117
212.4520
191.8915
188.2270
205.4328
204.3333
230.4991
220.6974
206.1952
210.4377
209.3164
242.7881
232.4824
235.9956
248.7614
254.5137
232.2213
261.2154
218.2084
251.8781
224.9787
226.6175
216.8728
191.9943
207.0423
203.9829
255.3121
262.0270
222.3006
225.8483
240.9930
197.6845
228.1703
243.9266
255.3619
206.3754
198.8994
195.5989
188.0100
206.5223
225.5001
192.2036
225.4656
229.9077
212.5249
219.6087
188.7824
194.0303
243.0574
251.2765
256.4125
184.7918
203.9976
196.2808
218.6168
205.3780
231.1200
222.9064
237.1302
206.4426
207.8465
209.4958
196.6345
214.2402
215.9551
222.4350
196.7718
238.0089
232.7587
206.4087
239.1016
215.6260
203.3485
239.6786
230.8503
255.0267
237.8534
216.4493
211.5899
214.1616
209.0862
193.8671
213.5960
209.3945
206.9136
256.2588
246.2176
222.1249
235.1368
238.2818
214.0344
235.4237
233.8295
259.2526
203.7424
203.8195
202.6659
223.6220
217.0451
224.8921
193.8366
208.1647
216.0990
231.4056
231.4572
188.3086
197.7026
229.8472
213.6629
223.9558
241.7137
219.8314
234.9666
216.8646
247.0952
197.9099
228.1678
209.5292
201.2880
227.5297
255.1348
209.7848
220.1878
232.6860
245.5969
222.8091
237.7671
217.9223
233.4442
231.6816
209.9137
217.4573
247.2234
239.6322
256.9872
224.2592
180.0089
243.2939
249.3426
237.5411
254.3021
261.2913
236.1903
207.0888
221.1587
199.7772
237.9129
253.1325
227.8375
233.7796
206.9802
256.1009
202.6682
217.6510
240.6449
238.4865
237.8589
242.3807
230.9638
261.0265
206.2923
180.0010
260.8529
199.9881
199.3272
201.2865
221.2640
239.7848
212.7753
228.1621
227.3214
209.6502
269.9743
203.1664
208.7285
184.2743
231.3643
199.5795
206.3663
226.5282
266.0660
249.1082
241.8668
237.2907
185.6604
207.1810
231.7101
229.2563
215.1054
204.4188
207.7229
234.3900
232.0720
228.1280
223.7856
221.5163
226.4230
237.6323
238.7709
247.7161
248.6036
203.0099
203.3260
230.6307
232.5970
224.8109
211.2559
201.4049
218.5975
216.6908
192.9160
199.9683
261.2062
262.4015
248.3666
237.4769
225.0423
200.1519
213.3684
213.5388
207.7876
234.6951
203.0344
242.5134
229.7744
200.2659
236.1829
247.1117
234.8108
218.2567
226.7371
244.5763
222.9225
264.2734
250.9083
207.8970
208.8819
229.4962
213.1665
225.5174
246.4796
238.0657
196.4671
221.8778
217.7538
215.6036
232.2258
228.7048
222.2266
221.1132
218.1618
213.9402
208.6839
209.6725
247.6158
255.4557
207.9339
226.6318
243.1562
240.7494
215.2486
260.6486
265.6320
217.3343
212.4113
223.7261
226.1382
201.4110
193.1894
261.9520
207.0170
266.1252
193.3843
199.3946
240.5614
235.9707
225.4897
194.9016
196.7744
215.8482
213.6639
223.7159
201.2210
220.1727
240.9757
241.2890
204.2334
237.3397
227.4880
207.8637
247.1343
233.6987
233.5252
201.7519
206.2652
205.2321
223.5525
230.5034
235.0754
253.7252
249.3766
227.3239
249.6860
250.2540
233.0516
240.2438
192.5682
186.8851
211.6385
220.9717
216.8791
233.0193
206.5689
217.7709
245.7390
246.0553
200.6950
258.1865
251.0434
233.7364
226.0786
256.4288
239.5658
203.4155
199.0685
183.0317
207.8698
229.1889
204.0332
186.5813
208.9026
239.7834
234.6591
213.0974
229.8335
251.5467
234.6057
257.0010
247.7816
238.5769
218.3947
216.1425
207.3043
242.4150
203.9615
198.9951
212.6864
213.3850
249.5732
252.1489
234.0653
232.7855
245.9315
212.6496
208.8432
260.3846
200.9412
230.3256
259.1008
235.1321
230.7083
217.7987
245.4562
216.2623
221.7629
268.9846
201.9092
234.8196
255.3174
222.1620
255.2535
238.1475
250.3056
235.9244
207.6947
245.4073
253.0545
257.6719
238.9193
235.4168
239.1653
222.5819
201.9252
226.1484
224.2107
217.0014
235.7303
209.3691
219.5434
200.5174
218.3697
227.7994
249.3484
232.3651
246.2177
233.2386
203.1571
225.3315
216.7524
229.9567
234.5269
241.5327
230.0390
202.9679
226.1305
244.4118
193.6917
180.0396
229.6074
224.3573
229.7901
219.3486
237.9980
209.8032
211.3041
245.6691
246.2690
205.0792
203.0732
227.2526
212.5247
203.6271
208.0478
213.0299
214.3026
231.3774
229.6723
229.6982
190.8494
189.7318
188.7692
226.5199
224.6153
234.1271
211.8467
216.8031
206.2356
244.5992
232.2702
240.0801
238.5517
250.8618
254.0276
231.0866
237.9224
193.1695
248.2662
226.2571
209.0903
213.6612
197.4281
204.4725
234.0824
218.2919
242.1011
230.7150
231.5458
227.3225
214.3160
216.3115
233.8271
256.5535
235.4135
244.0672
243.0534
230.9840
219.1400
251.2560
236.1726
215.3808
198.6813
207.6841
205.5900
254.9199
257.1601
194.9409
246.9137
249.5593
258.8638
247.5620
226.0027
209.2268
208.2653
252.3066
247.0858
238.3464
234.8396
250.1537
215.4601
221.1774
264.6716
215.8577
225.3756
219.8975
227.8022
229.2947
222.0642
241.8914
234.1181
227.2071
251.4919
247.7780
239.6659
242.6450
239.4473
219.5166
215.8793
235.1687
235.3191
199.7951
234.4426
241.6043
249.4523
197.5806
204.9550
232.8240
230.7459
234.8256
198.6372
235.6924
217.3236
230.1473
256.0298
261.0433
249.3946
211.8625
240.5448
204.0532
232.0929
211.0881
224.0803
197.3427
207.1154
188.1218
236.7392
229.5367
223.8585
200.6364
190.1325
195.6374
208.3974
246.3116
219.7871
186.5601
227.7932
222.1563
234.0754
195.2993
252.6952
260.8382
199.6710
234.1394
210.7444
185.1256
200.6101
202.5756
195.3970
263.1262
215.4147
207.7481
216.8277
199.4624
238.4230
240.0719
200.6147
206.7770
210.5068
205.3135
199.5665
243.9913
229.1034
223.5579
190.3910
215.0636
194.4044
202.1872
216.5007
187.3292
232.2935
236.2703
228.9340
230.7826
228.8387
234.1289
219.4061
262.0984
240.9889
234.1947
243.1340
208.4793
226.8767
217.3628
237.6087
233.4411
225.7612
240.4143
266.1840
213.1086
196.3135
182.5585
196.6303
215.2371
242.7083
258.6695
228.0896
206.9861
228.5341
237.6600
219.9596
239.7370
193.4529
198.9631
224.7141
186.7928
193.0829
207.4382
187.9806
245.0321
234.5804
259.1568
226.6172
219.7937
226.3916
229.5542
201.5545
186.9562
243.8535
217.9027
235.5922
236.6342
237.5996
241.4998
233.9916
244.8614
201.3471
185.3741
199.3889
204.1594
201.3604
212.0294
216.9250
223.7058
221.5549
204.1824
226.6881
235.8107
204.5479
234.0201
235.4401
264.8524
200.0248
234.4356
240.4400
254.1581
257.1639
269.6181
200.3333
185.3423
257.6125
194.7925
262.3086
239.1328
246.7197
250.6969
194.2964
191.4979
250.8955
190.8265
245.2008
257.3238
235.0992
195.8292
203.2574
250.7808
205.6065
248.1428
247.9941
215.9691
186.0775
233.6598
222.3683
203.2685
204.8530
201.5885
203.5381
198.6609
228.9537
226.7506
222.5420
190.3532
253.1382
217.9563
197.2954
232.2999
215.8398
262.4578
214.1781
221.0264
223.6310
226.4181
223.1143
219.7293
222.6774
229.8539
225.5842
182.8973
237.0385
267.1147
241.9344
246.1424
240.3702
266.3714
256.1807
223.2053
226.6199
186.5145
245.2378
210.2559
232.2049
259.5743
238.3596
255.3406
229.5089
227.7245
206.8890
208.1025
264.4571
263.4270
186.8993
236.6323
248.7401
261.5913
264.1257
201.6118
231.4921
215.1857
254.5380
226.4152
268.3339
193.8142
223.7879
241.1215
216.2579
211.4884
229.0299
258.2602
250.2546
227.8175
226.2053
197.7269
219.1955
239.4207
253.4953
221.1237
248.1310
232.5904
207.7216
259.9211
215.4220
184.2716
253.7828
254.6006
219.0962
220.2748
220.3806
219.0275
236.3856
255.9016
229.2017
228.4473
245.1969
252.2387
253.9574
255.8153
256.5359
214.9164
231.7759
254.1096
200.0149
186.2969
196.1355
258.4404
241.3972
240.2930
231.9819
226.7777
260.5769
233.7774
230.5865
231.5995
195.9848
249.7940
260.2587
225.0050
202.3744
223.0196
234.9816
229.8943
211.4547
232.6299
247.9868
195.7542
239.3864
207.8162
257.8528
248.8604
239.1621
247.1602
257.6114
216.9811
212.1145
238.5037
210.7249
253.3476
196.1252
196.4882
212.5205
247.8908
220.9929
241.6487
266.8710
195.3662
241.8136
239.6503
217.3232
256.1239
222.7053
206.0583
205.5884
225.1935
247.0090
259.2479
239.8824
223.7452
242.4170
213.8536
239.1445
227.9216
221.5018
238.6781
213.4436
242.2165
248.6535
191.2539
196.7093
234.9001
186.6967
260.7183
194.0798
247.0949
238.7197
253.6491
231.6803
252.7097
213.8270
239.9671
242.7413
214.6819
204.2209
237.1052
255.1283
243.0884
256.9225
213.1959
203.8229
255.6491
206.1438
234.8730
214.9139
237.0951
220.0582
229.4620
228.3336
261.3170
259.2787
268.0022
219.0385
211.2619
225.4007
256.3794
192.0167
253.1614
248.4249
249.1094
228.7477
243.0168
216.3422
191.8796
197.6130
226.1564
234.1815
253.7194
223.5682
225.8243
203.7123
216.7348
230.4692
200.4573
248.7241
246.2633
205.4107
252.9493
200.8982
258.0962
249.7735
242.3135
243.9966
260.3789
228.0030
231.4300
232.6100
185.0344
214.2134
209.1944
239.8837
248.7632
248.6885
231.4266
207.3594
225.5883
245.7760
237.8634
214.2077
246.3846
226.7939
245.7430
222.0628
235.3818
218.3099
255.6610
262.1110
247.8400
251.0544
241.7012
199.8651
206.8593
243.2393
197.8715
182.1557
221.5168
202.3125
214.4587
248.8524
238.1762
230.2892
212.9343
203.4610
222.7399
223.6529
221.3309
249.1326
208.4876
258.8723
247.7011
253.6576
221.5142
242.1573
236.0767
230.8138
261.0681
233.8315
184.4596
222.5869
249.4241
258.3907
229.4341
242.9808
244.4403
246.4820
251.4197
238.3607
195.9672
216.9028
202.1087
239.1010
262.2205
256.9040
242.8176
220.4526
201.5145
253.5351
221.9406
246.3909
231.2460
240.3078
195.6714
259.7775
209.0696
237.4397
202.2356
242.5920
237.4631
257.1811
199.4147
191.1817
233.9227
251.3446
207.7747
264.0238
256.7803
217.2991
190.1179
212.5831
248.2233
231.3457
222.3221
218.0871
190.9119
232.3959
222.5803
245.2882
212.6657
212.4772
213.6356
261.2364
210.8849
262.4754
257.1738
214.9046
232.0992
247.6683
202.4278
223.8507
244.3269
264.6475
241.6933
262.8816
226.7425
242.6716
234.3230
250.4850
188.6278
182.5316
252.3497
209.0637
257.8806
225.9463
228.9747
259.5186
221.1446
201.0650
189.4503
233.6502
215.9074
254.5827
193.7032
210.0107
228.9029
188.2998
188.7219
234.4022
184.9366
207.5513
220.2998
207.2401
217.4299
231.4312
238.3802
233.5781
244.1210
266.6639
250.2324
208.6224
217.4366
230.2251
224.3101
266.4545
262.1397
202.7234
183.7877
251.4312
220.6458
236.6913
227.3817
258.1570
183.1565
232.3460
256.7762
240.9317
195.0654
202.2877
245.6226
257.4365
248.9844
204.2302
210.6683
222.3087
206.5111
245.5939
268.3545
224.8338
214.8913
227.0449
222.2774
205.2142
183.4023
226.3676
242.6183
264.1742
180.3682
208.0886
252.1768
223.1405
181.1614
227.5757
199.3795
188.3141
226.5464
257.8084
194.9527
200.3667
254.8381
232.6398
244.8952
210.0917
241.9289
233.5591
249.5829
248.8173
234.4296
195.8318
218.8888
220.3372
228.2456
191.3787
229.1514
250.8332
192.3876
265.6020
195.2898
245.3851
248.0970
251.8720
240.6182
237.6280
226.2996
201.3603
204.6679
257.9215
238.4568
219.9035
210.8567
256.9299
246.5828
231.8824
238.7211
266.7407
223.8612
198.0186
206.3917
209.7789
206.8251
264.0586
206.5314
181.7677
204.0501
266.5810
209.6410
265.1673
230.7449
243.8116
241.3733
198.1981
265.5999
256.9958
224.6991
242.2240
254.3203
207.8797
197.5513
226.1372
238.1643
267.5136
229.6246
265.8283
238.8581
245.5620
195.1843
240.3214
255.0610
237.8802
252.5481
241.3104
221.5856
244.8757
228.4736
244.7595
223.4853
255.0213
253.5182
191.7346
264.8778
222.8122
196.9342
254.6210
246.2715
224.3504
198.4651
180.0002
240.3896
201.8636
269.0986
216.6874
224.6554
187.1826
236.2691
237.9129
264.7603
231.9967
218.0028
229.1825
201.0790
224.4494
220.5353
237.7742
224.3744
196.2160
202.5941
202.6458
226.7962
253.3338
256.0681
214.0607
235.9680
195.8554
221.6718
195.1278
219.8893
257.6292
219.4544
203.3684
231.5645
239.4446
204.9766
247.6215
243.1563
221.2940
211.6756
234.2900
242.0790
254.4710
241.5286
203.9735
214.4877
270.0000
208.1112
240.3062
227.1539
243.6555
237.5461
217.3646
226.4855
235.5058
216.3059
210.7315
248.2123
196.6078
223.6474
244.3717
233.3354
220.8544
249.0059
253.9878
200.8306
215.2190
245.2857
243.5104
195.8944
203.2951
219.5351
247.9187
216.2705
197.1861
202.4770
215.7439
238.8084
246.5833
241.7027
240.4006
238.4852
264.8395
226.9535
191.3472
205.7214
206.8869
201.5452
223.6715
244.2786
213.1974
252.0029
250.9249
203.7389
193.7169
248.1792
235.4553
251.2294
212.3240
251.5076
242.8178
237.0617
259.1823
225.2837
230.8120
240.8145
180.0575
251.3378
210.2559
224.1176
237.2247
229.4408
231.4980
221.6360
232.9489
234.0517
240.6407
247.2150
236.7105
221.6822
212.0177
251.8965
200.4787
228.6868
231.4967
244.5567
251.1198
253.8358
254.5341
187.8870
224.6088
256.1232
204.9110
263.4244
217.2487
239.6086
236.1619
246.7422
189.2418
247.6653
209.5739
249.1166
225.2788
209.5441
247.4002
223.2685
228.9520
246.5904
257.0427
197.5276
189.6601
242.0303
223.7618
212.8655
236.4974
185.9657
242.4059
256.7442
226.1043
212.0853
234.9468
182.2647
262.1930
240.6066
205.6178
218.7940
245.1431
230.6904
228.3680
194.8884
218.7574
188.8770
204.6145
187.4090
188.2432
190.9407
197.5373
217.8729
209.5017
190.0482
242.7503
194.3138
225.2716
220.5953
241.6444
248.5054
216.5291
217.3936
229.1270
241.7386
217.4185
226.1763
234.2826
211.0187
190.4538
234.8815
235.8315
220.4430
223.8736
241.3936
194.5269
188.7824
212.9153
197.4496
186.4878
222.7814
219.9278
236.7997
241.9038
220.3166
244.2287
198.9438
209.6216
217.1550
221.8939
234.3377
226.5012
184.0166
204.4268
208.7733
233.6744
218.6238
226.7980
235.9645
227.4908
235.1918
238.5796
204.4122
230.1510
231.2028
239.0452
260.5718
257.9699
224.6121
227.2245
213.0993
220.0608
225.7408
203.6924
206.6270
239.5148
222.6760
194.2768
202.2717
218.9236
232.9558
217.2545
224.5199
209.4799
192.5699
244.0854
242.9537
234.9397
240.6504
224.0130
221.2802
227.5018
198.7570
231.1528
249.3483
222.7980
213.6762
247.4152
244.2191
211.8845
213.7142
198.5294
187.5132
190.9600
210.3551
214.7958
240.0236
227.6380
229.1439
247.6299
239.4307
235.5714
187.3580
189.7586
232.0098
221.8180
206.7490
222.7395
200.4962
223.1880
237.4908
244.2214
204.4603
249.2544
216.8368
233.8668
219.2802
241.2451
235.4180
254.1859
193.0155
194.2370
218.0143
234.5838
235.6039
223.6958
199.6068
195.9265
252.3785
253.3428
213.0116
199.9907
243.8308
205.6722
222.0753
259.5692
220.1342
221.6267
208.0799
221.1582
234.1042
192.0325
197.6059
205.5006
253.9040
257.6515
244.5170
245.8135
210.3564
210.8041
258.7938
261.1522
255.1049
208.7408
214.9209
222.2157
244.3428
242.8997
235.8114
249.1677
256.3661
233.5822
204.5656
222.1668
220.4244
218.3975
203.9649
241.3361
239.5361
217.2809
199.6835
210.4248
207.7540
256.0924
222.0603
223.8817
266.7909
241.2128
198.0796
215.9693
208.2663
239.5045
218.2544
231.9966
209.3202
215.0097
197.6219
202.8143
188.9984
214.1450
259.0697
242.3054
239.8405
250.2203
243.0304
242.0352
189.2407
194.2588
198.4325
198.1006
214.1245
212.4577
216.2322
218.8637
224.1986
199.3577
208.3347
202.8436
228.1611
214.3753
253.3802
210.8139
210.3355
214.8631
232.2569
200.9105
197.2051
217.4529
217.3850
230.2103
250.7285
218.2169
188.8691
192.8058
229.7592
245.5475
192.6159
214.8115
233.6684
211.3905
202.7398
208.1039
243.8314
224.3116
243.5689
232.5758
253.9061
253.8558
240.6323
248.9540
221.5563
225.1326
215.7046
224.9444
228.5865
224.1585
213.8654
237.5186
215.6805
226.0172
187.7652
256.6193
231.2405
242.1505
246.6839
241.7009
239.2533
222.1816
227.0102
246.6862
223.7605
234.4990
250.1830
233.8092
219.3065
235.3347
207.3030
249.5318
254.2536
233.0710
236.0653
242.8474
234.4485
239.8851
204.4021
248.0982
258.4096
259.9286
257.9851
256.2608
225.1166
187.7022
254.5876
238.3500
218.5324
223.7493
191.4913
204.8266
221.2200
208.5047
234.3843
248.1698
245.2790
247.1201
249.3139
245.9194
244.2871
230.1248
231.2330
215.5594
199.5170
237.8532
241.1678
210.2395
224.4681
223.7690
188.8404
192.1783
227.4097
216.6190
249.8931
240.1219
252.9819
247.7010
240.1422
230.6717
251.0643
215.3921
245.8360
247.4260
200.1329
189.9469
233.4521
235.9867
249.0217
247.8866
241.3876
256.3624
252.3784
227.6469
234.3935
246.4909
236.7570
209.7772
235.5721
236.8422
235.1070
218.9054
202.2197
244.6453
242.0912
220.6805
218.1807
219.7186
212.7036
191.0512
191.6661
249.0936
223.7631
235.3790
254.3621
242.4015
226.2856
245.1168
230.9087
250.1554
246.9669
202.6899
202.7609
230.3579
240.5249
217.7763
233.9890
232.8429
243.5289
248.1482
199.2650
186.8830
203.9939
262.3860
217.2299
250.0425
247.9763
199.1501
245.3751
216.0675
203.1290
216.7480
190.7505
203.9247
234.6619
229.1388
222.6453
218.8351
225.1381
221.4032
217.9272
244.8104
234.8696
220.9760
219.4061
233.1719
242.8374
185.5238
226.1967
219.8032
248.0908
219.6265
199.6893
194.7054
232.6129
219.7730
235.5424
223.9605
236.7254
265.5158
225.6643
243.6071
209.1119
212.1549
205.6497
208.3987
242.7452
200.4955
220.9480
243.3832
217.2129
260.0841
266.8837
236.7434
213.8505
247.1242
244.8910
243.6808
258.3158
223.4148
242.7587
228.8947
260.9967
207.5375
226.2217
222.2901
269.7238
241.2593
217.3463
234.0514
252.9290
222.1362
239.8416
232.0944
221.3542
194.3472
228.7841
211.3987
207.9309
192.5750
190.3839
230.4985
241.9513
233.2555
190.5332
250.8384
219.6805
228.9265
204.1845
239.7343
193.6195
214.1847
240.9184
244.3263
191.1009
211.9405
220.6714
252.1096
212.0964
213.8320
212.5611
202.4476
225.3919
236.1141
221.0197
222.8078
203.0789
233.8674
229.5646
206.7332
268.2227
218.1137
190.1782
216.4368
208.9094
221.2789
194.5713
211.1878
222.2825
217.0759
217.0486
252.8829
245.3526
244.9217
230.8394
192.1372
248.8948
251.2627
201.3595
237.2440
244.7524
241.3034
215.0707
247.5575
207.9733
211.5604
225.3674
207.4981
196.6020
187.2351
260.4731
258.5201
219.6982
221.7175
216.4546
261.8358
204.3542
205.4505
196.3969
213.4019
228.9997
209.8761
230.6034
205.2394
208.8833
201.6051
203.4848
252.6731
188.5739
224.6053
223.1233
226.0159
199.1905
227.8129
196.3530
196.3531
198.6878
245.8579
237.0838
217.6549
223.9841
226.5878
219.1831
205.2803
228.8825
211.1417
230.7529
243.6424
234.3823
247.7515
218.4833
235.5352
226.7772
243.4398
191.1991
190.7080
239.2394
241.5361
231.0733
227.2875
232.6408
230.3910
208.1311
193.5893
233.6568
211.0697
251.2406
244.1064
197.5846
206.6625
236.9389
238.9099
214.4317
214.1967
218.1657
213.6374
250.6646
252.4140
191.8717
241.1502
244.1448
251.5862
254.2215
207.2836
204.1956
204.2757
214.8995
224.2269
241.8959
239.4239
219.4923
232.8791
206.4108
214.3128
246.7514
188.7393
204.9710
210.9309
242.4001
217.1610
217.8385
212.7639
229.4098
199.6235
201.0197
210.4208
214.4894
215.1444
224.3715
216.4587
229.6690
212.0484
224.0133
251.3596
238.9308
248.6988
212.2467
264.3411
190.6816
190.8695
232.5543
203.0442
235.8461
240.5090
265.8056
250.2095
219.7589
213.8999
248.2030
246.5250
229.0690
199.1124
232.5772
230.3694
214.2947
249.1022
232.6398
230.9626
261.3797
241.2452
233.8486
242.0583
232.3734
235.6790
242.5454
254.6428
248.8211
237.0984
220.0462
252.5057
251.2478
217.7101
236.1881
210.4729
206.7356
215.4379
227.1021
218.8258
233.2673
223.9577
229.6718
234.0881
234.3182
236.6430
199.1761
254.9071
253.6417
214.1298
226.7123
237.8260
232.7091
228.4287
220.4186
253.6384
224.6608
202.7200
201.0147
246.0310
241.1030
230.6088
262.9841
255.1683
211.1952
207.0300
244.6714
246.8740
210.5529
214.5358
229.5786
233.1192
220.0802
227.1100
234.3016
262.1658
245.2207
246.4863
249.2300
232.8245
209.4588
224.3649
237.9467
197.3408
250.2605
262.2782
217.0273
199.3598
220.6607
230.5739
237.1261
263.6467
260.9230
219.2255
220.9730
221.9907
255.3820
226.8513
223.8695
202.8654
213.3970
206.8915
224.4352
200.8428
218.3252
231.6093
210.6283
188.6047
213.5955
201.2012
211.1365
250.4784
246.8187
208.3980
203.4596
232.4186
222.3505
233.7278
237.3638
219.8674
191.8909
211.1353
196.5170
258.6922
239.3696
210.3856
256.5917
215.6186
261.3870
221.6548
230.1724
218.3486
217.7738
231.3699
226.0623
253.9523
211.0266
225.0900
245.4786
216.2276
233.8121
197.3258
239.9282
249.3840
196.1333
201.6933
201.1185
213.9908
245.4495
218.0471
235.0835
221.1601
209.0794
254.3364
214.9403
220.5966
205.9799
196.1320
212.5510
241.3208
230.6027
202.6546
241.3685
198.2024
235.9775
221.1714
232.6317
260.5824
195.1539
205.1476
243.6431
249.6595
259.1775
229.2433
