215.8095
260.8284
216.9818
216.6192
180.0299
245.4930
182.1696
182.1644
251.3519
184.7770
221.8678
248.5062
184.5099
264.8659
242.6469
223.5613
182.0733
211.3577
180.0049
237.2206
215.1536
222.2074
202.3608
192.6131
254.2829
235.3893
225.3524
269.6927
251.5937
209.6011
222.2183
208.1031
231.0705
213.2024
184.1900
237.1496
219.8275
229.0934
184.4186
243.7400
256.4474
185.0120
264.4077
252.7021
249.0017
248.0422
221.1365
253.5804
264.8527
190.7921
191.6844
210.7385
192.2811
221.0647
269.9033
194.0571
224.4456
183.9000
208.7218
242.2123
247.2712
213.1090
206.7079
203.6010
189.6681
257.9975
204.6629
222.6908
200.1321
187.5952
220.1148
213.2448
264.5753
256.2397
254.4797
268.2263
183.2278
247.7376
213.5010
228.5895
217.7651
194.8340
186.8539
232.6611
227.0272
224.4626
187.6403
228.9282
222.0933
210.0071
204.5557
208.6626
209.4734
202.1668
239.0294
237.7466
209.9095
249.9701
250.3733
192.9347
199.6132
222.9850
216.8004
234.0857
235.6900
228.2856
209.9384
202.2310
255.8024
246.8139
213.6750
206.0330
209.5155
227.7228
232.7024
218.9964
222.4694
218.8316
235.7751
241.8412
210.9208
218.3294
196.9719
193.6779
196.7243
215.6739
191.5987
197.9375
225.6491
232.1890
231.5899
227.9489
239.1616
219.5042
240.1480
235.0213
232.9697
211.3186
227.2110
197.5456
246.9286
263.6938
251.0874
254.0684
201.8769
186.8481
193.9399
206.6375
241.4103
230.3175
210.3253
256.0807
232.0743
223.9380
210.5318
220.1070
233.2227
233.1286
229.5711
227.5691
230.7207
247.4084
224.7881
214.4304
245.5196
192.5893
202.1197
209.1635
249.7609
219.3864
197.6085
210.1091
217.3635
211.6532
241.1085
228.5091
267.6185
228.0900
227.2949
232.5089
222.9049
193.9524
194.4540
247.1483
250.8279
192.0072
190.4362
235.3205
226.6280
234.8218
185.3583
217.3218
224.1331
204.1237
214.5360
224.7031
187.6352
197.8295
255.3911
261.7588
201.5852
241.2800
255.5417
212.9288
233.2585
225.9348
205.2675
192.2405
227.5326
215.9309
240.7152
260.2070
194.1799
234.5403
232.4992
257.5552
245.0158
249.8868
236.2717
242.3725
227.9594
239.8687
223.5532
188.9821
220.9914
242.2311
261.5670
193.6461
252.9131
239.9852
249.8021
256.9662
233.3773
183.9541
201.3412
260.3335
228.6373
203.4270
242.1728
220.8828
240.6161
223.3797
257.2886
244.8554
228.5216
240.6472
254.8428
193.7720
252.0863
253.9980
234.2392
198.9294
241.6685
228.8962
192.0944
243.3622
220.3285
218.7029
211.2511
247.2815
237.3965
245.0768
217.6818
253.5533
199.7420
227.1445
194.0253
242.4131
246.7917
237.5176
257.6716
245.6038
254.8157
249.4357
207.7956
201.5372
216.3773
223.4213
241.3563
238.6962
247.8700
252.8380
247.2418
245.7995
264.2410
222.0013
238.8656
230.4853
216.0944
225.6460
262.4261
240.9483
237.1545
196.5342
189.6220
223.4280
243.9220
200.6281
251.5966
197.8174
183.9610
232.8594
241.7748
210.1176
232.3513
266.0624
228.1760
215.9443
199.6412
201.1889
235.5683
258.2007
222.8342
202.4067
258.3890
259.6984
218.0642
251.1331
203.3051
194.3576
230.5200
230.0133
233.1296
226.1601
201.0558
188.0417
254.4374
257.1275
215.4814
208.8449
227.4234
231.2222
248.4075
247.5707
242.2125
242.5376
221.5403
227.4241
208.3767
204.6514
245.3018
231.3136
195.4084
181.4482
213.0805
216.7896
209.3020
198.2850
189.4692
182.8509
264.5815
260.2461
224.5453
231.4911
214.2894
239.2550
226.2335
233.9009
235.9988
199.8062
189.5413
197.6917
208.9490
215.3708
226.9040
200.7062
222.6347
241.5422
215.8713
226.3554
226.3512
211.7198
224.2237
227.4410
225.6854
204.6924
208.3965
229.7472
213.5847
187.8501
183.3309
227.8910
242.9264
201.9803
236.9498
211.3358
251.3961
213.0571
183.9235
214.6447
228.9191
216.7338
220.2307
196.4863
205.2332
254.0333
259.2822
242.0404
227.9478
208.5715
234.2349
196.7296
226.0368
222.5828
212.8061
214.9204
207.4618
256.2516
234.9794
213.8696
182.9361
197.1968
211.2721
194.6247
227.1828
197.8644
215.4744
225.0790
209.2148
190.6524
195.4530
224.4154
200.8534
222.3114
210.4345
202.5586
246.1689
238.3151
237.1397
207.0746
194.2902
198.6080
234.4847
249.1823
246.7008
233.5771
190.6378
196.6901
191.9808
216.2044
247.2994
248.8240
195.7030
180.0397
194.7366
199.7719
224.3670
261.7539
232.3450
198.5284
209.8621
248.1133
204.0586
219.8896
183.0400
231.0009
243.7251
219.7003
233.0745
263.9715
233.5758
240.8132
249.5567
244.4779
250.4309
250.2599
249.1690
246.4297
211.6335
260.2862
262.1689
215.7758
227.6855
208.5968
193.3724
220.7536
220.6774
223.8771
224.5335
189.9858
208.9319
226.3388
217.3817
230.5773
231.4328
244.6883
235.9723
213.3748
209.7126
216.7383
233.9197
245.0762
242.0359
189.5523
189.7398
239.3204
232.5630
209.7536
203.6026
211.4519
208.6523
245.9916
247.3924
204.2131
213.1318
249.6089
241.3859
221.1318
212.4392
206.7606
224.3365
194.5249
213.8126
225.0980
238.9769
237.2030
218.3700
216.9614
209.8725
254.7642
195.2595
222.0637
204.4422
216.7149
226.2870
201.2013
209.4477
227.2478
184.2176
194.2781
225.4780
190.4039
209.2336
217.8107
235.2331
243.0177
213.7245
202.4589
225.8804
237.3073
242.0774
230.6887
212.8380
218.7837
248.4631
240.7568
245.1762
243.0300
199.3287
245.3885
246.1625
229.3276
230.5561
201.4920
194.7771
189.4930
201.2436
226.2178
240.3322
211.9731
222.6558
254.7690
257.4358
233.9922
223.2476
247.7200
208.4488
265.4984
202.2776
241.6739
221.9052
252.1309
241.8551
216.5277
248.6990
259.9249
219.4236
208.3273
205.1907
267.5432
201.2105
226.5104
248.5248
214.2820
233.5614
198.1727
223.2072
250.7542
237.2431
267.1567
229.7054
238.9669
189.0980
185.8950
218.1337
237.3901
265.4972
264.4950
211.7123
246.3469
258.7052
200.4205
227.2946
254.3290
238.7590
238.6150
213.5962
222.9942
218.8090
230.0643
245.6052
239.6587
231.4266
236.5385
239.5611
252.1042
186.9755
204.6961
253.5961
242.0426
206.6596
205.9328
241.7694
240.5277
224.0162
230.7677
212.3902
226.9999
253.3796
243.1357
233.2224
233.0915
185.1591
235.5283
251.2293
224.0091
245.6095
239.7563
235.0629
253.1034
231.4845
219.2096
201.2532
237.9641
191.2478
206.9171
248.4333
241.4693
232.1922
229.8040
225.4949
234.0053
222.4171
248.4479
213.4616
237.9123
266.3130
253.9268
210.7558
256.5988
243.8996
231.5139
221.1902
216.5020
238.8677
259.4941
257.6094
209.0077
208.1733
221.8196
211.2181
242.1445
213.7102
239.7126
255.6643
210.9058
241.3609
242.2189
214.5044
222.5160
231.9999
228.4736
228.8883
239.1206
182.8441
240.8543
247.9670
225.4212
242.7245
206.0020
216.0219
229.7730
241.6293
238.2344
256.1958
259.9188
191.3808
231.6074
241.2059
217.5501
240.5872
193.7244
238.0061
219.0008
219.7661
257.3190
183.6468
229.3673
205.1309
203.0467
194.1636
227.3976
214.2495
247.5444
240.5425
230.1163
221.9136
257.2383
229.8310
243.3785
203.6581
232.1136
185.2360
203.6995
250.8817
224.8750
220.7825
220.2062
244.0713
236.9587
229.7905
220.1753
248.5423
209.1184
255.7483
233.9399
199.1015
229.9108
252.1016
267.0958
235.4339
237.9430
248.6924
238.1067
249.6111
227.5164
225.7864
228.8382
240.2345
243.2538
205.4874
210.2676
211.0363
195.6104
224.4238
205.2363
232.2856
232.7202
220.2802
213.7719
222.6408
199.8910
262.5674
223.6621
231.3753
239.0194
204.1090
237.0635
229.2828
204.6388
233.8379
207.5072
211.4117
202.3487
213.8515
262.2221
252.9197
216.7141
264.7032
230.6142
208.1971
258.7438
200.5013
192.6316
227.3563
214.5824
213.1525
206.2797
236.5616
253.9711
213.5487
209.4983
232.8634
241.1161
249.2697
197.6119
267.3958
242.4992
199.3607
205.0020
207.0448
220.1624
217.3547
258.1556
238.6861
235.7384
236.1285
212.2885
247.2174
237.7519
200.2465
184.1600
250.1384
245.0135
204.7973
210.3842
196.3366
202.5050
221.5174
242.0768
258.8921
243.0090
226.8357
238.0416
228.8363
232.4742
208.1824
232.0188
220.1006
226.4532
238.7822
215.4138
241.1767
242.3880
205.7428
198.6900
263.5626
253.5884
217.9960
226.7009
231.3083
219.7170
216.4304
200.7187
206.7549
211.2953
208.9028
209.9949
236.6003
242.5255
254.1202
257.2488
224.9178
224.1837
221.1744
251.1209
236.6359
205.1958
247.3345
261.5208
224.2378
203.1583
248.8307
242.1305
232.9793
217.7420
218.8017
233.7177
228.3487
239.8365
247.9368
208.9823
233.4469
205.3501
223.5041
253.7361
251.8436
223.7103
199.4534
199.0699
262.9641
259.9407
207.5711
212.9114
225.7428
237.6268
254.2700
257.0642
240.3135
252.5192
260.4320
196.0748
218.5474
259.8312
194.7893
194.0180
233.2396
232.5617
209.3928
237.0743
244.8982
256.3713
189.7815
255.6382
258.0389
214.3753
248.8714
240.3179
245.0272
252.9490
254.3094
192.8431
193.1987
206.1382
222.9137
227.9071
205.7366
207.2109
249.5858
230.0955
204.7998
195.7946
197.7400
236.6190
228.1002
254.9233
214.0890
252.1404
256.9976
235.2600
225.8564
231.1862
234.8421
235.2567
257.5944
232.7401
239.5844
228.5943
213.4344
234.1167
224.5301
215.3157
232.0971
213.5350
212.7657
248.0121
251.8999
207.7574
204.6441
240.5333
255.5532
233.1211
229.9950
254.3294
245.8654
242.6064
263.3054
204.2240
248.0736
227.0569
226.4563
257.8657
223.8288
214.2774
251.2316
236.4038
226.3828
230.7795
212.4044
207.9423
256.6006
269.9534
210.6677
203.8103
205.9757
215.9560
245.9716
235.4120
197.7348
200.1783
249.3366
230.1222
200.1065
212.0256
202.5190
209.4007
214.1430
200.8068
212.4924
201.6398
219.8306
206.8765
257.9021
255.8720
223.4495
205.6055
224.4703
211.4367
226.4245
187.5670
187.5732
228.7752
209.3652
244.2392
230.3650
221.8459
222.6478
201.4141
213.0321
217.4917
196.9998
202.7168
203.7982
202.9523
237.5705
224.9223
214.7628
244.5226
208.3802
210.9234
217.5199
214.8550
233.6936
227.3672
225.6770
235.6081
246.4651
224.3610
217.4368
252.9965
222.3471
229.9948
195.0134
223.6691
256.8279
234.2215
236.4364
221.7284
222.0090
211.8953
223.9226
215.9245
196.8157
211.4991
235.7124
238.8259
247.3806
207.7356
193.0965
231.1925
217.4669
250.3218
230.6685
232.6552
233.4252
254.2860
233.3561
220.5188
230.4992
244.3518
256.1460
197.3973
258.7682
192.1357
245.0723
196.2830
232.4077
208.2961
220.8022
223.5195
230.8585
217.4601
217.8176
237.8066
209.8433
260.4921
259.9672
235.7008
219.1796
208.5256
206.1125
192.5405
196.2973
221.7157
266.6952
212.3608
203.2085
210.6384
221.9820
204.6422
243.4836
203.8130
196.4563
261.8068
252.0686
244.0222
211.4271
196.4011
203.5637
220.8384
193.9600
224.2330
244.4501
259.6012
205.9897
248.4894
218.4602
207.0383
239.7448
233.6235
191.2641
189.2332
200.9652
219.7634
189.5880
204.1317
250.5150
240.9263
251.4218
232.0416
193.5528
239.7890
191.0706
199.2086
198.1760
248.6209
209.8759
228.3277
223.2552
194.4652
236.8528
226.0528
262.8633
241.9002
234.5682
228.5309
232.9466
239.6497
236.1308
218.3563
200.6764
215.0205
212.2837
211.3101
195.9040
186.8785
186.3908
191.0463
198.4151
229.3026
219.3638
239.2541
219.1218
226.6886
228.7893
229.4607
211.4373
244.9349
254.1173
252.2297
262.4009
241.7529
210.9389
251.8235
199.0626
217.1295
199.1989
200.8830
215.4566
240.4046
243.8446
262.2036
236.1345
216.6146
246.3334
222.6060
233.7134
213.6517
248.7915
246.1074
188.4194
194.7007
192.5649
192.0330
226.9694
214.1685
242.2302
228.4132
255.8891
246.5719
217.5940
194.3523
208.1513
255.8169
247.8529
194.5499
222.2272
207.0654
207.1177
237.0716
216.1897
208.8512
211.6348
200.5858
195.3236
200.4902
207.0376
197.9445
240.0526
191.1307
196.1353
224.9604
193.0726
195.8430
231.6640
232.8843
199.0210
243.5756
258.8978
239.0752
192.8429
215.5362
191.8574
215.1797
205.8077
189.6250
234.7871
192.4259
216.4820
249.2522
216.6950
191.2084
211.1930
224.8797
189.5816
234.6297
232.9089
255.3110
207.9073
200.0488
252.9748
265.0224
234.0860
218.4507
191.1793
245.5904
266.4450
209.0291
262.6653
188.6273
194.8729
196.2146
223.7192
223.7096
252.5464
225.2016
233.8383
224.6864
257.0832
195.1583
194.3967
236.8646
214.0182
192.7763
219.1891
222.8159
229.0920
248.0796
263.2963
223.6075
239.7472
203.7963
240.3626
235.1125
223.5975
238.0234
228.5045
231.1972
265.3128
203.6946
180.0066
266.7073
253.6313
241.7200
258.2391
266.2477
185.9130
220.7826
234.8043
212.6864
236.2171
257.7193
190.4313
227.5565
207.5072
262.0332
196.6559
236.2508
202.4487
244.9622
222.6948
240.0606
230.3321
251.3940
207.8215
180.0017
268.1241
200.9397
201.0675
230.5932
199.3912
254.1592
185.7630
201.1895
233.9923
235.2292
269.9753
233.5739
220.9814
180.8908
203.3026
200.9518
209.5517
253.4325
257.1094
222.2080
231.3096
240.7934
185.7238
248.1502
237.9725
225.6668
236.2181
246.8756
249.8624
210.2036
237.9933
237.1417
259.9160
259.5462
204.6138
207.7044
232.5915
248.9759
235.3883
202.9270
215.3838
234.9326
234.7672
239.2897
222.9682
187.1889
239.1019
204.9008
196.3579
199.6455
262.0475
267.2227
248.4542
230.3220
182.4451
230.3701
242.8169
229.2504
231.6482
214.7850
233.8964
232.5538
246.1169
200.4909
227.6328
239.0425
231.3443
253.9230
251.4726
243.8521
244.0078
254.9251
250.5687
210.5982
213.9319
231.6471
235.6962
249.4511
252.7210
250.9704
199.0009
234.7407
227.1613
215.4466
227.4067
227.2293
215.8251
229.8857
214.8229
214.1567
218.3288
214.4057
256.1722
242.9763
215.0499
223.9736
236.9324
242.6714
203.5380
252.8792
265.5739
206.5658
199.8061
207.0445
217.0951
204.0275
192.5656
252.7426
221.5502
267.2885
207.0530
199.9141
231.9134
210.5608
218.2796
198.7719
219.2254
215.5117
211.6695
195.4508
213.3403
216.2810
240.3477
243.1808
207.5882
217.0080
213.6609
210.6786
243.8550
222.1348
205.4012
197.9240
207.2302
225.3032
220.8689
227.2244
250.2904
232.9387
231.6429
232.8111
237.4064
237.0770
246.4102
203.6365
215.7961
198.5845
229.9766
223.6099
249.9945
225.6021
209.4635
238.0638
241.8355
216.7953
224.1944
249.2297
240.6420
250.3528
221.8838
262.5658
219.3339
237.4184
215.7911
183.1709
229.6606
227.0452
218.3879
203.2472
191.5180
252.3182
246.2391
194.7130
248.7826
221.3770
239.1413
248.5194
228.5913
228.5877
225.6959
205.0384
215.2328
225.1761
192.1962
209.9773
227.5278
235.9800
225.2133
228.0339
237.9818
230.6633
239.2102
230.2595
214.3652
268.3984
220.5812
249.9654
258.5685
197.8096
233.0499
206.7514
239.1724
206.5900
242.0847
268.7511
190.7354
245.5551
248.6208
234.6969
257.9855
224.1710
257.3158
217.5084
184.1361
232.2156
253.1805
254.8529
208.9893
203.5742
219.5461
258.4196
238.2808
228.4838
241.4540
184.8615
213.0086
199.6882
219.8549
224.9757
206.2312
240.3473
246.2616
195.0407
218.6429
232.5018
240.6653
206.6131
212.5268
203.5422
245.2232
226.6204
214.1296
216.3708
199.9753
206.6521
184.5685
180.0121
243.2934
205.8270
226.6703
210.1871
237.3258
217.1496
216.5925
244.7980
215.2984
206.4079
211.7389
254.1121
243.7752
218.1429
203.5063
263.9462
244.9161
204.6770
244.8943
236.7502
227.2093
198.3704
197.4433
223.8932
232.5909
264.3332
215.0117
254.8961
233.7167
225.0015
212.9767
238.2017
233.3022
243.2537
245.5711
217.7224
237.8375
188.8140
233.2257
232.8932
243.9295
239.3748
192.3560
206.3509
211.9492
209.8610
194.2065
188.2770
240.4002
204.4269
227.1979
198.5381
228.8584
248.5656
205.4517
249.2722
248.8116
228.3056
243.5765
255.0327
202.2024
202.0206
220.6288
217.5188
227.2879
234.5876
250.5036
200.2933
254.7070
241.5340
263.0786
245.8278
201.1493
213.0828
229.8502
226.6726
193.5532
244.5143
245.3177
261.0737
182.3147
224.7334
269.9548
211.7352
224.2434
183.8802
221.7872
251.6701
248.4858
262.7355
210.8661
220.8588
250.2531
248.7755
238.2674
244.7816
226.7301
235.2036
237.8693
230.9304
202.4369
226.9383
267.3729
237.9746
252.8127
201.1062
236.2710
225.9156
226.0300
227.4581
196.1877
221.9322
233.9531
233.8138
260.5062
248.2859
257.9911
229.7725
225.0666
228.1440
229.6366
217.9133
230.7863
225.5852
233.5355
197.8901
236.0062
202.8579
202.3768
211.6593
201.5243
211.5692
223.2732
196.5956
220.4985
194.3456
225.9305
222.7686
251.6742
190.4823
257.0726
262.1242
243.7548
234.4669
209.1417
184.1195
201.3550
210.3460
210.6372
254.4773
230.2386
207.9800
220.1133
193.3970
232.6679
225.8815
201.0806
210.6173
242.5139
231.7540
209.9238
218.9130
227.9927
218.5494
209.2049
233.5781
211.5826
202.2806
218.9071
200.3901
229.4961
232.0121
222.0259
225.7867
213.4737
239.7384
225.6598
251.5556
217.1955
229.3799
207.8221
201.5085
221.0388
230.9241
244.2740
237.0763
210.8523
257.7633
260.6104
216.0319
189.2210
186.5518
236.9276
223.6036
228.6253
260.7877
197.1227
199.9856
199.0188
222.3046
224.9327
248.2108
226.2626
211.3092
220.2805
198.1279
195.3823
194.7634
194.3096
262.7228
215.0798
256.1887
212.5367
219.3129
223.7503
240.7810
229.2246
187.0547
255.9675
224.9584
249.1415
252.5930
245.5536
215.9450
215.9887
236.7792
191.4526
197.1132
212.2812
205.9145
201.0595
199.1906
204.9914
197.4979
215.5747
182.2356
256.6721
229.1808
209.6003
215.4923
227.1003
257.3895
219.3601
224.0848
214.9190
252.2415
259.8210
269.7111
232.5055
196.7654
260.8137
194.8297
240.5341
228.5439
254.3181
219.5862
211.4579
189.1911
238.8660
220.5321
239.4680
242.8924
228.4278
190.1952
189.5141
255.4002
203.8751
251.6360
232.8921
190.7331
185.1453
234.6432
197.6933
187.3529
200.0336
193.0446
218.1129
200.5221
234.7329
229.4489
214.6995
199.8043
260.0302
236.3310
226.9281
234.5316
238.0190
256.7547
201.6047
206.8498
211.3901
210.4008
224.9651
220.7054
240.1561
223.7438
245.3724
193.0673
258.2586
259.2478
227.4737
240.9836
213.8522
268.8281
261.0989
199.6897
216.7738
185.8773
223.9505
201.8913
229.3811
234.4434
239.1090
260.6258
225.8714
238.9570
203.1309
200.4969
261.3078
258.2081
185.1044
211.0265
249.4603
247.5632
261.9529
206.4321
207.1252
191.0759
225.5501
228.7741
266.0803
194.8092
242.2884
195.2086
201.7846
196.3942
226.1736
255.8623
231.0303
237.9123
240.2223
212.4989
253.0467
254.0136
217.3588
194.0786
240.2688
195.8230
221.9880
233.7112
206.4632
183.6444
248.6578
244.2247
212.1279
222.7522
232.1100
213.5706
227.9371
220.6061
223.5016
224.5756
258.0182
237.4454
246.6653
255.7105
260.9518
203.9015
210.4958
258.4142
190.6086
196.1148
209.0586
261.9069
227.1049
239.5348
207.0247
221.0306
265.8388
239.2891
245.6012
227.5134
199.7295
240.8903
260.6401
219.1658
216.9176
228.4685
241.2768
256.9511
234.3879
226.4208
259.3419
216.4288
227.1137
237.9702
245.9385
229.9905
216.7162
229.6497
238.7472
212.4398
205.7898
233.5682
183.3327
242.6362
203.9648
204.5653
230.2614
250.7259
185.6328
218.2583
268.8966
192.6722
261.3033
232.7719
220.1923
264.6635
195.6762
186.8771
191.6922
231.0590
220.3033
251.5311
241.4022
205.7219
227.0986
225.7970
239.3344
245.5501
229.3308
215.4430
250.5853
203.8528
216.1695
189.6025
183.0334
204.6319
186.1295
262.1413
218.0166
227.4488
216.4813
226.2158
234.9157
231.5853
217.3657
209.3842
243.2139
221.5224
217.2982
231.1551
259.5656
228.7323
264.4251
241.6345
229.9428
258.2718
202.6809
237.8429
216.6305
228.5216
226.8618
220.4873
199.9676
257.8144
264.1330
266.9730
236.6610
216.8213
252.9147
254.3984
193.9328
250.8731
231.3514
224.1444
241.0118
231.3537
200.8474
215.2466
196.8443
198.7970
238.0686
235.4785
190.4198
248.0773
212.6956
223.0908
235.7058
194.9806
255.9347
240.6024
205.0583
262.1822
224.2548
254.6625
246.7801
210.4281
254.4345
264.8295
200.7219
221.4730
214.5027
183.3783
217.5569
200.1662
222.7050
217.2520
229.4613
207.8927
238.4133
259.3376
203.9913
239.9654
210.0066
248.5817
223.1567
246.0519
247.8501
232.5125
203.3717
255.6031
251.2360
229.4351
238.0702
230.8251
198.7064
224.9069
248.7329
183.9816
187.0882
238.0026
184.3622
205.5495
226.0175
232.4317
217.1990
207.9504
189.3296
259.0250
210.6394
218.1525
225.1910
202.3715
248.3459
231.0595
247.3610
224.5169
210.1605
239.8152
255.5217
258.1972
227.2179
182.2804
187.5027
233.9327
236.0408
198.4408
254.9388
229.7112
247.6044
257.9263
200.4925
197.9461
206.5019
212.4689
256.1199
261.9004
263.7521
241.4265
198.3361
183.3349
261.3819
254.9169
231.0051
205.3842
249.5042
197.2700
261.9707
239.1695
248.6769
205.5640
219.8970
233.2997
243.9260
184.8464
211.1592
246.1645
258.5714
199.5836
258.4771
234.9005
187.8085
201.2028
221.6129
240.3244
242.8614
247.9669
229.8556
191.0139
214.6058
254.8870
220.5814
194.8931
206.7132
232.5668
246.1924
246.2575
261.3762
255.7226
198.0007
268.6484
239.8793
220.2418
239.3976
209.3151
262.9983
220.8715
253.9154
206.0762
232.7659
215.5537
258.3605
197.6044
186.2083
250.7432
202.2477
248.2676
197.7953
246.0196
262.2076
183.0105
190.8384
194.9607
241.8687
224.4480
248.8318
202.0194
222.9452
231.4603
208.0803
181.4699
210.1226
193.2983
207.8318
219.0107
203.0147
225.5161
226.3237
260.4492
202.6713
226.4618
263.7904
211.1844
254.0752
228.0917
230.8150
261.8336
257.6472
252.6877
208.3987
185.4079
248.2733
249.7534
218.8331
227.2463
266.7546
187.4599
218.7888
260.2644
242.6219
217.6078
221.0265
214.3955
268.9912
248.9554
185.1481
191.8697
236.2991
225.5932
267.0761
267.2695
252.2188
237.6652
211.7408
197.8404
216.9212
180.6950
200.1011
263.2811
257.5100
180.5966
213.6555
243.0801
217.1947
180.3255
223.0960
202.0467
182.2018
187.8455
228.9357
209.1132
207.2348
256.0231
203.7915
219.7428
245.4439
264.1817
219.2020
211.0024
209.3855
210.5063
187.4834
229.2595
243.4034
215.8309
181.7967
209.0428
252.1149
195.2863
257.0171
209.8688
248.8069
240.0467
260.6641
208.6030
210.3482
211.7973
201.8595
197.6764
250.3981
226.6873
211.8631
214.2029
262.9070
212.0245
256.1692
194.6600
261.8925
243.3553
228.4147
214.0682
252.8479
197.7180
269.7962
240.7190
181.8427
206.3944
265.8727
216.7786
260.1927
223.8007
229.3626
238.2971
207.7663
259.2561
233.2202
189.9720
222.2087
221.3207
197.8521
198.1731
183.2412
256.9444
267.5442
197.9032
265.0180
217.7686
216.3979
183.1120
228.7107
266.5509
243.2748
248.4659
197.5086
248.6740
258.1463
208.0479
238.8855
241.7340
234.7292
239.6445
225.7413
266.8690
254.7306
206.2356
258.0068
253.3830
243.5623
240.9987
180.0004
253.9042
196.6287
267.5335
221.1153
238.5141
184.8261
249.8419
227.6214
260.0122
228.7600
204.3826
235.8942
194.2421
246.5656
260.3477
213.6976
220.8955
218.5391
187.1110
217.0151
242.9079
224.7873
262.6706
193.9500
209.6610
190.1361
260.6286
213.0441
208.1149
249.3981
248.1731
201.9675
198.6460
220.8748
223.2051
255.7629
243.1463
226.3390
236.1303
220.4288
200.7290
255.3632
232.7792
197.9755
232.6527
270.0000
217.7741
236.6226
250.6903
237.5473
229.7603
210.9545
202.4558
217.1189
206.1342
225.2718
249.0831
208.7312
233.4647
220.7597
236.6166
214.8532
218.6512
258.3235
209.8877
245.1733
216.2447
208.3479
200.5276
228.5103
233.2768
255.1700
221.7665
195.3092
229.3360
214.1858
253.1487
220.0725
251.3414
229.9282
235.9199
262.5642
227.5618
200.4532
189.9067
217.2356
202.2735
229.9111
256.0667
257.9946
246.4549
240.2336
236.1039
194.3225
249.2306
219.1069
214.4628
216.8497
236.0111
236.2066
250.2313
251.3114
238.8251
188.7149
210.3756
180.0503
231.0156
190.1260
261.1036
227.5041
238.2790
227.4249
218.5685
242.6804
250.4186
237.7250
262.4972
259.7296
221.7581
217.5392
260.8191
224.7537
254.5655
225.1971
232.5121
259.9232
251.9290
245.7548
192.2449
192.0272
245.5763
194.1598
252.8345
260.5370
240.3109
233.7873
256.6507
203.7551
248.6101
230.5540
248.0078
248.1012
189.3259
244.6847
228.0582
224.5979
248.6004
250.8634
227.8009
183.1487
220.0300
242.6242
220.4244
207.6611
183.9515
248.1193
230.7668
242.9184
213.0799
234.8511
182.3045
251.0997
243.0001
200.4033
227.3698
236.0194
222.8757
203.8613
210.7743
228.6678
205.4939
205.8160
185.9821
189.1584
199.2037
208.0046
197.5689
190.8035
202.1262
202.1048
208.2352
205.4906
248.1587
192.4054
232.8884
222.9549
212.5930
235.6759
252.1023
245.7005
191.7921
225.7196
218.6592
194.4456
196.8266
215.6364
221.2425
252.3555
250.4696
187.8053
205.8775
230.9434
187.7416
186.0031
239.7942
235.9572
229.3198
228.4883
244.0813
243.6263
202.7543
204.6356
224.0876
222.3827
232.9237
233.4137
192.6839
194.2285
231.0850
228.2432
211.9777
204.7116
209.9708
208.9132
224.8868
220.6732
206.6467
222.2693
224.9543
224.2948
248.6525
249.2069
222.5664
226.9858
239.0980
231.0108
225.3072
205.3932
196.0735
226.3276
189.0956
204.5008
213.5395
221.0690
234.1334
243.7740
233.6731
201.6471
185.9989
218.1460
253.6190
250.7851
256.2865
201.3799
206.0398
220.6479
214.3267
232.2242
243.9357
204.4126
202.1183
242.5866
234.1568
215.4386
214.0023
198.4982
196.9713
203.8745
185.5675
190.0297
230.0266
236.9831
212.8222
233.3073
250.7570
254.1316
188.7694
190.6582
222.4801
234.9220
220.9241
235.8676
197.2804
239.7425
248.3442
254.9741
201.9592
249.9371
208.2370
233.0254
223.8807
203.5486
188.5144
248.8536
192.1598
199.5068
218.0927
234.6705
205.7793
193.5950
193.3144
198.4827
249.0544
252.7072
211.0640
217.4570
241.3985
213.5323
232.8992
251.6869
229.4337
236.6049
225.4687
212.2624
198.8530
228.7593
224.6110
228.8055
244.4168
237.6307
244.3576
241.4269
209.9138
201.6220
252.0990
247.7679
262.3792
235.1051
213.9157
205.8490
249.7856
218.4387
241.0082
243.1177
215.9759
255.0440
213.0277
234.6320
224.1430
240.1426
236.9114
220.8610
250.3178
193.9840
198.6490
223.9064
216.3952
260.8679
232.0311
234.1944
267.3530
233.6480
188.2266
200.2012
202.8331
242.1121
203.1233
237.6118
216.6871
225.6602
193.7651
205.3655
191.7328
223.1298
253.4682
252.2884
240.0681
237.8176
250.1372
266.3611
188.7931
213.6310
200.4226
219.6540
232.2855
224.9394
224.1862
244.9929
189.0498
204.7236
205.0887
208.6126
236.9910
243.8422
244.6988
229.0638
214.6184
222.3247
249.2294
199.0411
195.8582
231.3053
228.0238
243.4659
255.3165
248.6507
186.9231
208.0660
216.0819
222.8227
206.8888
230.7152
242.0885
206.6590
192.3420
238.4234
225.2671
199.2313
253.3165
229.6543
198.2337
247.4128
241.7655
240.6282
229.3831
240.8581
241.4549
243.9853
236.6581
198.6554
207.9115
202.1892
237.9557
239.8069
190.2653
252.9280
240.3094
236.6212
258.7164
237.1711
234.6942
216.3911
233.5770
242.5608
235.4639
227.0423
235.0575
208.6910
242.4010
225.6258
209.1595
250.7895
260.8837
218.8258
260.5033
243.0594
209.8138
257.2290
212.2007
262.1945
264.9751
262.0499
255.1187
238.2228
186.2251
189.4089
246.2902
225.1048
202.8066
203.4398
193.7646
239.5717
196.1240
194.7169
232.4229
237.7064
246.4139
252.2374
252.7978
247.9669
228.4340
213.8739
223.9687
212.7160
200.1007
248.5851
231.1309
208.8367
245.1727
246.5564
189.8179
201.5624
242.5301
242.3468
234.4610
230.8868
214.8756
258.4792
236.2122
208.8323
232.7182
215.2888
218.0603
217.1153
188.4785
185.2767
239.9698
208.0222
245.2932
215.4964
257.2914
257.2199
238.2355
263.1109
256.3255
196.4045
207.6479
242.4043
227.3875
260.7053
257.3730
219.2650
212.5256
213.9352
208.6431
221.4670
199.5088
224.4945
215.3854
190.6145
199.0962
237.9146
242.2257
227.8692
256.5150
249.2169
229.7355
261.0569
233.9594
251.4434
218.7061
187.6779
190.6828
217.2723
218.0466
263.4424
226.6989
236.0057
241.7252
240.3969
223.3037
183.1311
230.8922
265.9646
240.0189
224.1720
238.1063
187.4018
210.3560
233.6190
209.3473
255.7500
198.6602
204.4907
241.4975
211.0349
255.0829
185.7851
213.8736
199.6368
221.0529
231.6698
248.1409
205.1564
228.0143
262.0125
224.0810
184.1505
227.5697
218.6647
252.3328
228.7995
225.0562
189.9641
197.4861
227.4349
208.7246
257.0259
234.1557
262.2073
247.8752
196.9323
254.1468
197.4615
236.1853
230.9980
218.6341
197.3722
249.1278
231.4234
217.3608
257.9706
262.1027
241.2266
185.0091
249.0353
228.2739
241.8035
237.5164
221.7212
225.0843
238.0537
249.6624
197.4279
213.4684
240.4035
269.7910
235.4638
217.1873
200.3079
250.4095
234.6359
221.0445
190.0969
192.1544
200.8629
230.8224
219.6214
210.5997
185.2776
191.7351
207.0948
216.6599
226.0153
186.7486
243.4380
229.9509
222.7618
200.6862
210.9655
192.4050
209.3746
247.9681
253.8299
182.4628
220.9614
218.8260
242.0234
232.7313
228.7940
209.2006
207.9482
214.6693
235.4459
222.9764
239.2662
204.4075
223.4013
208.8042
211.1935
269.4927
198.1281
196.7838
250.2993
238.3665
182.8913
208.4859
214.1334
233.8080
225.6192
226.3439
225.7607
239.3993
257.7649
239.7825
197.7470
255.5643
244.4205
216.7660
233.5624
224.7287
217.0855
237.7765
226.0672
204.7306
221.2585
236.7106
199.8709
204.2411
185.5109
256.2322
257.4044
228.6048
230.1765
204.7104
258.2953
198.8380
206.7285
196.6658
222.4736
231.8048
210.0902
250.7883
216.3674
229.3587
241.7641
193.8896
229.5843
199.2478
218.1008
197.3955
231.1666
226.7324
229.3126
208.3075
189.0622
229.9331
248.0000
220.6176
197.3504
237.2878
257.2980
245.9214
208.5038
241.1100
241.1925
244.6789
237.7956
203.0566
248.5186
223.2431
217.2951
224.0441
230.9649
188.3042
194.5697
230.2578
232.8384
235.0644
226.8614
219.4375
219.7063
186.4243
191.7963
189.6671
185.3340
242.8376
238.4029
206.8502
202.2391
250.5368
233.8752
213.5798
230.3085
197.8638
201.4019
249.9982
245.9500
188.3341
232.2582
248.6904
258.7876
257.2068
212.4472
203.1896
213.9584
232.1330
233.9047
238.6624
238.8995
194.8618
236.0166
193.9339
187.9143
232.2181
181.9042
202.5205
182.8442
198.8422
189.4046
228.0723
198.7488
209.0671
214.9011
208.3854
193.0904
184.1060
204.6205
203.0242
215.9268
208.0572
212.0506
232.9488
264.5980
250.0377
249.9062
227.9109
245.1718
188.2033
193.7417
238.3346
223.9187
237.7996
241.4527
264.6403
241.6584
225.1188
237.6425
247.8076
233.1624
195.1143
218.7112
232.3329
239.6141
196.6302
235.6191
224.8432
240.0025
258.4076
267.0470
222.9573
251.3566
233.4851
265.9239
263.7734
269.0126
251.8827
204.5360
238.8976
242.6128
238.3901
207.9949
201.0288
204.3784
194.7050
244.0154
249.5460
248.4461
248.3821
253.4431
252.4788
238.7737
187.1311
240.2920
195.8654
249.2127
260.2885
233.9284
227.1353
253.4942
214.7933
222.6806
254.5901
245.1437
200.7444
199.6559
213.2859
260.0961
222.5118
230.0511
265.4154
253.7575
211.4385
224.8165
256.7719
240.6379
223.0745
239.2065
217.1102
248.7122
215.2940
211.4719
214.8926
256.7692
247.1854
242.2740
227.7765
262.3116
238.6686
209.9137
222.0269
223.1886
260.4002
263.5805
220.8657
196.1081
242.7981
230.2436
239.3620
264.5450
256.1883
226.8728
232.0460
259.6711
258.2799
257.7512
218.6258
203.6219
236.5710
213.0297
235.7451
219.0888
191.0544
217.5444
237.9367
197.5526
187.9532
222.6193
254.4593
259.0890
264.3840
228.5791
201.8418
266.4190
228.6704
265.2405
250.7647
256.5085
188.6596
240.2389
196.8411
250.7374
245.5392
218.3357
253.7234
222.8108
252.6552
221.1487
195.5328
224.6961
226.1947
248.5079
205.7794
236.9186
210.8903
184.4749
231.7146
246.0847
261.8714
192.5136
214.0385
233.3227
214.1137
210.4398
198.0307
224.7805
264.0531
258.5795
217.3295
247.0395
219.1924
253.8652
232.1086
202.4342
217.0024
204.6795
222.9824
243.2034
222.3107
226.5409
244.1295
197.5892
223.0101
242.4139
186.5640
265.3388
195.1673
230.6814
234.5126
205.3947
247.1942
233.0288
