220.7826
261.6329
222.0969
210.2863
180.0198
247.3416
183.0300
183.0228
253.3766
188.6549
234.9149
255.6834
193.0703
260.3632
235.1710
230.3175
192.5413
230.8931
180.0092
220.9087
216.8261
224.9327
196.8317
206.2743
259.4719
234.1157
210.6011
269.7857
249.1190
209.5035
226.1134
213.1696
239.2909
223.3323
189.1246
230.6546
225.0012
230.0165
186.6405
240.0109
250.3041
200.6876
263.8599
257.0316
247.6018
246.2687
238.5622
250.7237
262.7089
204.6863
191.0628
221.3900
188.9730
216.8538
269.9015
204.0795
223.4580
195.0970
220.7542
241.1406
232.5017
218.4188
206.9220
201.0152
191.6188
241.3382
203.6904
229.2500
212.1389
188.4837
238.0165
231.8433
265.8534
261.1483
256.4334
254.6604
183.5331
224.0805
211.6125
227.2219
210.5618
199.1301
192.9642
233.1148
239.7106
219.2441
187.3734
220.2468
217.3155
209.7070
205.0332
208.0417
204.1248
195.9142
228.6515
222.3228
229.0649
252.6167
250.5031
198.5552
202.9418
228.5115
209.9547
230.6742
230.3304
226.5777
206.8537
205.3961
253.9264
248.5301
214.9172
211.8123
225.7520
233.4118
232.9726
225.0243
220.9140
212.7798
237.4480
247.2437
219.7010
230.8740
210.0799
202.6814
197.2076
206.7578
191.0158
196.1033
235.9689
238.2960
220.5406
214.2764
245.6945
234.0480
241.5538
235.2986
234.3896
222.2556
233.8547
200.1126
256.5767
264.9557
240.2299
242.2843
208.9400
200.7373
195.3086
206.3200
233.9738
235.0269
210.3914
248.5090
235.8594
227.0258
217.2618
223.0334
223.5038
225.6331
237.2856
230.9677
230.5397
249.7803
215.2313
223.9677
235.8637
192.1560
198.4670
217.4118
242.6059
216.5394
205.4313
209.3384
215.0716
210.8047
228.2300
231.2370
267.4848
234.4717
227.9184
235.8353
216.8863
196.9143
198.9760
249.5201
251.1260
192.1323
191.5452
237.5146
220.8335
233.1915
186.5770
216.7089
216.4426
209.1165
215.7786
222.5740
191.4342
197.3383
248.1218
257.5804
208.3620
238.9957
247.9638
220.5372
224.1575
218.9073
225.6817
199.0794
228.6311
225.5710
239.3705
258.7052
188.7467
230.0304
223.7269
246.7447
234.0527
255.5159
227.2848
239.7446
216.8387
237.4977
229.1656
198.2560
227.1181
238.1530
259.5395
193.5016
241.0838
238.3877
257.2249
261.5079
243.4655
187.7883
205.7483
253.2482
234.4108
207.9666
248.7787
216.1043
235.0339
211.9911
261.7087
245.2877
226.4256
245.6472
246.8881
198.5474
257.5740
256.7190
236.2555
205.3246
246.2358
245.0522
196.3623
247.7267
206.6762
215.8767
222.2556
247.4573
247.0453
232.6636
225.1939
245.6385
198.5612
220.1308
218.1074
239.9977
241.3242
231.3133
244.2415
228.8273
234.8915
246.9118
223.6049
228.2125
212.1961
211.9315
231.7711
236.7289
253.9742
252.2486
242.5749
240.8827
255.8037
227.5209
234.5337
232.6788
224.5717
233.8309
261.8323
223.5710
236.8553
222.0061
188.1152
213.9180
242.8904
219.6490
254.3711
191.5123
182.8848
224.7291
228.9908
202.8431
242.2953
265.1524
229.2615
205.1175
196.3553
194.8102
216.9898
258.0623
210.8892
216.8637
251.1060
249.6812
233.7918
254.2238
202.5539
200.7063
240.8497
233.9526
236.1201
227.5153
196.0226
188.1043
242.7834
238.6137
230.7743
220.1046
227.6472
232.1751
245.1259
245.8987
236.6447
232.9585
231.6558
234.5975
205.9059
200.3567
236.8567
223.4947
192.8022
182.8632
224.4869
229.4400
196.9532
192.2458
188.8869
186.8403
262.6454
255.8473
213.2989
226.9707
224.4767
244.2408
232.4965
235.0680
236.7511
197.2309
191.0105
201.2160
206.9876
225.7150
225.8295
203.6398
228.7199
236.1202
212.7531
238.4349
236.7386
205.0948
206.4651
220.4304
220.7671
195.7157
198.6094
234.0873
222.7493
196.0588
187.8241
246.0234
249.5091
208.6036
225.1740
216.6103
237.4044
221.2848
187.2767
208.4510
228.8562
211.4208
213.2359
198.7957
202.8057
243.3479
255.9484
239.1573
244.0772
205.8918
222.2383
211.4940
218.8400
224.9138
209.3614
200.6079
196.1916
245.3388
232.6158
235.8250
186.4911
207.8798
223.2468
190.7435
208.4430
190.5466
206.1075
213.7495
207.9195
195.8015
198.4402
219.5467
194.9330
204.1913
208.5564
197.3333
227.2716
215.5916
237.5765
232.4292
194.8056
199.5279
237.8334
243.2116
234.9517
238.1849
190.3603
197.2917
193.0177
203.9075
248.8864
243.8092
195.5602
180.0708
220.9239
222.9006
228.1961
249.2434
229.6369
192.1098
200.9089
226.5394
197.7150
205.3913
184.3307
229.7305
238.9644
226.2799
224.6230
264.5350
227.8454
229.8772
244.3462
240.3219
253.0439
252.0030
250.7780
246.5337
212.0800
262.5973
261.7109
222.7387
229.8830
200.7503
194.1942
223.4267
225.4425
230.8968
231.2798
189.8990
211.6584
225.2292
218.4492
236.6457
235.9497
241.7642
235.6294
218.2711
217.3350
217.0258
224.2840
247.6483
245.4200
204.1556
197.6013
236.1956
234.1840
218.0982
212.7515
215.6985
211.6496
248.6533
249.0314
199.4520
211.0373
243.7911
240.9291
218.4019
213.4907
222.3211
233.4684
203.4598
209.8850
217.9003
239.1279
235.0140
226.1269
221.2107
213.3940
243.5194
197.4490
221.1725
210.1779
215.0693
219.9540
205.4086
214.3132
221.7094
193.7708
194.1185
230.2969
214.5290
205.7447
210.8190
240.6540
242.4029
217.5407
204.4206
213.2739
222.3196
233.3991
242.5613
210.1325
225.0161
234.0548
234.4006
250.7665
250.7438
211.8305
251.9499
253.9124
228.1762
236.6895
203.5316
204.1250
194.0861
198.5441
227.5880
232.8734
211.3335
234.4185
244.3053
241.0919
230.4744
216.9850
234.8469
199.5275
264.5831
205.9091
237.9052
217.3096
239.5424
245.5717
223.2006
250.5880
260.7674
235.9896
227.9462
226.8357
267.8912
202.7034
235.0239
244.1539
213.4562
225.9948
196.0532
229.1211
248.6908
239.4959
255.0426
220.4386
238.6570
204.8014
186.3072
228.1898
237.2296
261.4222
244.6870
215.2496
238.4981
257.5075
201.6970
233.0771
233.0689
242.0378
236.6687
212.6371
220.6114
217.7320
232.1357
243.1645
238.6263
232.5832
225.9923
223.8008
232.7102
186.8543
200.0345
235.0845
227.6824
203.4406
203.4044
240.9900
239.5093
218.0681
221.9947
204.1205
225.1564
252.4539
244.8616
228.8811
227.9521
184.8904
235.9407
254.0964
229.7110
249.2904
239.0565
230.7610
238.6067
240.0632
230.7948
208.3107
232.1500
192.5557
207.4484
247.9878
240.5207
233.0475
239.5898
234.4572
241.2686
226.9133
246.5083
212.7864
235.9428
261.4818
247.0177
216.0827
254.5799
248.0863
233.0998
211.2130
208.4957
228.0590
257.5846
256.9792
206.7180
207.8866
216.0578
207.3834
227.9228
218.2334
239.8192
243.5610
199.6776
241.8633
241.9981
224.3359
226.2233
224.4119
226.1024
214.2437
237.4111
190.8566
234.4998
241.7120
212.1411
228.8484
207.1880
214.5646
225.4157
227.5547
242.8462
250.7740
259.8972
191.6602
237.6712
242.6442
211.2680
241.4831
199.1451
222.5758
215.4447
213.2334
237.7542
183.1386
225.6238
216.0010
195.5216
194.8563
231.0066
218.6125
251.7084
248.2265
238.1978
231.7469
260.1486
240.1298
237.9806
211.2859
247.1885
191.1104
206.3208
238.9741
217.4819
223.1326
235.5941
241.0629
236.3327
236.1779
231.4571
250.7349
203.6735
259.3897
245.7637
196.6914
228.1524
254.9928
258.6220
231.5051
246.5275
235.5449
247.4919
249.8046
232.2399
232.8888
242.5564
245.2969
247.5867
209.1434
217.1875
201.9464
191.5239
220.5201
207.7015
230.0981
245.6163
222.3868
224.2664
228.0560
194.9781
265.1949
221.6293
236.1269
238.8324
218.2878
226.1152
216.5048
195.7080
213.3019
197.7345
200.4572
210.0338
224.9950
261.4440
254.6452
216.5378
264.7968
230.9982
214.4758
242.7305
196.1519
198.5520
228.5419
218.9357
207.6014
204.3257
248.2778
255.8430
206.2261
207.1647
241.0358
249.9313
255.2045
206.5215
267.2225
248.3855
218.8047
198.7536
200.0060
231.8975
233.2403
259.0575
249.8738
234.2792
235.3907
215.0994
253.8207
248.4866
192.3375
183.3277
246.3657
243.0160
209.5109
213.4893
203.8757
208.5047
229.7762
243.5582
254.2787
246.1764
235.6546
223.5028
236.1738
222.0275
198.1036
228.5193
223.4568
227.5669
241.3116
227.5407
242.9913
240.6143
202.7704
203.1262
258.9029
256.2618
227.2669
234.1693
234.8137
228.6018
224.2665
204.9517
209.1190
213.0435
202.1891
204.2194
235.0887
242.8983
255.9993
258.8362
229.5509
238.6918
237.6944
257.1751
248.6181
223.0664
242.2799
244.9558
232.7853
217.0562
232.1762
240.3647
238.7952
232.0988
223.4140
231.2077
235.2467
243.1055
246.6857
221.8198
239.0524
212.0684
231.5120
249.2529
255.5235
235.5154
201.4936
201.7499
247.2417
249.1375
210.4122
215.0054
227.0907
238.4767
247.2244
250.3667
245.3444
248.4867
252.1570
201.7768
224.8326
250.9363
189.1355
189.5336
233.1577
234.1379
213.9232
226.9128
244.1309
248.9441
197.1691
255.3106
257.5116
203.9585
255.4594
237.1537
240.7878
248.2440
247.8272
205.0164
191.1287
200.1454
229.3647
236.5593
203.7864
207.8281
244.5085
220.9760
201.2173
197.0999
204.4780
241.0770
232.4938
246.2751
227.5121
248.3060
260.2931
247.8564
222.6751
227.8550
236.6982
236.5941
246.4559
234.7952
244.1281
240.8962
226.0697
237.4735
232.8630
229.5380
238.9772
214.8518
215.3406
248.3260
251.9591
205.6306
203.1063
247.4174
254.4717
238.7909
238.6687
259.6060
252.9687
242.8485
256.3421
218.9477
245.7470
231.5963
209.5424
253.2756
234.2133
229.4259
247.4233
234.2688
228.6781
234.4229
214.3915
209.9036
238.7278
269.7997
207.4911
209.8903
203.5379
210.9264
252.3359
245.0249
199.8872
197.2210
255.4195
235.8207
202.2647
207.7896
208.4701
211.2221
211.4480
206.0824
199.6787
196.0451
212.8339
201.4026
255.7417
256.3083
234.7387
216.7994
229.6635
202.8962
215.0560
194.0145
189.7530
231.0105
201.9233
246.6309
241.4285
209.7702
225.9934
203.5791
216.0042
216.8314
201.6128
198.8496
198.9026
196.8690
225.5229
215.4679
216.7203
249.1594
206.1941
206.5235
219.0835
216.0927
228.9612
223.5061
237.6605
243.7673
254.3193
240.6178
207.1642
228.0645
213.1329
218.2775
199.0463
208.9268
258.7571
237.3279
244.9680
229.4283
224.1868
216.6035
217.2442
208.2061
190.0407
199.1827
249.2081
249.1678
251.0719
223.0511
187.8099
215.0413
233.4563
229.6052
223.1735
234.9804
235.9930
246.1307
235.7072
208.5193
211.7524
242.8522
249.7554
195.5024
260.8217
192.7664
230.1816
201.7115
216.8759
208.2321
212.7676
209.1077
214.6376
205.3884
207.9426
215.5591
201.5344
255.9385
262.2978
243.7015
237.5726
203.5441
208.6652
218.3611
191.6002
237.9229
266.4304
212.5708
208.2005
221.5622
224.7978
213.7083
234.2368
198.9099
192.3529
257.0670
244.9267
235.2214
214.8638
193.0487
200.7104
223.0912
202.2126
211.1806
218.6894
258.8245
204.5045
253.6518
230.4106
210.5716
243.8065
241.3875
190.3209
195.0967
204.4993
239.0448
195.6780
193.6205
242.4233
239.7565
255.1175
241.5985
190.2340
247.6355
195.4198
207.4466
194.4591
239.9735
228.3793
227.9606
207.0487
197.0471
238.5097
230.5883
256.9825
249.6810
231.2307
239.1739
232.8312
237.1031
218.4047
217.5612
198.1438
216.1974
235.1222
212.6610
193.6017
188.4841
184.9248
188.2080
202.8836
220.1699
212.1722
225.3655
215.7435
227.7197
221.1255
224.8635
200.0861
220.8549
251.8055
251.9202
264.0257
251.6770
215.2034
244.4397
195.4476
205.9747
195.4159
196.9244
212.9584
222.6816
248.3378
259.7572
233.8916
225.2044
247.0798
215.3456
231.2930
224.4324
251.1614
226.2179
196.7688
191.8152
189.5210
204.9175
226.1890
201.8293
236.8991
230.8591
237.7772
246.1846
201.4405
193.3110
214.9195
254.8187
246.0910
190.3379
209.6964
206.2292
203.8701
229.6883
212.2765
211.2605
222.4751
198.3497
195.3598
193.7258
198.9091
203.2356
232.3273
190.6346
196.6305
218.6876
191.1505
196.4177
242.4643
224.6400
192.6836
245.1384
258.9108
249.5781
210.5619
218.8410
196.9192
209.0516
203.6270
188.3761
218.9574
198.2503
220.1957
250.3117
220.8531
194.3687
225.1289
227.2946
193.8519
221.1918
231.7428
259.3794
216.4460
212.1016
231.5556
254.0368
244.3363
220.1344
194.0078
240.4777
255.6264
223.2277
254.8896
185.7807
192.8029
198.9459
213.3201
211.7236
234.0506
210.1909
232.7265
218.5673
258.9013
191.6862
204.5428
230.5470
206.3341
212.2591
234.2270
232.9501
233.7222
240.6475
254.2368
232.6482
243.4712
214.8897
233.7645
217.8452
217.5263
229.8803
217.3428
235.9583
266.0528
197.7427
180.0174
255.0594
251.3852
239.8946
257.4054
263.9953
195.0341
208.1940
242.4161
206.7113
235.1710
255.7557
202.8665
240.4708
203.4733
259.6432
194.7858
223.7365
212.5629
233.3155
238.0878
243.3831
239.0356
253.7810
198.1612
180.0018
268.6894
200.3279
200.0454
221.0396
202.3273
257.5479
191.7735
194.6073
231.5897
232.6060
269.9768
214.9957
210.9084
182.3113
217.7247
206.4674
204.3846
249.0667
261.2076
238.4881
236.9184
229.9906
187.1933
235.8145
226.9427
222.9183
240.0803
228.1021
229.4857
219.1342
237.6146
237.4168
247.5460
241.9486
205.8186
209.8365
236.0629
248.5932
243.2815
202.3540
207.6715
234.6791
234.0925
232.0558
215.3824
191.3555
223.8382
207.7742
191.3760
193.7888
260.0877
267.2514
253.3436
243.4503
188.3501
219.8465
226.3798
222.9966
225.0520
215.7659
223.1585
232.6022
229.6481
207.2875
231.5030
238.0876
228.0661
245.1953
241.6452
245.6214
245.1605
260.6024
256.7007
207.8981
208.7116
231.8559
233.3231
237.0047
250.4537
247.8565
192.4621
215.8364
227.5619
218.3119
234.0594
231.1733
219.3160
224.9526
217.7586
214.5522
212.3066
209.4101
255.6853
246.7135
212.5441
217.4199
234.6581
223.4754
213.7790
256.1948
266.0008
214.6361
209.7176
211.8877
220.8351
202.0474
194.4924
256.9073
212.5444
266.5948
197.7284
193.4805
235.8598
222.0490
222.7672
201.6107
206.5258
217.1175
212.4216
205.8983
216.2739
217.1802
233.7709
239.5499
204.0494
216.7058
215.5041
214.9137
239.0985
212.3953
205.9464
211.8811
221.2955
218.6207
219.8341
222.4700
231.1298
239.5719
241.8638
234.4192
241.8560
242.6273
243.9198
223.1018
204.4644
192.3678
221.5966
225.8624
233.6287
213.9817
220.9492
241.4327
243.8965
237.5603
218.9924
255.1306
246.4056
244.4551
230.0639
256.3720
228.6887
214.6645
207.3246
183.9520
231.5774
215.3576
208.8446
195.6153
207.5741
248.1487
243.9878
219.3760
234.2283
229.1751
234.5218
250.7491
234.1431
237.4917
230.3167
224.7168
224.4799
223.2034
192.7449
197.6820
222.1561
228.4750
241.5810
241.4218
235.8725
231.6775
243.3303
219.1402
231.5480
268.2935
208.4859
247.6625
257.8861
217.7355
235.8497
220.8006
245.0548
207.3424
232.9442
269.0054
186.7126
250.4992
252.4761
235.5957
252.6518
227.2792
252.6443
227.1986
193.8689
241.0294
251.8793
250.5346
222.5913
224.8978
224.5337
233.5867
217.2072
240.2485
240.8653
190.5429
228.3147
197.9050
207.7014
211.4445
215.6111
231.6437
248.2403
220.6652
234.2606
236.1133
225.9606
218.2460
217.6828
202.1306
250.2679
234.9864
209.0424
212.7277
196.1495
217.4404
195.6889
180.0184
235.7005
208.2208
223.9114
202.4664
237.6101
214.9607
212.9258
245.6241
235.5504
205.3064
219.9905
237.5693
221.6612
209.7087
213.4216
259.5708
237.3702
202.9589
235.6946
236.5535
206.6418
193.4905
192.4708
220.7340
230.7098
254.9253
220.8184
230.8051
217.6242
217.3834
209.9076
241.6803
239.9021
247.6446
250.3265
227.1033
240.2372
191.7094
240.2230
244.7178
223.2953
227.6082
187.6525
196.4092
221.4079
212.4238
221.3490
193.3361
232.9489
221.7863
235.3266
212.6567
232.7728
249.8548
220.8410
234.2024
234.1618
229.2013
238.6538
255.5117
222.6204
198.1689
207.9859
215.9129
219.9975
245.3956
252.8874
197.7080
250.2408
244.7450
262.9749
247.4309
214.7782
208.8955
223.0278
240.1240
220.1005
243.8826
240.2975
255.3667
195.0288
222.9892
269.4994
218.0701
229.4518
192.6247
226.7395
241.6323
242.8166
256.3276
222.0671
216.2475
250.9945
248.6465
244.4296
242.1728
231.9652
217.8235
216.8621
230.1164
224.9843
227.5513
265.3084
242.6804
254.4465
198.7025
216.2979
227.7171
225.8073
228.3550
191.2911
228.2942
224.5509
224.0536
259.1069
255.5222
254.2770
215.7748
223.4306
231.1999
231.4548
219.4444
226.9898
210.6775
219.4246
192.1979
237.1000
217.4558
212.1632
205.8871
196.0873
205.0008
214.6012
223.0295
219.4438
189.8438
229.2951
224.7656
243.9318
193.7776
254.7252
261.3345
219.0891
234.3934
210.1066
184.5032
200.1344
204.2862
201.0112
259.6845
221.6082
209.8420
225.8123
197.6489
235.3817
230.7761
201.9922
208.7481
227.0000
226.4416
211.9842
230.6209
228.6110
221.3524
199.4730
225.4419
201.2656
197.9837
210.1083
193.2101
226.5661
230.2699
225.1319
225.4360
217.1861
238.0413
222.1235
257.2280
227.9408
229.0489
225.0703
205.7478
222.4548
214.0813
242.2640
232.5789
215.7218
249.0073
263.4084
215.2248
191.9210
184.3177
215.5369
219.0793
236.2874
257.6154
213.4722
206.2070
214.6291
230.7703
222.0536
241.0224
209.6465
205.3844
222.5238
192.6067
193.6821
199.4719
190.2733
252.5962
226.4399
257.5137
220.1623
219.6442
225.2861
233.4266
216.1812
189.7933
249.4133
221.2652
242.9441
243.6161
241.1825
229.9397
226.0492
232.3932
192.0073
190.7867
203.8571
205.1080
201.2290
206.1264
208.6280
211.2992
215.0764
189.7469
241.8689
232.1981
205.0126
218.7657
231.5767
261.8466
209.1257
229.7671
231.3450
253.1594
263.3138
269.7159
214.4790
190.5150
259.1099
194.7027
250.9311
232.8301
250.6185
237.2584
199.9295
192.6315
245.3337
204.7925
238.8429
249.5512
239.8414
199.8372
195.2891
249.6964
204.5858
245.8362
227.2607
203.6785
185.1424
233.4739
209.1855
195.6699
207.5891
198.8094
211.2802
200.9597
231.5177
215.2675
205.1124
194.8516
256.5323
225.5955
210.9235
233.7755
225.7814
259.9017
207.9804
214.1087
219.6712
218.0094
224.0175
219.7513
230.6165
227.2052
244.0790
187.3943
246.9459
263.2709
235.0598
243.0664
208.4678
267.9230
258.5301
212.5629
218.9432
186.2052
235.6312
204.4260
230.9821
248.9526
245.8486
258.1024
225.6609
231.8632
197.8985
207.7560
263.2599
260.8978
185.9453
224.6285
248.9233
256.9810
264.3144
203.3672
215.1198
195.3725
238.5289
227.5992
267.5807
192.8397
233.2819
214.6359
209.5070
202.2329
227.2196
257.5656
244.5313
232.0794
234.3466
202.9193
244.6144
252.7406
237.0909
208.3041
232.3199
195.5948
214.4619
247.5375
226.1778
184.6486
249.9232
245.3721
204.4663
222.5669
229.0487
216.4915
233.9626
239.9214
225.6036
224.0501
252.4780
246.2953
249.8999
255.3888
259.0546
205.9588
210.4767
256.2576
195.0064
190.1360
202.3610
261.5512
235.3293
234.2642
208.5339
226.6016
262.9152
235.9232
233.8483
224.3012
198.3492
245.6685
260.2790
222.3865
209.2480
229.0578
244.4647
249.6804
221.9617
214.5529
247.0275
208.1276
233.7618
233.6492
249.7326
235.6189
225.2730
238.5855
245.8807
211.0610
209.2508
236.2931
190.0557
247.9325
198.1716
200.0053
220.3811
252.5931
200.2997
228.1604
267.8580
193.7875
263.6969
227.8650
212.5987
261.1869
215.3743
191.8880
196.3264
229.0835
227.7054
255.7046
238.6849
213.8385
231.2340
221.5002
238.5370
231.2626
217.8022
228.2456
238.4580
225.9920
236.0566
190.2516
186.7652
215.7262
187.4725
261.9058
204.9836
237.2602
226.5343
241.6457
233.1957
243.0839
223.9191
221.0563
247.8711
218.3150
210.3718
234.0271
258.6137
236.7639
260.3094
228.3149
216.9778
257.8627
204.6488
230.3899
223.1290
233.0751
220.6502
234.3651
192.9327
258.1616
258.9066
267.5863
227.2032
212.7051
245.1643
256.7200
190.1980
254.4364
236.9008
230.8616
234.2816
228.9247
196.3018
205.0306
192.6672
209.2813
226.4781
239.2720
193.7308
239.4915
208.1650
223.9558
245.9931
197.8526
254.9642
248.6812
207.7729
256.8706
211.4522
257.2543
251.0467
231.0287
248.3807
263.8018
206.0073
230.0792
224.3848
184.3978
214.3674
204.1260
234.0695
234.9391
232.2952
205.9055
225.8852
248.8020
219.7775
238.8052
201.8487
253.1483
219.6005
239.3680
222.5136
236.8617
230.5216
255.5233
257.2754
232.0638
246.2786
245.6808
202.4880
213.2724
247.5524
188.5595
184.3686
222.7554
188.6183
210.4400
242.8659
234.3293
224.9149
211.7935
193.5310
253.4059
214.2033
219.7296
235.5152
218.5284
254.9756
239.7666
253.3026
227.7413
217.6169
236.6362
234.5344
258.9006
231.1759
183.0516
188.9386
236.3093
243.0900
203.2689
246.1281
237.3335
237.6222
258.5131
209.3963
196.8998
212.7912
202.2446
246.8090
262.4531
260.2428
244.6342
202.3741
190.1636
264.3229
244.7914
243.0012
202.0861
229.8005
196.6528
261.0177
242.5111
241.5382
202.2740
231.3431
238.6952
244.7018
194.5588
199.2413
232.8864
248.7717
203.2284
261.4205
246.4670
208.9229
194.5919
219.3207
240.1027
243.2318
239.1421
225.0323
191.0387
235.8559
232.2346
219.6452
199.7761
208.1576
225.5931
254.7012
240.9134
262.3670
259.6375
207.8337
266.0606
240.5143
218.2646
227.3584
229.8202
259.4629
230.3756
257.0253
211.9311
235.8483
216.4683
253.4400
192.5029
184.1168
253.5789
206.1217
252.9924
194.0762
250.5808
260.2022
189.8681
196.6688
191.8230
250.5441
219.5694
256.0254
197.2854
222.5194
229.4953
198.8228
186.6434
213.5477
189.2032
199.1318
219.7454
205.4243
220.9153
229.2319
262.1543
212.1774
242.8708
263.2381
228.4206
239.2701
222.0222
230.4800
239.9718
262.6631
258.0687
205.9784
184.2235
255.8007
233.1264
229.0044
227.1311
266.8999
185.2878
229.4790
260.4625
249.6683
204.0842
212.1663
227.5557
266.9512
234.0873
189.3546
200.9905
231.5641
217.5127
262.3032
266.5890
242.8779
240.7611
215.3778
201.6797
216.3909
180.8716
201.2860
254.4823
260.7413
180.5234
211.0949
253.5588
218.0874
180.2701
221.6085
194.0035
194.1614
199.9188
241.6482
205.5899
203.2237
254.7762
215.7380
223.6875
242.8953
262.0955
226.9431
224.7031
234.6373
217.2240
203.9600
215.6810
231.9885
222.5272
183.6123
212.1709
250.1929
194.4117
260.0973
207.3688
247.3711
227.5511
262.4248
214.7907
211.3029
211.3463
197.6953
197.5020
254.2231
232.9578
216.1109
212.0614
263.7537
227.1903
238.5366
218.3657
264.6804
231.8815
214.7985
209.6826
229.2738
192.9622
269.2803
222.9677
182.0475
198.1988
264.6256
222.2527
263.4245
228.7260
234.1209
238.9574
204.2641
262.7628
247.0661
201.5456
235.2069
239.7360
202.5116
197.7264
183.2873
250.3081
267.5369
204.5790
264.3488
229.1587
232.4769
186.8965
238.3804
266.2123
226.4694
255.3173
214.1129
245.0454
260.3327
212.6312
242.3103
217.7974
235.2319
246.6280
208.8205
263.2530
250.9819
202.3867
258.0281
241.2921
229.7080
219.1927
180.0003
255.1610
206.4250
268.5839
217.3142
227.3106
185.2321
254.6195
229.6381
263.7192
239.8852
222.1024
231.6679
197.7949
237.1582
249.7184
219.3507
220.9143
213.5717
188.5388
205.7926
237.2005
234.6627
264.7463
216.4639
219.0324
197.1384
258.2758
204.8051
210.2181
257.2428
235.9496
210.3841
210.8944
220.0286
217.7452
257.2916
245.6254
238.6156
231.5812
213.2992
224.5086
249.4687
234.2314
206.9110
226.5958
270.0000
215.8276
237.9682
242.8859
237.9123
231.6794
223.1191
209.1926
213.5681
198.1910
223.0341
248.4697
203.9725
227.0405
223.4697
240.8084
213.3176
229.8480
244.9714
212.9368
251.4574
229.8340
222.3729
206.9000
225.3410
243.8014
249.6765
216.2671
195.6213
221.6467
214.4340
239.6077
226.1333
245.6757
232.2254
234.8120
261.2021
245.2704
192.9698
190.4489
215.4105
203.9425
223.4080
255.9096
250.8707
250.1207
248.1499
216.2319
195.4862
245.0053
225.6880
229.6879
209.0428
244.2014
236.9313
249.3366
258.0164
232.6785
215.2820
228.2637
180.0966
236.6601
204.9321
253.2487
220.1183
235.3998
229.4685
217.1483
247.1889
239.5002
229.3522
263.3114
241.8737
225.7732
234.2000
254.9549
216.8561
247.0702
237.9185
236.1823
246.4001
253.5134
246.9723
194.6724
195.4288
252.6422
201.3872
255.7510
238.2956
240.9146
235.7714
254.7202
200.1167
253.9244
214.3409
247.8447
226.8097
193.6970
251.1144
231.2219
239.9369
249.0404
249.6315
215.5477
188.0274
227.3598
218.1363
230.8562
225.1115
184.2752
246.9352
246.0719
229.1935
208.3054
234.6546
181.8643
253.5009
242.9041
203.6892
233.2686
226.9432
235.1874
213.5025
208.7226
222.4852
200.6156
203.3500
188.4644
195.6996
200.2173
203.9204
201.9141
194.9439
194.4618
212.0927
204.6766
221.6778
237.6382
204.1963
239.2453
221.3690
218.5398
232.5327
253.1214
233.9521
194.2909
233.5529
230.7788
192.6171
215.7363
207.8706
212.7813
241.3250
238.8409
187.7899
197.2060
220.8467
192.5101
191.0800
240.2529
230.7617
222.0892
228.1739
243.1282
243.9670
215.4098
219.4029
224.8799
224.6576
226.1245
223.6968
188.2425
199.4296
228.5360
226.5119
209.0788
206.1245
207.0748
209.9025
229.4555
229.3315
203.4444
222.1677
224.3302
228.4579
253.3735
252.1384
223.8775
224.6190
234.9504
232.6030
229.9358
210.4817
205.3793
231.9548
207.7001
200.4661
209.2991
216.9165
232.2005
235.0786
228.4804
210.8165
190.8166
218.5351
245.6141
241.5310
245.7909
218.4935
217.4028
225.8000
217.8472
235.2131
240.4869
222.8291
219.3460
242.9854
239.4865
215.0078
210.2516
198.4270
193.3388
197.5622
192.6810
193.5945
232.6037
240.1644
223.0503
241.5848
247.6183
249.9367
187.3241
188.7700
230.7647
235.7016
226.4400
230.8895
206.4424
239.7964
239.4381
237.1320
209.9326
255.3548
213.8310
232.2087
219.3758
220.8242
204.1453
251.7224
193.2384
197.7689
218.0413
234.7803
202.6298
199.4826
191.4600
194.7705
232.1470
244.3799
226.0974
215.6059
241.1379
214.4908
224.2131
256.4269
226.0581
232.3552
215.3455
209.8960
202.7336
208.3652
213.6197
212.9602
248.5775
247.2331
242.3660
245.3568
213.9410
202.5977
245.6596
252.0151
259.1221
234.2042
217.1326
220.7469
246.8214
234.7578
226.1743
237.8073
238.5968
244.9937
210.4327
230.2068
222.6794
225.3262
228.0860
218.6086
244.5134
194.2297
196.6484
223.9785
217.3517
255.3167
221.5771
221.2535
267.1415
232.4768
194.2205
202.6832
204.7994
235.0381
208.8106
235.1671
225.8297
219.6299
193.5507
199.7352
189.9577
219.2429
254.1790
246.4131
240.4327
239.7927
246.0313
265.0039
189.4358
204.6156
202.4520
220.0064
234.2540
230.9995
219.6192
231.7158
189.4313
201.3810
204.5343
200.5101
227.1863
232.8066
249.8038
224.2791
215.9511
216.5550
241.0041
211.5791
201.5278
222.7468
219.2894
238.1140
245.0333
246.0006
190.3860
203.9016
214.3740
237.6302
198.3612
219.1525
235.6585
211.2468
191.2851
230.3518
232.2622
212.8693
253.1903
238.1139
228.8222
251.7092
247.5703
245.8358
220.2518
228.5631
234.2602
237.8987
240.2893
207.1665
213.4512
219.8413
226.2746
226.8249
187.6534
247.6461
244.3739
236.6609
253.2862
232.3510
234.0023
214.4336
221.5703
233.9059
235.4528
239.1353
243.0526
215.6702
252.1758
229.9763
216.4370
255.5484
260.4849
222.5793
244.0570
244.0962
225.5521
247.0190
226.3902
254.1174
257.1782
254.5291
253.8820
251.1390
188.1886
186.2639
250.3025
226.5888
206.4689
210.5845
197.0543
216.5118
209.7539
213.4705
235.5021
238.1058
243.1558
249.6715
247.0206
249.8557
239.4022
218.3968
220.2916
209.8093
200.7780
242.4709
242.0286
210.2734
222.1056
229.7526
188.8786
195.1669
241.1722
242.8574
240.3659
233.0111
231.4284
260.1785
233.6435
215.0053
238.6798
218.2553
232.5957
226.8507
196.4752
197.6928
238.8583
207.6281
242.5698
223.1779
259.3607
257.1930
244.3555
240.3246
239.8510
224.3379
231.4956
238.4285
231.4665
244.2292
248.9683
230.1022
229.0481
236.5120
221.6843
221.2397
205.0064
228.9220
221.3912
192.2110
203.6408
242.3612
244.4471
233.5321
255.7394
254.4115
222.5238
249.0257
217.4098
255.4745
234.6483
193.8135
201.9420
218.6723
219.5219
252.6980
216.9553
238.4846
243.6147
250.5124
211.0900
183.1633
223.6194
265.9282
226.3869
230.0652
230.4470
200.3794
229.0005
233.5943
220.3152
244.6797
196.4035
213.1763
237.0720
221.6310
247.5525
192.3325
210.4631
207.3993
219.9978
243.1228
242.9848
225.1989
236.1565
260.7709
222.5271
184.5897
210.4102
217.6099
257.4237
214.5729
213.9276
187.2501
211.3533
220.5419
214.3258
248.5383
223.7390
261.4445
245.7460
211.8185
227.4232
201.7491
219.7760
215.6134
222.7449
198.6532
232.7572
243.4004
218.9260
258.3657
264.7571
240.2226
197.3399
251.4281
235.1331
243.9898
247.5363
227.6946
222.6155
233.9435
252.2141
201.1764
224.3083
240.7543
269.7680
236.4099
216.8795
206.4298
237.6442
241.0064
219.0662
195.6877
200.9602
212.3319
228.4297
217.9302
213.7878
192.7316
196.8675
224.6631
221.2003
227.8818
188.7805
243.0963
236.0173
225.3591
202.7846
214.7208
190.0518
208.9165
246.0883
250.4216
183.9090
219.0009
219.4954
246.4944
219.2639
218.4088
215.3165
205.2473
216.8369
240.2565
222.5028
230.7851
204.1579
233.3495
201.4314
207.4705
269.2788
197.2511
196.4175
228.7417
219.1557
182.5031
202.9631
213.0207
232.0036
226.5054
225.9381
235.9751
246.3608
242.9562
241.5042
196.7535
261.2317
252.8216
213.0084
226.2684
233.0865
229.1651
239.5765
234.6892
211.3130
220.9547
231.5835
201.1294
198.3893
194.3372
259.0363
258.4910
224.8447
228.2481
205.5794
259.8226
203.7857
207.3930
197.4050
216.8294
233.2473
202.2918
254.5973
212.5583
219.3723
225.3546
201.8956
241.4978
193.5214
220.6244
191.5121
229.5916
218.1609
228.9803
208.1900
188.9673
212.1562
242.9268
229.3792
197.2259
230.8596
252.6446
239.6493
223.1604
229.8600
237.3974
240.3020
230.9467
210.9878
238.2243
226.4212
221.2587
220.9045
228.5200
194.2788
197.5932
231.3132
239.3090
232.4429
223.3017
211.6560
224.2511
192.6917
194.4740
202.3388
193.1869
236.8427
232.2188
206.6949
205.4181
245.0661
231.6789
206.9943
214.3075
204.4974
207.2234
247.1258
247.7929
194.8081
235.0166
243.0014
249.7288
250.8263
215.8733
219.7026
217.0076
230.4920
231.4742
233.8848
235.9023
205.7109
243.7187
201.4523
200.1703
227.6303
190.6027
208.0198
193.3676
209.7945
198.9460
216.9040
201.6479
213.1919
211.4745
206.7371
192.0997
187.4132
211.0384
217.2290
211.0636
199.9061
204.3364
230.9641
266.2586
239.6619
247.5096
232.1821
256.2085
193.3209
192.4147
224.2695
211.6810
235.6512
234.6642
265.6892
251.7042
231.4638
236.1644
246.7604
236.5167
198.9127
209.2604
232.4499
235.1019
222.3555
232.6286
228.0377
251.7362
259.8009
263.3472
228.0446
244.0462
241.2501
260.1185
259.2479
261.3351
243.9383
202.6618
224.8788
247.1015
246.5961
205.1173
218.0654
207.2597
200.3828
240.8797
241.7255
248.0794
247.9002
251.6483
251.2680
239.0988
195.9393
241.0905
207.8583
243.4467
244.4008
230.5807
211.0960
247.4023
205.3192
212.4151
258.4354
253.7876
216.9309
198.2093
211.7332
247.7714
236.2514
231.5387
256.1298
255.6931
218.5430
231.2900
231.6023
243.5569
222.6563
231.0108
232.4745
251.2021
212.5447
222.1375
219.8221
261.5991
252.7037
246.3190
228.7963
252.1209
228.1959
219.9581
236.9934
214.8016
253.2611
260.4664
212.5276
191.1034
235.0017
229.2531
240.1501
266.0695
251.4529
224.4339
231.9345
239.3771
251.7473
230.0992
217.9574
210.6084
237.9336
209.7418
229.3936
214.1968
192.2338
211.0824
224.4520
192.8033
207.0664
208.0647
245.1771
257.8438
260.6097
211.2586
195.7514
249.8276
231.3570
258.4127
251.0006
259.1855
192.3499
218.1406
199.6345
257.6471
246.7610
212.1025
253.4033
229.1205
257.6165
222.0652
193.4838
232.9111
224.4947
228.9496
208.4506
237.5218
221.0173
186.4196
228.2592
252.4543
238.8415
204.1591
215.9872
236.8456
206.1316
216.1571
200.3544
224.5646
257.2631
248.9612
222.8013
241.0832
215.1417
247.5138
225.9780
209.6317
208.7736
198.6484
226.8792
246.5897
239.3457
214.8314
246.1038
196.4544
224.1433
236.1254
188.1601
256.3674
193.4982
212.2220
237.2196
222.3616
251.7862
212.2654
