234.6460
255.3888
227.1222
214.1532
180.0151
252.7711
183.5322
183.5237
251.8825
208.9917
230.4214
250.6371
207.2339
253.8722
226.9508
241.9365
190.7440
232.8428
180.0057
218.5285
218.3089
226.6041
207.3315
225.4567
259.7931
219.2837
201.9211
269.8319
245.2261
211.7144
229.0809
221.0698
224.1206
222.8308
195.3345
223.1939
229.9531
230.3457
186.9710
244.1146
244.5977
217.1915
263.5260
239.8428
247.7581
240.6569
250.8797
249.0264
265.0445
228.9712
188.9841
222.5138
185.9486
206.2064
269.6169
212.3153
229.7395
211.8033
224.2932
235.5606
223.5961
220.9904
207.9409
199.8254
201.5234
224.2599
196.5737
233.1503
211.3545
189.8433
229.8031
228.3126
265.8259
262.4874
252.8428
246.6458
196.9421
215.3224
208.2530
215.5985
213.6942
200.8925
190.6535
233.6169
234.0977
211.2446
186.1807
216.0451
212.1740
209.6151
204.9053
212.9074
210.2494
217.7226
230.6852
213.4216
239.9846
252.9710
251.5147
201.6799
203.3058
230.5943
218.8956
230.5631
229.7288
223.6290
208.2170
208.0999
244.1574
234.5218
215.4609
214.5051
226.7159
227.8008
242.9368
235.0804
219.3466
215.7154
235.5886
246.6932
216.2245
223.6685
199.1245
194.8522
192.1465
199.2762
191.6672
194.8906
224.1209
225.1465
227.0763
220.6301
238.4049
231.3968
244.0925
230.9849
233.5655
215.8159
234.6740
201.9130
248.7391
255.8673
243.1512
244.4541
202.0783
196.5509
192.1571
198.3203
222.1122
228.5581
219.0281
243.7941
240.5114
236.3402
225.1353
216.6386
222.0611
224.6132
242.6748
223.6795
224.6044
254.8450
229.1199
220.9412
230.8901
194.7443
196.3185
237.6551
235.8949
214.8891
208.8041
211.1569
212.1866
210.5351
221.4182
224.4126
267.4669
238.3539
225.8681
240.3072
208.0380
197.2481
198.4984
246.4732
238.6613
193.0674
192.0313
236.4223
220.8636
224.2381
189.6126
214.8318
215.6353
221.0041
219.1435
224.5255
189.0798
192.6089
238.8402
249.2034
199.0111
220.7638
249.1186
215.5093
224.2866
226.0323
221.7500
205.0567
226.4819
226.0887
250.4056
261.6323
195.7588
231.5488
229.0400
247.9190
241.0043
257.2153
232.5602
241.6574
222.8385
244.5569
236.2730
196.2831
226.0680
233.7072
251.4476
200.8490
240.2414
242.8858
258.8611
260.0379
242.1967
196.4104
210.8351
248.7748
230.2654
215.4307
249.5801
214.2426
235.8557
206.6251
259.6106
231.0771
233.9155
247.6554
241.7938
209.3952
255.7202
251.1679
242.4797
210.0699
248.3394
249.7740
205.3387
230.4168
196.0195
214.1472
235.5196
233.7703
254.5449
222.5389
226.8155
238.5260
194.2066
210.3127
220.5340
232.0467
237.7020
218.7587
231.1309
215.9005
221.2579
250.4943
221.5855
222.6993
210.9055
210.2569
233.7119
236.0111
243.9350
250.2536
243.9021
226.4657
255.0593
236.7027
232.2719
232.7784
226.4126
234.5155
262.6827
229.7993
232.0801
231.8664
187.4463
205.2110
239.6943
229.7633
247.3522
188.3666
183.0089
220.0362
221.0325
201.9515
244.9982
258.8973
225.4082
205.1751
194.8931
189.7837
210.0476
248.1121
223.5635
227.8096
255.4826
255.2281
246.3985
249.9355
205.7398
205.4171
227.6098
237.7004
237.9668
231.4824
196.1809
194.2796
221.5120
238.1740
232.3855
216.0523
229.8393
227.0436
246.0297
249.3968
238.8082
238.0095
234.2874
229.5798
219.1392
216.6384
229.9878
220.8669
192.2201
185.3821
226.9421
229.7914
202.4045
190.5311
188.8818
199.6939
264.0168
260.8559
210.0338
222.4421
231.9818
235.1633
229.7373
230.6560
233.6276
198.7809
193.3170
200.0430
214.3265
222.2741
224.4853
211.2689
236.0578
227.8279
216.0175
237.1003
220.0022
200.9428
199.3949
209.3257
210.1632
190.6657
194.6512
239.6312
236.1844
193.4447
191.5784
249.4614
245.2901
209.3971
212.2278
223.8590
236.0008
228.6880
192.5474
219.2362
224.4282
207.5396
211.3139
203.4894
202.3554
233.3208
257.9985
240.7773
246.2581
205.3898
216.0189
213.0581
213.2720
224.8298
210.3984
206.2573
197.6988
238.8494
228.8336
236.6138
201.0030
209.1588
211.2717
202.0100
209.4775
200.6264
210.5304
212.1426
219.3604
215.2298
202.1260
220.5170
203.4547
207.2236
211.1624
200.3541
232.7584
214.5036
233.0861
235.5286
194.5389
198.1823
232.4659
239.0896
228.0111
233.8885
192.8707
204.9823
195.4361
197.5143
230.9764
241.3199
210.3548
180.0779
222.3050
221.2568
224.8194
241.7062
217.9383
196.9551
207.3386
224.1456
203.9675
207.1135
199.0285
240.7994
239.2850
232.4509
224.2557
245.7716
215.8006
220.9051
228.1826
234.3464
244.5495
250.0506
235.0293
233.3405
225.4801
259.6844
248.4824
211.5573
220.8528
198.9447
199.7922
218.8589
222.0389
223.7084
227.1819
193.1139
203.8226
219.6447
226.6348
235.7769
230.9165
235.6951
233.6064
208.8508
213.4165
211.7400
217.9617
248.8699
235.3990
200.0863
195.8212
232.0634
234.3147
226.1815
224.2069
216.4701
211.2104
248.9172
250.1174
203.7498
210.4837
238.0661
241.7821
226.8449
213.5539
215.4305
224.3911
206.7303
212.8886
222.5474
239.3488
237.4814
223.5670
221.1170
218.2764
246.2454
219.8705
231.2272
207.1430
211.3837
226.4228
221.9458
216.3641
218.4705
194.4593
194.6763
235.2556
220.8842
201.9838
204.3429
238.8914
232.2498
221.3295
214.4376
226.3804
229.0043
226.3126
247.1980
208.3482
238.7567
233.9142
235.0556
255.2867
256.3822
213.5813
242.3380
253.9186
227.0950
230.4933
202.6417
204.9185
200.2705
197.1719
229.9123
233.6700
203.4811
222.3468
247.8160
247.0657
230.3605
209.3851
235.7201
207.8837
250.7196
208.9661
234.9555
217.3764
233.6909
245.7031
236.8639
235.5167
242.3024
233.3312
243.2991
241.0110
268.1801
207.7729
231.6766
245.9506
225.3203
216.8640
201.3527
222.0813
242.7766
241.0656
247.1882
228.3933
241.8517
229.1105
189.2686
221.5081
239.8056
259.7375
232.9974
222.1859
242.2799
257.0828
215.7997
237.8444
225.4515
240.8707
233.0113
224.4926
213.3495
212.8899
227.4428
244.8724
242.7407
238.5693
236.9776
230.3074
226.7700
185.7745
202.6777
225.5752
233.8859
209.0275
197.4868
238.0254
240.2502
223.5649
223.8815
216.0039
226.3088
244.4334
243.8038
231.9302
233.7144
184.9305
235.6843
251.1618
237.0500
243.1689
240.3504
234.0016
237.4513
244.8515
231.5205
208.9778
232.9605
208.8653
216.2202
245.9980
232.1209
231.2618
237.7977
232.3198
240.1997
227.1573
247.8494
209.2477
233.2155
248.4115
249.0996
205.2039
242.2095
243.8969
229.2596
220.5168
201.5368
214.2265
259.6970
258.6970
209.1853
215.3258
209.1306
217.3072
232.6746
235.1160
241.6422
223.8062
216.7618
223.3191
237.7506
221.9122
228.3868
231.1754
222.7355
217.4720
238.1348
204.9823
233.3626
238.9167
208.4247
214.5644
203.8056
213.9389
218.6582
229.5069
228.6054
228.7285
260.3705
192.8894
234.6451
240.0982
201.4882
245.6085
198.2019
210.4984
220.3006
213.0610
227.2713
182.8600
229.5796
219.0514
202.7392
192.8650
223.5320
220.6633
240.5555
248.6480
235.6937
242.0073
254.4195
250.5904
239.0970
231.4686
236.1266
196.3979
210.0161
228.6810
215.7694
225.4632
221.0968
228.6888
236.2038
233.1154
232.4301
252.3213
200.4651
261.2194
251.9506
192.6754
226.9620
253.6741
248.8076
240.6515
251.5033
221.9080
252.5416
247.8580
229.7384
237.2950
244.2222
236.6269
248.5603
209.8111
215.8248
195.5732
193.5670
218.8792
202.7098
228.9442
245.3692
219.7802
222.6874
230.1089
192.0330
266.8439
219.4602
234.7945
235.8725
210.0083
219.1098
208.6139
197.1878
207.0864
207.4812
206.6453
224.6205
222.7425
261.9023
251.7919
214.6355
262.0588
226.6420
217.0070
242.2769
197.5515
211.3958
237.1258
232.7178
206.2439
218.0656
244.2744
249.1896
216.4502
210.8541
235.6107
236.9233
237.8165
202.6195
264.8376
251.9109
224.0372
203.6697
202.6185
239.5422
230.6223
261.6056
253.5971
223.1885
230.1295
211.3228
233.7126
235.7961
208.1874
205.7260
244.5937
250.4569
214.7741
217.4788
209.1393
210.3068
236.7840
234.6780
236.9590
247.0130
233.8986
208.8063
236.5597
215.4599
197.6656
230.6590
226.3899
228.0452
230.9772
221.7497
244.6110
239.7966
207.3194
214.5682
248.0293
248.9545
215.2194
220.9824
229.5201
225.7933
226.0771
211.2258
207.7976
210.4347
199.1522
202.5673
236.4449
243.4078
252.8998
241.4484
226.0451
231.1951
236.7564
244.4738
241.9945
223.6199
234.4868
225.5337
230.0678
213.6620
230.1077
237.5201
238.3465
230.9100
221.1081
229.4225
241.6791
249.1220
228.5405
220.6526
246.4220
213.0694
229.2710
238.0588
249.1871
235.4421
198.6756
198.7919
243.4764
252.2438
208.7300
211.1754
225.5906
237.8043
240.5205
242.8340
250.4362
238.4537
239.1271
219.2858
230.9997
251.1142
195.5934
191.9671
238.3905
231.3099
212.3929
226.0433
241.3344
245.7652
208.3790
253.3658
256.5673
204.9303
258.5151
238.1369
239.6046
243.7105
246.1066
197.7083
191.4242
200.2979
231.8912
242.0839
208.0367
212.6477
246.6183
236.6498
198.4029
196.7397
208.2845
244.2834
238.2945
238.7360
230.4730
239.7488
254.5818
248.6948
218.6906
220.3558
243.1111
240.8893
229.8287
223.6767
246.1307
227.1753
218.9009
240.8256
237.7291
235.8172
246.8148
215.1995
216.6508
250.9592
246.7046
207.5876
214.4598
236.5682
247.7274
240.7851
237.9021
246.6303
243.4441
247.9314
256.9870
227.6932
244.2628
234.9958
215.3508
236.8582
234.4561
228.0803
235.7005
226.9844
224.0328
239.6157
214.3823
227.0311
219.7274
269.8426
212.2800
209.2425
205.8278
206.8416
244.9566
238.4804
199.2312
201.6027
255.3470
245.1906
220.3039
213.8333
215.0802
213.0245
223.4001
210.5913
205.5732
197.2170
211.1795
205.1193
256.6493
255.4020
241.6862
221.3685
230.9453
212.8196
209.9791
192.4717
189.4268
220.6241
198.1772
242.3178
233.3425
212.9931
222.0367
214.5791
217.4709
224.5664
198.8014
196.3382
200.3269
196.6644
213.9526
204.7460
216.3046
251.0900
207.9156
204.6172
228.7803
206.9785
234.8638
224.0469
243.4883
245.2068
239.8836
234.0368
209.0626
227.6931
208.7820
212.8307
218.3187
207.5371
256.9673
225.2388
241.7125
228.7789
224.3639
217.0729
212.8773
204.3139
192.7343
199.5364
254.7592
255.9919
244.9173
230.5497
200.5113
209.8130
246.9899
213.6496
216.6586
229.8708
229.9714
237.2801
233.0808
204.3370
205.2151
237.7974
239.4933
198.7622
256.9580
199.8775
226.6836
202.8629
227.3182
204.3047
218.8935
211.7735
205.1273
198.7763
203.5199
204.7041
198.6415
254.2371
261.7772
230.4143
232.8635
198.2013
202.3942
212.3212
190.0530
239.8998
254.7673
213.2293
212.0934
227.8260
226.0321
217.5199
226.9555
194.6126
196.0372
241.3184
236.4642
246.3773
227.9675
198.6861
199.5598
225.4842
211.4693
203.7688
208.0594
254.6369
225.1394
239.8250
234.0174
225.1732
244.4043
243.9833
203.5813
191.8354
202.2329
231.2717
198.1340
188.2357
233.2763
232.5027
257.2751
246.6183
209.7462
239.3747
194.5508
212.2180
189.6379
241.9971
214.7805
220.8114
212.9359
206.7550
221.0981
230.8889
251.9713
252.7069
229.4158
242.6484
232.1378
237.0146
208.6650
210.4316
197.7880
217.2833
236.1616
207.1300
197.4281
204.9547
192.3920
190.3193
205.5502
213.1129
222.3029
223.4922
210.9487
220.4192
220.1101
230.0632
218.2105
230.3577
248.3840
249.0584
251.5791
257.3839
218.4157
247.3443
209.3507
211.4565
205.1044
197.9422
211.4539
212.2872
253.2895
261.7970
225.2056
223.8780
241.5234
206.6007
227.5827
235.4613
254.6487
214.1791
199.2751
193.4767
188.6086
206.6540
225.7183
196.0272
230.1539
229.4997
224.8594
234.3039
193.1414
192.6638
229.0022
254.5162
251.2543
186.7727
204.7757
200.1350
209.2588
214.2209
226.4796
215.0382
228.2919
204.1625
205.5759
204.7994
197.3039
215.0305
226.8692
202.6785
198.4461
229.9245
218.4071
202.7114
240.7155
216.5231
197.0823
244.2689
244.2613
252.9851
224.2714
218.8720
207.6007
209.8738
206.6820
191.4095
217.3351
204.3838
216.0919
252.7325
235.6900
211.7649
233.4689
232.4806
204.9963
229.9595
232.5226
259.4373
213.8731
212.6648
212.5357
235.2136
232.5091
222.4946
196.3205
220.3280
229.3114
232.1936
243.5134
187.1514
195.7676
216.7455
212.4089
218.7181
239.1359
217.5571
237.5105
216.6207
252.9072
194.9949
221.2906
221.2408
202.8457
222.3198
248.0016
223.2125
225.4302
235.4023
248.5446
230.1659
240.6495
215.5514
227.0421
223.4317
213.3159
223.2753
235.8755
240.9393
262.4054
214.0848
180.0124
247.1598
250.0395
238.1324
255.7566
262.2705
219.4128
206.8218
228.5274
201.8017
233.7311
254.6374
217.9502
236.8730
202.7167
257.2084
197.6357
221.4180
229.7706
232.3017
239.9022
243.2417
234.7505
258.2224
201.5282
180.0013
265.4580
200.1040
199.5723
211.4501
211.4068
247.7804
203.5004
211.2785
229.1054
221.5071
269.9750
206.0925
205.8106
186.3805
224.5858
203.9872
206.8173
232.7057
264.0547
246.2752
242.8383
236.2186
186.4063
218.2926
227.9729
224.5724
225.8674
212.3202
213.9839
228.3649
234.7949
233.0071
233.5949
233.9944
217.4689
224.6733
238.0945
247.7884
246.0989
202.3543
204.0623
232.8646
232.2180
227.2826
212.6637
198.3095
219.1795
212.2851
191.7670
197.4945
259.7328
264.7409
250.9697
241.1053
209.2539
209.3412
216.6802
217.4959
216.2060
225.3921
212.1451
236.7492
234.4447
201.5001
233.7058
240.6708
228.4002
226.7047
231.2116
245.6089
236.1507
263.0461
256.6030
208.1359
209.2007
230.9423
225.2351
229.7811
248.4223
243.3827
194.9337
218.4300
219.4875
215.0381
234.0343
229.5337
220.9290
222.5807
218.2634
214.3438
209.8271
209.4957
253.1305
251.2179
209.6799
217.9235
238.2063
230.7650
215.1935
258.8038
266.1455
217.4537
213.0211
218.6774
223.9941
202.2674
196.3209
258.9960
208.9028
266.2854
193.8490
195.0230
238.5565
230.1987
224.5639
201.8493
199.1682
215.6156
213.0919
216.9486
210.4004
216.2176
238.5272
241.6515
205.8601
228.4795
226.4333
210.0764
244.5095
219.2645
220.0140
205.9270
211.3662
209.0080
220.2600
225.9517
232.1640
248.7286
247.9441
231.8881
245.1387
248.2215
238.3704
234.3954
196.6269
188.7556
216.1808
223.8951
223.5788
222.9430
217.7122
232.0587
244.7336
245.2071
210.7219
257.1439
249.4611
237.5488
227.9651
255.3081
237.7265
207.2528
202.3600
183.5105
216.0997
221.3345
204.9462
190.0162
205.6488
243.2087
238.6228
220.9223
230.3552
242.3933
235.0665
254.1195
242.0918
238.7263
224.5618
223.7494
216.2098
232.7302
197.5497
197.4307
222.9197
217.8647
247.3160
248.6012
234.6819
232.4075
244.7189
213.7722
223.6521
264.6759
205.0897
240.0052
258.6395
229.3683
233.5013
222.1174
245.9641
213.9149
224.3629
268.7780
193.3817
236.3033
252.3364
229.7321
249.6085
233.6006
251.3132
233.4425
203.5523
244.6006
251.3349
252.3591
232.4742
235.2989
233.1317
227.7998
210.5290
235.5682
227.7468
206.8561
233.3271
205.0504
210.4845
205.6991
218.7850
227.8494
248.5521
225.2859
241.5760
235.4800
210.9371
222.9142
217.2832
221.5208
241.1471
240.5012
223.3190
204.9240
215.3791
231.2029
196.2281
180.0295
230.5768
217.7281
227.6118
210.1465
238.2189
211.1913
210.6203
247.1782
244.0043
205.1567
211.0283
233.0547
212.7208
203.2882
209.6620
229.7517
227.9998
218.4070
231.0770
232.3770
196.2374
191.0142
190.0321
225.3211
228.5931
243.8999
215.8141
221.0558
210.1211
235.1517
226.9679
240.7907
239.4544
249.7642
252.7649
230.1118
239.2381
192.6713
246.5956
238.4970
213.4843
218.2310
193.8131
199.3800
225.8286
215.7952
234.8702
218.6969
231.7804
225.3338
224.5890
212.8466
233.4674
254.3378
230.0395
240.0415
240.3988
232.2329
230.2227
248.6924
230.1741
202.3178
203.5031
216.8314
212.0668
251.5383
255.5243
195.8849
248.0488
245.3658
256.8999
247.3932
221.9800
208.5880
210.8108
247.9201
237.4864
240.5848
237.1076
252.1632
208.3311
221.5436
266.9467
216.5673
227.1511
213.0422
227.7890
234.0796
232.8492
248.1917
230.1053
223.4661
251.3216
248.2236
244.0045
242.7280
237.1903
215.8370
215.2539
233.5349
232.4067
210.0406
248.3940
242.0082
251.3169
197.9387
208.7479
230.8380
228.4576
232.2762
193.4266
233.1683
219.7894
228.6521
257.5880
259.1597
251.0603
213.3893
232.0828
215.4757
232.4582
217.9293
224.0646
201.8922
211.3150
189.5124
236.8623
225.4151
219.5468
202.4278
192.3793
199.5186
210.5139
238.3684
219.6700
187.6804
231.3263
225.4827
237.4381
194.7801
253.3878
261.0075
206.2960
234.2260
210.5268
184.9133
200.2052
202.6979
197.3124
261.9519
217.5278
210.0441
222.5470
198.8437
230.7383
236.9004
201.0846
207.4495
216.1338
213.8346
204.6921
239.4297
228.9354
222.8054
193.4896
218.6044
196.7452
199.5993
215.1673
189.3356
229.0555
232.6197
227.6368
229.4876
226.5441
235.4637
220.3332
260.4368
236.6397
233.2909
238.1753
207.5474
224.3885
213.5754
239.1038
233.4841
222.9319
243.3460
265.2371
213.8306
194.8149
183.1587
203.0807
216.5479
239.9794
255.9377
223.1026
206.7203
223.7901
235.3094
220.6740
233.5361
198.9777
201.1539
223.9669
188.7764
193.2873
204.7203
188.7628
247.6127
231.8031
258.5962
224.4150
219.7427
226.0145
230.8754
206.5729
187.6409
245.7504
219.0499
238.1005
239.0162
238.8220
237.5558
231.2819
239.4151
197.7456
187.2207
200.9134
204.4830
201.3155
210.0155
213.9953
219.4730
221.0899
202.4225
231.4351
232.1729
202.4301
226.1566
234.1221
263.8269
203.1298
232.8428
237.3370
253.8174
260.3661
269.6647
205.1594
187.1071
258.1234
194.7619
258.4269
237.6591
248.4308
246.1121
199.0134
196.2851
248.9980
195.5913
243.0317
254.6720
241.2697
196.6301
200.5388
249.2625
205.2583
243.1424
239.0821
211.7758
185.7585
233.5963
217.8707
200.6761
205.7865
200.6404
206.6243
201.0127
229.8285
220.2910
215.3784
191.8880
254.2962
220.5626
201.9449
232.8033
219.2316
261.5857
212.0760
218.7194
220.9001
225.1548
223.4224
219.7368
225.3860
228.9502
239.1026
184.4316
240.4186
265.8033
239.5890
245.0930
225.8452
267.4010
256.9822
219.5744
224.0008
186.4090
241.9603
208.2669
231.7877
255.9504
238.7100
256.2829
230.5052
232.0223
199.2143
207.9596
264.0487
262.5641
186.5738
232.5369
248.8026
260.2660
264.3485
202.2107
223.6367
202.8485
249.0761
226.8192
268.1718
193.2091
230.9868
232.7389
213.9547
212.4502
228.4123
257.4799
248.8683
229.2715
228.4547
202.4900
227.5990
245.1996
248.3494
216.7500
238.8810
214.6476
211.0262
255.2293
221.8404
184.0172
249.8874
250.5648
217.1749
224.5744
227.3032
218.1623
236.7007
250.1385
228.0817
225.6500
247.5785
250.4386
248.1737
252.4040
254.1850
209.0214
218.5785
254.8424
198.3062
188.8403
201.0695
259.9403
240.0373
233.5474
217.5622
226.7176
261.3746
234.5095
231.9035
226.1247
196.7915
248.3865
260.2656
224.1116
204.7195
224.9128
239.2634
238.2211
215.0394
220.5371
242.5010
201.8076
237.4675
220.5906
253.1820
241.4582
235.0445
239.9411
251.9019
213.3215
211.1375
237.7495
201.4305
251.4683
197.3345
204.6280
215.2023
247.5405
209.6765
237.0469
267.2078
194.7652
252.1776
231.1889
211.3257
259.1342
225.4820
200.2443
201.8283
226.5963
236.7909
258.0390
238.8462
220.5700
235.3900
215.5626
237.9062
226.4024
218.0730
235.1188
221.0714
237.8280
245.0829
191.2237
193.6253
228.3405
189.2160
261.1234
197.7999
243.5439
235.5110
249.5539
231.2727
248.8659
217.0779
231.3284
242.9953
213.7180
206.3194
236.8025
256.0170
240.9307
258.0780
218.8080
208.7405
248.0765
205.6338
233.3374
222.8326
235.7236
220.2602
232.2335
212.1913
260.4035
258.2632
267.8603
221.8241
211.7333
237.7627
256.1889
193.9691
253.3835
241.2103
240.6634
230.6357
230.8478
204.2824
196.7641
197.0138
219.6070
230.9642
246.4101
214.8892
231.9382
207.2997
219.7873
241.1234
199.5687
248.9326
244.7944
208.2011
250.1542
204.4989
258.4447
249.9550
237.8790
243.3335
261.9953
221.4276
230.9692
229.8037
184.8172
214.4038
208.1600
237.2431
242.0649
240.0715
217.9741
214.4609
235.7621
237.1434
238.3168
212.2938
248.5042
224.1706
241.6059
219.8178
235.4931
223.8858
255.6140
258.1282
241.0149
246.2172
241.5006
200.5213
209.0473
245.4573
193.1026
182.9107
220.6200
196.1251
213.0876
245.6941
233.4705
228.4556
212.7850
199.8687
234.6837
219.8739
220.7846
243.1449
220.8953
257.5429
245.7085
250.2696
222.9261
229.3227
235.5222
230.4142
259.9929
228.6033
183.8195
210.8030
244.9248
252.9301
218.1390
243.4896
241.2309
240.0043
255.0640
224.1535
196.2854
215.2303
200.6112
241.7307
262.2999
258.0372
242.2866
213.2021
197.9238
258.0084
235.0626
243.7035
220.1811
235.2729
196.0062
260.2006
221.9669
238.4469
201.4190
237.5199
240.9795
251.9220
197.2788
194.2373
233.6142
249.9216
206.1356
263.1356
253.8095
214.8625
192.2826
211.3911
245.7297
237.2342
229.5874
219.5726
191.0108
235.8000
227.0931
237.1338
207.7038
211.1314
218.1408
258.4439
221.1729
262.6039
258.9096
213.4087
244.7821
244.7378
210.3361
225.7117
238.6910
262.8829
235.2115
260.7360
221.5046
240.0987
228.1532
251.4016
189.9541
183.0741
255.2893
208.0568
256.0991
212.4412
237.6181
259.7864
210.0398
199.5604
190.2623
240.7418
217.1607
255.9053
194.9292
215.5103
228.7252
192.0462
189.2486
226.4400
187.1100
206.8928
220.1101
206.6186
218.6228
230.6785
245.9640
224.8935
244.5130
264.9095
243.2283
222.4414
219.0060
230.3123
229.0840
265.1569
260.7464
203.8078
184.2068
254.9356
224.9172
234.0605
227.3028
262.1259
183.9531
232.5448
258.5010
246.8870
197.4687
205.6160
239.3066
261.2734
243.2931
198.2991
206.5675
225.5972
210.7359
248.3429
267.7179
231.5487
232.2187
221.7877
213.2982
209.9740
182.4933
217.1739
246.9814
263.4531
180.4268
209.3226
253.7853
220.9183
181.1157
224.6491
200.1066
190.3330
214.5908
252.0601
197.5124
201.4955
254.4270
226.3724
235.4509
222.2421
252.1994
231.6380
241.3251
244.0432
228.0339
202.1060
215.8443
224.4949
226.3892
187.8630
222.5694
251.3129
193.0332
263.4586
198.9455
246.0315
241.0204
259.5337
229.7081
222.4236
219.2888
197.9871
201.4508
256.6597
236.5807
218.6096
211.2677
261.1587
238.5532
236.0289
232.4406
266.1363
226.5975
204.2624
207.5145
216.4300
200.4569
264.6180
212.0035
181.7832
200.4925
265.0999
213.8741
264.9140
230.2691
239.6732
242.8692
199.0786
264.4811
253.6081
215.5555
239.8300
249.3445
206.0483
197.6111
206.6848
244.0051
267.5230
221.9895
265.1747
235.5489
241.0977
192.0177
240.3431
259.1757
228.2353
254.1342
232.8156
231.8997
255.0832
219.5581
246.4389
217.8452
247.1482
246.1629
197.7641
262.8347
233.2398
198.2224
256.6957
240.1596
226.1068
205.8597
180.0003
245.8527
203.6191
268.9570
217.2986
227.4780
186.3483
247.8493
234.0072
264.7434
235.5750
220.7301
229.8579
200.7897
229.1563
232.0366
233.2980
222.7247
203.1393
194.6632
204.0686
231.1594
246.0345
260.6081
216.3976
229.8231
196.7020
238.5023
198.1226
215.6911
258.2616
225.5741
208.4331
220.7654
225.0600
211.0788
251.6267
242.2680
231.4231
220.6971
221.0438
236.0472
250.3911
237.8334
203.1567
216.3873
270.0000
214.9861
238.1622
235.2148
241.1604
231.8575
219.7817
221.2051
221.0580
203.6936
213.3838
248.0246
201.0854
224.9413
236.1888
236.5045
216.9736
237.8774
245.8879
205.7891
233.7841
235.4967
233.1496
200.4290
210.3244
236.5614
244.5707
214.4878
197.2002
213.1129
214.5387
237.8833
237.5769
243.7028
236.7076
237.0973
262.9145
232.1751
192.2742
199.8810
213.3104
201.8985
223.1103
248.4418
229.3977
251.2287
248.3851
206.9602
195.5080
245.7144
234.4556
244.2456
210.4223
249.1204
239.1483
240.8705
255.6423
228.6130
226.3217
238.8781
180.0802
243.6330
209.9324
235.7421
225.8880
231.9652
229.6921
220.5885
233.9151
239.1910
231.5061
251.2270
237.3692
222.3967
227.8111
247.3107
206.4097
234.6909
238.9129
237.6496
247.9656
254.1337
251.1600
191.4847
212.5713
255.5942
201.2959
260.4896
223.8236
240.7132
236.4391
250.0630
193.5432
252.3809
209.7399
248.3625
224.2087
203.1385
247.5334
225.1384
235.4720
249.4860
251.5776
203.9572
188.7396
237.3428
216.1158
223.9446
234.7170
185.3633
244.1786
253.6640
224.8356
209.8123
234.8157
182.0046
258.6870
242.3329
205.2217
227.2766
233.9880
233.2117
221.1179
200.5793
219.6163
192.8151
200.8720
187.9748
192.5823
195.0851
200.0749
211.1699
203.8728
191.6389
229.9647
198.3688
226.0511
228.8373
227.0131
245.0531
218.4063
217.7798
230.6428
249.2792
223.3116
213.7940
237.9745
226.4483
191.1919
228.3497
224.3458
221.3662
228.3867
237.2177
190.8662
192.1396
215.6213
197.9216
189.0990
230.9814
226.7350
229.9752
234.1680
228.5314
238.0571
208.5480
212.1260
220.2713
222.3763
227.1672
226.7346
185.4584
202.7219
221.1610
231.0504
214.1196
217.1215
219.8475
220.8348
233.2347
235.4244
204.0820
224.8108
226.5967
232.8067
256.3753
253.7612
223.8394
225.9155
223.5311
225.5387
229.1905
208.5300
205.5202
236.9356
217.5666
196.5181
207.6196
216.4612
231.2049
226.5814
225.8711
209.8375
192.1135
233.9995
245.7810
237.5480
240.8607
221.6192
219.2826
224.6265
207.2803
234.1159
242.8392
223.6043
216.0761
247.3283
244.2280
214.0938
213.3034
198.4945
189.5995
192.6745
199.5204
202.5097
236.2257
236.0875
225.7964
245.9657
242.7536
237.8577
188.1691
189.9662
231.5331
229.7970
220.2038
228.0131
201.3859
230.4360
238.8166
240.6007
213.7142
253.3061
219.5509
232.7130
221.3119
233.9085
222.4572
253.5430
199.2939
199.8096
218.0235
234.6508
221.8040
218.6495
194.2575
194.0548
243.1033
249.4350
220.3989
210.1307
241.1246
210.5877
221.1053
258.4971
221.5266
223.7484
210.5587
218.0670
220.2560
197.6048
206.0310
209.5884
252.0868
254.0970
243.9508
246.5037
217.3270
211.6544
253.5592
257.3902
256.4755
223.6406
219.1301
224.8763
245.1884
240.0841
224.8828
243.9951
250.3037
237.4755
204.3045
225.3498
221.8671
220.7614
214.6365
230.4905
241.0492
205.6353
199.9027
219.1424
213.3289
252.6080
218.5693
218.7877
267.1113
233.6041
197.8857
215.6408
211.1554
239.5406
219.4387
233.1337
216.6655
216.5859
195.8733
201.6742
189.3257
215.8842
255.3355
244.1029
240.4725
247.3223
244.7719
252.0228
193.2379
198.5090
202.3618
207.5270
223.5239
218.3142
217.3598
223.6158
207.1293
199.9474
206.0294
201.3910
224.8465
222.7790
250.2665
219.0118
215.8893
217.3705
237.5598
209.0681
199.4954
219.0889
217.9535
234.7682
241.0001
229.8291
190.6565
197.1807
221.0927
242.8463
194.5760
216.9200
235.0098
211.3415
195.9500
217.4100
239.4838
220.7406
246.1431
230.4380
245.3481
252.0470
244.0210
246.7559
221.4967
227.2095
220.5506
226.8637
236.1156
220.7282
216.1879
231.4876
221.1104
224.0176
188.5544
252.7640
243.3967
238.3100
247.6661
232.3109
233.8813
219.1581
225.6140
236.0891
230.7212
239.8787
247.7503
225.0877
239.8460
229.8447
209.9231
251.9100
256.2134
228.0782
238.4037
243.2368
231.0500
245.9856
217.3219
247.0043
258.2710
257.4325
256.2632
254.8201
201.6569
188.1993
251.8274
232.4586
211.7058
216.2699
195.1216
209.9914
210.5849
208.8464
237.0564
242.6149
244.3612
248.4279
249.1176
246.5883
241.3541
224.8588
229.5540
212.7130
200.4133
243.2105
244.9625
210.2510
220.6550
224.9840
192.2452
195.0759
237.3241
229.6262
245.5249
236.4619
244.8785
254.5210
237.8473
225.7690
247.2647
216.3690
241.3188
237.9205
203.2785
194.1993
236.7751
221.4274
245.1483
237.2775
249.7269
254.0174
247.1876
234.8220
239.9904
238.9329
236.5274
220.1695
234.1714
243.6237
244.4643
224.6971
213.5794
240.3036
235.0320
220.7408
213.9283
228.3928
222.2338
195.0650
196.6404
246.7967
234.4400
233.1409
254.8320
250.0709
220.6262
242.9629
224.5050
250.1641
241.8672
195.8357
199.9307
224.5205
228.9821
234.0284
225.6769
234.4940
240.7382
248.5905
203.3216
184.9706
211.1624
264.8421
220.3497
241.3239
238.5067
201.1084
238.9238
226.6295
213.6409
231.9254
193.4770
207.4655
233.6473
222.7806
233.2707
205.9415
217.8888
216.2986
218.8744
246.1779
237.4597
226.0921
228.7772
246.3471
231.3614
185.9948
215.8247
218.5868
253.3892
217.7513
203.9284
191.8224
226.9350
216.6500
222.6707
230.3206
227.4570
263.1444
235.7561
232.4138
217.2404
207.7585
209.6679
211.3011
231.5960
199.9698
222.7711
242.2565
220.1443
259.3235
265.9905
237.7065
206.8280
247.7654
240.4022
244.7101
253.5474
227.3055
234.2372
230.5296
257.5325
204.6753
224.8889
231.2446
269.7587
234.2434
216.4900
221.2344
244.0744
226.4640
233.5570
219.1723
208.9111
201.6969
225.0226
215.4706
214.3177
197.1838
192.9356
229.5910
233.0599
231.3576
194.5198
247.4375
233.3382
227.5302
203.5977
230.2570
191.0843
213.2796
241.5387
247.1389
187.9060
214.6168
220.2182
250.6618
214.2759
215.2810
211.2111
202.9798
222.0649
240.3372
219.8212
225.3545
203.5221
233.7709
217.1980
206.0805
268.6878
206.6663
194.8873
225.9175
216.2741
197.6141
196.4138
211.8533
227.2725
222.9981
220.7192
245.2064
248.1873
239.0698
236.7339
195.7243
254.4028
249.3975
209.5944
229.8537
238.1375
237.9830
232.2534
240.3220
210.5993
216.2892
228.8616
207.2271
196.2848
189.8528
259.9429
258.1981
223.7342
225.4188
211.5800
261.7968
204.6204
206.6427
197.3607
214.8233
230.9991
209.2441
240.9093
208.4921
212.5981
211.3532
204.1408
248.3381
191.8712
222.7147
202.8064
227.2336
206.5689
228.2947
201.3696
192.0997
203.0616
246.5487
235.2321
210.4123
222.6527
238.8195
228.6937
215.3443
229.8882
223.7052
232.2985
237.3084
219.0976
237.5894
220.8002
223.5019
222.4813
235.6950
193.4080
194.3015
237.5222
241.6453
229.9360
225.6666
218.7238
224.3751
199.2925
194.2157
215.7574
205.3038
244.2346
240.3954
205.1506
208.7571
234.0113
229.3739
212.7461
215.6512
212.8965
210.6528
248.8857
250.5769
197.1326
235.1038
239.0307
250.1201
252.1045
211.5112
215.5001
212.7948
226.1105
228.8591
238.6583
238.2285
215.3385
236.1558
205.6642
207.1728
235.6399
191.9638
203.8751
202.9405
229.7083
209.2545
217.1841
208.9081
219.8661
205.5225
202.5463
200.3740
199.9684
212.1928
220.5003
215.4659
215.3909
211.5440
226.8779
261.1798
234.1950
248.2883
222.4378
261.6396
193.4271
191.8173
231.1919
206.4056
235.5961
238.4787
265.7490
252.9187
226.0269
222.6205
241.9875
239.4030
210.7275
204.7550
231.7713
233.5455
220.7418
241.0441
230.6644
239.2367
261.4081
255.0010
232.2590
241.9742
240.1434
250.6969
253.3207
256.9433
247.3779
220.3722
217.4038
247.5685
247.7741
207.0807
232.3241
209.8068
205.2713
228.4484
231.8358
236.7414
240.4771
241.6785
243.9578
228.5546
217.7900
241.7422
208.6703
248.3628
248.9353
221.4115
222.3133
243.5616
220.8854
225.4926
239.6477
248.7697
222.4804
201.4633
210.3503
249.8626
242.7670
229.3982
259.5944
254.0359
213.6872
215.6228
240.0311
247.7724
221.2246
222.1633
231.5444
237.6929
214.7918
229.7628
227.6660
262.0297
248.7380
241.4739
241.0041
239.9932
216.6084
222.9626
237.9857
204.6795
250.3633
260.0463
216.2254
194.4446
222.8247
229.7573
238.5608
264.4588
257.3213
223.0609
226.0712
229.2002
252.0541
228.5069
222.3855
207.7097
228.1078
207.8639
226.1269
206.7723
201.5474
219.6889
214.9449
189.7665
214.5451
202.5210
224.9094
253.5250
251.7754
207.1508
197.5760
240.5436
230.9956
242.2255
244.7782
239.0540
191.9446
212.4709
202.9366
259.2003
242.7909
209.8387
255.0663
220.0150
260.7495
221.0120
211.7233
228.1945
217.7731
229.7853
219.2416
247.6232
215.8206
211.4814
237.7453
234.4078
234.8746
200.5508
230.6643
243.8840
199.8304
212.0266
201.0084
218.8770
248.5749
230.5628
232.4106
232.7787
211.6815
251.2865
219.8582
217.0645
207.2720
196.3730
216.5644
245.1297
236.8051
206.7516
243.0867
197.6344
230.6848
228.7889
214.1725
255.6159
194.6884
206.5990
241.2411
239.7754
257.1515
215.8690
