237.4297
254.3255
227.9883
215.5735
180.0144
253.7731
183.6186
183.6100
251.2097
213.5760
228.4663
250.1218
209.3495
252.7254
227.3633
243.3941
190.2573
232.8866
180.0052
218.4302
218.5642
226.8918
210.0646
229.4313
259.3628
217.5198
200.8964
269.8463
244.3927
212.3667
229.5849
222.9376
219.8258
220.3623
196.5152
221.6729
230.9341
230.2967
186.9586
245.7675
243.4748
218.9260
263.4746
234.3641
248.0037
239.2120
252.9247
248.4948
265.3862
233.3696
188.3739
223.6835
185.3511
204.0928
269.6241
214.0520
230.8054
214.4346
224.4773
234.0539
222.0634
221.4331
207.8466
199.4944
204.4213
221.1691
195.2583
233.7944
208.1055
190.1436
230.0815
230.4286
265.7692
262.8288
252.7891
246.3833
200.2318
213.2794
208.5568
212.4752
214.9252
199.7645
189.5100
234.7189
234.2300
208.8612
186.0552
212.7909
208.7771
209.5933
205.2045
216.3899
212.8589
223.3708
231.2171
211.8896
241.8641
253.6452
252.5809
200.4808
202.9076
230.7321
220.1912
231.0430
233.8141
224.4513
208.5681
209.4741
243.1403
233.9031
215.9603
215.7254
226.5540
225.1521
245.6983
237.1717
219.9397
216.9064
234.8742
246.4185
216.7593
221.2615
197.0568
193.2888
191.0896
197.5958
191.0796
194.3119
222.1649
223.3635
229.3349
222.7012
235.4185
230.8562
245.3337
228.6599
233.3408
211.9485
236.6743
203.8775
246.0614
253.9831
244.3519
245.7475
201.0089
195.9849
191.1565
196.6958
218.2425
226.6365
220.2008
243.1795
241.5663
238.4212
229.1050
213.2342
222.1496
225.0027
244.9388
222.0335
223.4724
256.0926
232.5932
220.3817
229.7148
194.9045
195.3317
241.1345
234.6021
213.4763
208.1636
210.5217
210.7591
209.7390
219.3312
221.8262
267.4638
239.0221
224.1386
242.1912
205.5649
197.4295
198.6046
244.9373
232.3931
193.2962
192.0973
235.8170
221.0337
222.3312
190.0624
213.8197
214.2915
221.1155
219.6484
224.8558
188.7251
191.8595
234.8943
247.1093
196.9489
216.8147
249.3388
213.4084
224.2554
226.9095
222.2720
206.4522
226.3603
226.4538
252.0968
261.8991
198.5035
232.5197
230.7703
248.0955
242.0074
258.1545
232.5677
240.9205
224.4462
245.5414
237.5513
196.0668
226.5512
233.1829
249.3131
203.6318
241.2813
244.2022
258.8957
259.5156
242.8293
199.4732
211.3970
246.2646
225.0668
217.3329
249.9896
213.6222
234.2267
205.8480
258.7464
230.2542
235.1491
247.6506
241.5993
213.3688
255.1507
249.8287
243.6588
210.6937
248.7729
250.7640
205.4942
226.6514
194.1853
213.8495
238.5979
231.0006
255.8357
220.7963
228.5885
234.4726
193.6236
209.1956
220.7473
231.7680
237.8183
217.5085
228.5939
212.4125
220.1638
251.7791
217.5631
220.3720
212.1025
211.4490
235.3672
235.6232
242.4328
249.2207
244.6163
224.3172
255.4333
240.2898
232.1301
233.2239
226.0238
234.2026
263.0115
232.7593
229.4112
233.9017
187.6291
203.7929
239.1375
231.0223
244.8782
187.8152
182.9891
219.0277
219.3921
201.4437
244.9128
257.0870
224.7214
205.6843
194.6790
189.1163
209.1226
245.6236
226.1623
229.7266
256.4911
256.3262
248.7226
248.2182
203.2159
203.8463
224.4780
239.1909
239.1589
232.8030
196.1855
194.9815
218.7823
240.5712
232.1034
214.0816
230.1534
223.4701
247.8019
251.1072
238.5340
238.3328
238.2719
228.3176
222.0508
220.7827
225.4970
222.4950
191.6291
185.4375
227.9955
230.8741
200.8717
190.2201
189.1019
202.9889
264.4190
261.8312
209.4109
222.0150
233.8579
234.7582
230.0910
230.6963
233.5952
199.7271
193.5453
198.5027
216.9452
222.5674
224.8778
213.0351
237.9470
227.1632
214.8256
235.8259
217.0050
199.0645
198.2075
206.3512
207.7701
189.5834
193.8656
242.9458
239.0110
192.2842
191.5792
250.8763
245.3055
208.9625
209.4435
224.9469
235.9768
231.8064
193.7381
221.8687
224.1076
207.7250
211.9038
203.7332
201.9704
232.7812
257.7970
240.5225
248.3042
205.2527
214.7454
213.7300
212.0960
224.6150
211.4353
209.2770
196.9087
237.6691
228.1303
234.8190
206.0720
209.7759
207.8141
204.3448
211.8970
204.2610
211.1629
211.5392
223.2151
220.8059
203.9808
221.9565
208.6994
207.9226
211.9252
201.4509
236.1347
214.5280
231.2595
234.4127
194.4335
197.8689
231.0639
238.7933
227.7068
231.4840
193.6921
207.6489
195.1119
195.5716
229.7203
239.8942
213.5361
180.0692
219.5528
218.6569
223.8999
240.5913
215.0251
198.9794
209.9543
222.4579
205.6395
208.2533
201.8107
243.7217
238.6677
232.2259
223.6304
240.9189
213.6953
220.9604
225.7557
237.9765
242.8170
252.0128
229.9444
229.6901
228.8367
258.5160
243.1086
209.6184
220.5237
196.8394
197.6114
216.9191
221.2239
221.9309
226.4957
194.1879
201.7050
218.6013
228.7240
235.8538
230.4375
234.3219
232.5075
205.9289
210.9148
209.8107
216.4790
249.6684
230.3209
199.7044
196.2918
235.9875
237.9176
229.0906
227.9880
216.4716
210.7812
248.9967
250.4515
204.5224
208.6524
236.1564
242.8099
227.4649
211.1743
214.2775
222.8729
206.9043
213.0958
223.8565
240.8737
239.0108
221.7789
221.3125
219.5298
247.7259
224.8528
234.0742
206.6976
211.2497
227.3250
224.2657
220.8008
221.5491
194.2158
194.0281
237.4386
224.6166
200.7759
201.6412
238.3122
228.0867
222.6437
217.0055
228.7394
229.7049
224.4412
248.5043
208.1256
241.7688
232.7274
233.6117
256.0220
257.0591
212.1462
240.9761
254.2484
225.4433
227.3938
200.8739
203.3729
203.9505
198.4080
230.3709
233.6770
201.3948
218.5223
248.2658
247.6348
229.9600
207.8626
235.4498
209.4676
249.2228
206.4829
233.6536
218.0839
232.9889
244.3527
240.0933
229.6669
235.5580
231.5958
245.9398
243.0740
268.2791
209.5379
232.2284
246.4743
227.5153
213.7326
203.8090
221.3828
240.8891
243.1240
246.0211
229.7893
242.7090
233.0435
189.3920
218.0441
240.4296
259.2524
232.6490
225.4218
242.8264
257.0097
220.5213
240.5909
222.2438
241.7139
232.0321
226.9341
209.9131
210.2891
225.4982
244.4521
242.4964
241.0636
240.4259
232.3344
225.2996
185.2868
203.2727
225.9320
236.2540
211.3654
196.4376
237.6380
241.2745
223.9455
223.8010
221.8121
226.3831
242.8158
243.8582
232.9855
235.8241
184.7138
234.8406
250.7716
239.4513
241.9384
240.8699
234.9469
237.5003
244.8273
231.7064
209.7530
233.3452
215.3364
217.1937
243.6809
228.1483
231.0665
238.1464
233.3298
241.7684
226.1509
247.7078
210.1766
231.5178
241.7471
249.4585
202.7966
235.4587
241.6145
228.5034
221.1739
200.3754
211.6113
260.5461
259.7296
206.9644
217.6307
208.6115
221.7907
234.1209
237.9825
241.4551
219.3595
219.8918
219.5673
237.5963
218.5531
227.8357
234.7031
222.5297
218.6996
237.9663
207.1855
232.4118
235.6614
205.3406
210.9256
204.6775
216.9731
216.0050
232.8024
223.8375
224.4546
260.4520
193.1009
234.2645
240.0729
199.8050
246.3185
197.0703
208.6497
225.3609
209.6710
224.8388
182.7075
227.2760
215.5721
204.5919
192.3205
219.4947
219.9178
235.8348
248.1245
235.6609
242.4249
251.3195
252.7766
238.3306
235.5012
232.8425
197.4382
210.5658
226.7967
218.7658
228.0758
217.8506
227.8964
238.1097
229.5705
231.8065
252.5943
199.9129
261.5343
253.0155
192.4956
227.2448
253.5300
247.0112
241.0090
251.6531
218.9692
253.7729
248.7982
227.9947
238.6771
242.6997
232.1094
248.1751
209.3191
214.3439
194.4793
192.6196
216.5498
202.5028
227.9750
245.0346
217.7495
220.9456
230.4622
191.5262
267.1277
219.0869
237.1780
234.8590
207.8893
220.9375
206.7737
196.4337
204.2414
210.9767
206.1005
228.2030
223.6467
262.1391
252.4377
214.3527
260.6296
223.8835
215.5127
243.1876
197.9968
213.0014
239.5956
236.4456
206.1946
221.2351
243.1746
247.6355
215.6088
208.4056
234.4643
232.1237
234.1370
202.6985
265.0342
252.5433
223.8082
207.1666
201.8263
240.2173
228.0831
262.1250
252.9396
218.7312
228.4558
209.0703
228.2375
234.2121
212.2896
208.8088
243.6328
251.7991
214.3445
215.3467
206.9390
209.7967
238.1991
230.7592
231.9118
247.9036
231.3088
206.2768
234.1553
216.3511
196.4006
232.3303
225.6922
227.8069
227.2252
220.2471
244.7705
240.3613
208.0696
215.5991
246.0880
248.0992
213.1559
219.2940
228.7959
225.4928
228.2236
211.1731
207.5676
210.5908
198.3385
201.7960
238.4329
244.2438
251.2669
236.9144
227.4496
225.4435
235.9975
240.1544
241.9366
222.0276
231.6811
220.5772
228.9330
211.4139
229.3007
238.0593
237.9503
229.4876
218.1384
230.0051
243.0323
250.1936
226.1810
219.2259
248.4094
213.4007
230.1752
238.0328
248.5913
239.0095
198.1825
198.7158
242.1831
254.0852
208.0723
209.9393
222.8025
241.1948
238.7855
240.2731
252.5685
236.5803
236.4759
224.4580
232.7266
252.3716
195.0455
191.1292
241.4516
230.7384
211.5828
229.2860
241.7278
247.3772
210.7523
252.8353
256.2164
205.6268
259.2929
238.4829
239.6425
242.2971
244.9006
196.0486
191.2579
200.5046
232.2489
243.1501
208.8286
212.8945
247.4061
239.7060
197.8885
196.7545
208.9397
244.8353
241.6250
238.8868
228.1105
234.7697
251.3807
246.0733
216.5819
218.5936
243.9922
241.6060
225.0040
219.6252
248.6580
222.4306
214.8770
242.7153
239.9449
237.6096
249.2506
215.3157
217.0164
252.0243
246.1287
207.9416
219.2094
234.2926
246.6330
241.2149
238.8352
244.2898
241.6999
248.1473
256.4568
229.0968
243.6347
235.5809
220.0473
230.6287
236.2123
226.3310
231.9852
225.0580
222.3718
240.1928
216.2996
230.2311
216.3070
269.8601
214.6780
209.1249
205.2251
205.3514
241.4858
237.2221
199.5512
203.5192
256.7867
247.5228
225.9237
215.8049
215.9955
213.9562
225.7340
212.4535
206.5626
197.2773
209.5714
205.5009
257.4900
255.7727
243.2029
223.8648
232.9681
214.3307
208.8386
192.0709
189.3843
218.3935
196.7872
240.2044
231.4033
211.9442
220.3648
216.3620
217.3370
229.4483
196.9500
195.9852
200.7092
196.7531
212.0706
202.7558
215.5835
251.4046
208.5570
205.2207
232.1120
204.5433
238.1680
223.7493
244.3459
245.2029
236.6528
232.8683
212.6793
230.3996
208.1248
211.9246
221.8565
207.1046
257.9647
220.1449
242.9378
227.8646
223.1386
217.1704
212.1257
203.6441
192.5197
199.9248
256.2231
257.5184
246.1627
234.1550
206.9111
207.4307
249.2891
211.5583
218.3900
228.1533
229.0910
235.3275
235.8105
203.4952
204.1187
237.5691
238.5412
200.1991
255.9803
199.8000
227.1287
204.0668
231.6543
204.3093
223.1762
212.4704
202.7326
197.4521
202.3555
203.2087
198.6981
253.8777
261.6100
225.1405
233.5084
196.8187
202.7583
210.5806
189.8058
238.6589
250.5581
212.5512
211.1598
228.8063
226.1279
217.6592
224.8171
193.4736
196.3526
238.5750
237.0643
248.7039
229.1513
199.9731
200.0870
226.1653
213.9928
202.8615
206.6072
253.6876
229.9700
237.3877
234.6277
227.2995
244.5072
244.4301
206.4005
191.6241
201.5091
228.1040
198.5567
187.3088
230.5453
229.5266
257.6465
247.4093
212.5574
237.9390
195.8667
217.3951
188.8081
244.6565
212.5590
220.1755
217.1708
210.6280
218.0619
232.8899
251.1088
253.2277
229.1034
243.2464
231.5179
236.9554
207.0165
209.0078
197.2993
216.5943
236.0149
206.2073
197.2922
207.4018
192.2286
189.6364
205.5119
210.2472
224.9781
222.5800
209.3971
217.1612
216.5870
234.2166
222.8689
232.1979
248.5071
250.8390
245.2607
258.6345
218.3480
248.8242
214.4517
216.4051
208.9456
196.0008
210.0139
209.5767
253.9497
261.8721
224.2574
224.5211
241.3503
203.6904
227.7745
238.2244
254.8815
211.6319
199.1525
194.1694
188.4132
206.6110
225.6471
194.7791
228.6236
229.6328
220.8334
229.5074
191.7186
193.1098
233.5898
253.4588
252.9380
186.1261
204.5217
198.8770
212.3132
211.3346
227.9942
217.6064
231.1767
204.9067
206.3171
206.3323
197.0854
214.7726
223.3069
209.1271
197.8996
232.5632
223.0915
203.9182
240.1887
216.2303
199.1276
242.7706
239.8839
253.6515
228.7046
218.0812
208.9028
211.2733
207.4667
192.2117
216.1147
206.0193
213.0961
253.8835
239.1262
215.1464
234.0133
234.3741
207.9463
231.7430
232.9492
259.3770
210.5664
209.7777
209.3142
231.4301
227.4616
223.2772
195.5097
216.3579
224.9988
231.9364
239.5783
187.5291
196.3991
221.0219
212.8182
220.4277
239.9773
218.2995
236.6801
216.7003
251.0102
195.9464
223.5354
217.4181
202.3372
224.0514
250.3724
218.8297
223.7191
234.4995
247.5649
227.7647
239.7087
216.3252
229.1318
226.1245
212.2055
221.3763
239.5795
240.5127
260.6369
217.4057
180.0112
245.8980
249.8078
237.9394
255.2818
261.9509
224.8890
206.9089
226.1223
201.1409
235.0961
254.1462
221.1774
235.8633
204.1083
256.8469
199.2783
220.1885
233.3200
234.3204
239.2353
242.9606
233.5145
259.1377
203.0832
180.0012
263.9549
200.0655
199.4908
208.1327
214.6242
245.1706
206.5278
216.7893
228.5231
217.6370
269.9748
205.1374
206.7630
185.6930
226.7983
202.5485
206.6701
230.6894
264.7112
247.1999
242.5212
236.5685
186.1628
214.6658
229.1927
226.1012
222.3547
209.7412
211.9403
230.3315
233.9062
231.4146
230.3931
229.9215
220.3915
228.9032
238.3153
247.7648
246.9164
202.5683
203.8220
232.1355
232.3417
226.4611
212.1958
199.3199
218.9895
213.7231
192.1420
198.3020
260.2137
263.9773
250.1200
239.9210
214.4073
206.3418
215.5993
216.2043
213.4582
228.4286
209.1713
238.6306
232.9203
201.0973
234.5143
242.7731
230.4926
223.9472
229.7511
245.2718
231.8330
263.4467
254.7443
208.0579
209.0967
230.4702
221.2959
228.3894
247.7882
241.6472
195.4342
219.5554
218.9216
215.2227
233.4440
229.2631
221.3525
222.1017
218.2303
214.2121
209.4540
209.5534
251.3305
252.6011
209.1100
220.7659
239.8219
234.0240
215.2115
259.4060
265.9779
217.4148
212.8220
220.3253
224.6940
201.9878
195.2987
259.9609
208.2760
266.2322
193.6973
196.4499
239.2109
232.0827
224.8661
199.5815
198.3869
215.6915
213.2786
219.1575
207.4042
217.5086
239.3264
241.5332
205.3292
231.3715
226.7776
209.3542
245.3662
223.9759
224.4241
204.5642
209.7012
207.7755
221.3347
227.4374
233.1143
250.3595
248.4117
230.3983
246.6230
248.8849
236.6343
236.3392
195.2779
188.1339
214.6982
222.9409
221.3920
226.2319
214.0750
227.3952
245.0617
245.4840
207.4491
257.4904
249.9870
236.3044
227.3493
255.6739
238.3269
206.0003
201.2857
183.3542
213.4134
223.8982
204.6482
188.8950
206.7108
242.0907
237.3290
218.3683
230.1849
245.3810
234.9161
255.0600
243.9489
238.6775
222.5489
221.2665
213.3030
235.8913
199.6425
197.9413
219.5795
216.4025
248.0527
249.7592
234.4770
232.5331
245.1147
213.4058
218.8185
263.2752
203.7356
236.8458
258.7901
231.2496
232.5896
220.7078
245.7983
214.6811
223.5143
268.8454
196.1651
235.8190
253.3094
227.2612
251.4511
235.0847
250.9843
234.2526
204.9044
244.8639
251.8962
254.0932
234.5779
235.3374
235.1010
226.0967
207.7207
232.4936
226.5926
210.1675
234.1115
206.4600
213.4413
204.0078
218.6494
227.8331
248.8120
227.5966
243.0910
234.7484
208.3513
223.7176
217.1100
224.2743
238.9862
240.8379
225.5124
204.2855
218.8884
235.5143
195.4002
180.0328
230.2604
219.8919
228.3228
213.1501
238.1468
210.7382
210.8435
246.6857
244.7435
205.1309
208.4318
231.1609
212.6568
203.3988
209.1351
224.2937
223.5290
222.6406
230.6185
231.5027
194.4466
190.5880
189.6123
225.7124
227.2948
240.7100
214.5191
219.6677
208.8297
238.2354
228.6986
240.5588
239.1598
250.1290
253.1846
230.4300
238.8087
192.8369
247.1409
234.5019
212.0501
216.7394
194.9930
201.0422
228.5227
216.6101
237.2304
222.6196
231.7038
225.9829
221.2359
213.9775
233.5869
255.0610
231.7936
241.3555
241.2653
231.8253
226.6053
249.5291
232.1320
206.5816
201.9292
213.8457
209.9528
252.6421
256.0582
195.5712
247.6715
246.7346
257.5409
247.4483
223.2930
208.7965
209.9799
249.3519
240.6197
239.8542
236.3673
251.5073
210.6580
221.4241
266.2041
216.3357
226.5716
215.2798
227.7933
232.5178
229.3290
246.1353
231.4151
224.6872
251.3772
248.0781
242.5884
242.7009
237.9270
217.0380
215.4580
234.0682
233.3573
206.6964
243.8403
241.8764
250.7083
197.8218
207.5099
231.4863
229.2045
233.1083
195.1273
234.0072
218.9699
229.1401
257.0794
259.7857
250.5067
212.8909
234.8448
211.7474
232.3390
215.6963
224.0698
200.3801
209.9192
189.0502
236.8214
226.7850
220.9542
201.8324
191.6459
198.2518
209.8105
241.0084
219.7089
187.3080
230.1731
224.3969
236.3205
194.9527
253.1576
260.9512
204.0941
234.1972
210.5991
184.9839
200.3374
202.6580
196.6758
262.3422
216.8255
209.2946
220.6802
199.0493
233.2466
237.9545
200.9284
207.2259
214.2636
211.0533
203.0191
240.9458
228.9912
223.0555
192.4597
217.4275
195.9672
200.4440
215.6025
188.6687
230.1124
233.8113
228.0679
229.9103
227.2930
235.0201
220.0251
260.9891
238.0593
233.5859
239.7938
207.8571
225.2006
214.8116
238.6158
233.4701
223.8554
242.3716
265.5518
213.5906
195.3130
182.9592
200.9368
216.1123
240.8701
256.8294
224.7601
206.8087
225.3668
236.0907
220.4366
235.5601
197.1414
200.4258
224.2152
188.1171
193.2194
205.6236
188.5028
246.7550
232.7262
258.7825
225.1469
219.7596
226.1398
230.4363
204.9349
187.4174
245.1199
218.6686
237.2668
238.2245
238.4157
238.8666
232.1825
241.1928
198.9212
186.6070
200.4067
204.3755
201.3304
210.6848
214.9516
220.8798
221.2417
202.9969
229.8857
233.3603
203.1213
228.7232
234.5601
264.1677
202.0978
233.3722
238.3683
253.9306
259.3209
269.6495
203.5554
186.5206
257.9536
194.7721
259.7170
238.1402
247.8723
247.6359
197.4737
194.7225
249.6286
194.0077
243.7526
255.5534
239.2556
196.3687
201.4424
249.7581
205.3740
244.7745
241.9910
213.1695
185.8645
233.6174
219.3655
201.5377
205.4762
200.9555
205.6170
200.2451
229.5377
222.3994
217.7166
191.3779
253.9113
219.6964
200.3996
232.6360
218.1043
261.8756
212.7621
219.4724
221.7915
225.5671
223.3200
219.7343
224.4858
229.2506
234.6902
183.9216
239.2952
266.2392
240.3686
245.4418
230.5861
267.0649
256.7158
220.7812
224.8713
186.4440
243.0496
208.9279
231.9264
257.1549
238.5956
255.9697
230.1800
230.6195
201.7193
208.0063
264.1844
262.8509
186.6820
233.8981
248.7818
260.6986
264.2758
202.0117
226.2007
206.8754
250.8915
226.6849
268.2247
193.4066
228.6370
235.4750
214.7202
212.1363
228.6176
257.7346
249.3208
228.7882
227.7205
200.9353
224.8561
243.3133
250.0290
218.2037
241.9002
220.5041
209.9476
256.7607
219.7454
184.1003
251.1588
251.8821
217.8020
223.1710
225.0437
218.4499
236.5978
252.0196
228.4473
226.5630
246.8011
251.0262
250.0615
253.5175
254.9524
210.9456
222.8861
254.5989
198.8741
188.0101
199.4590
259.4507
240.4812
235.7492
222.2688
226.7375
261.1095
234.2662
231.4736
227.9117
196.5234
248.8543
260.2633
224.4085
203.9401
224.2949
237.8658
235.5032
213.8479
224.4842
244.2916
199.8318
238.1053
216.4210
254.7065
243.8743
236.3885
242.2974
253.7655
214.5160
211.4622
238.0002
204.4642
252.0817
196.9398
201.9711
214.3110
247.6549
213.3702
238.5764
267.0959
194.9614
248.7948
233.9507
213.2833
258.1516
224.5757
202.1420
203.0556
226.1384
240.1261
258.4408
239.1844
221.6064
237.6836
215.0048
238.3104
226.8982
219.1922
236.3018
218.5817
239.2604
246.2483
191.2335
194.6319
230.4816
188.3937
260.9888
196.5635
244.7030
236.5583
250.9150
231.4057
250.1205
216.0168
234.1481
242.9124
214.0326
205.6220
236.9013
255.7269
241.6478
257.6940
216.9762
207.1354
250.5482
205.8033
233.8386
220.2479
236.1794
220.1931
231.3289
217.4602
260.7017
258.5946
267.9074
220.8982
211.5795
233.7277
256.2511
193.3319
253.3110
243.5652
243.4202
230.0082
234.8198
208.2187
195.1698
197.2094
221.7447
232.0144
248.7959
217.7220
229.9426
206.1287
218.7909
237.6459
199.8640
248.8645
245.2739
207.2903
251.0665
203.3022
258.3310
249.8958
239.3264
243.5499
261.4677
223.5738
231.1223
230.7364
184.8894
214.3417
208.4976
238.1050
244.2512
242.8841
222.3650
212.1429
232.4413
239.9611
238.1688
212.9185
247.8124
225.0269
242.9563
220.5506
235.4568
222.0658
255.6296
259.4282
243.2426
247.7961
241.5661
200.3071
208.3201
244.7334
194.6592
182.6598
220.9127
198.1447
213.5433
246.7250
235.0065
229.0650
212.8337
201.0412
230.7852
221.1074
220.9661
245.0993
216.8454
257.9847
246.3589
251.3755
222.4653
233.5119
235.7032
230.5447
260.3438
230.3098
184.0284
214.6493
246.3934
254.7125
221.8257
243.3236
242.2784
242.1186
253.8745
228.7907
196.1796
215.7763
201.1000
240.8567
262.2735
257.6673
242.4599
215.5687
199.0958
256.5483
230.7796
244.5807
223.7927
236.9163
195.8950
260.0600
217.7572
238.1182
201.6855
239.1755
239.8317
253.6386
197.9760
193.2399
233.7149
250.3861
206.6706
263.4308
254.7792
215.6578
191.5760
211.7802
246.5436
235.3122
227.2160
219.0877
190.9785
234.6889
225.6201
239.7954
209.3234
211.5707
216.6703
259.3554
217.8149
262.5620
258.3430
213.8969
240.6424
245.6943
207.7548
225.1042
240.5306
263.4589
237.3272
261.4363
223.2143
240.9385
230.1670
251.1024
189.5131
182.8937
254.3298
208.3915
256.6805
216.8493
234.7969
259.6990
213.6644
200.0606
189.9924
238.4271
216.7440
255.4736
194.5216
213.7152
228.7832
190.8234
189.0767
229.0389
186.4006
207.1077
220.1732
206.8252
218.2262
230.9287
243.4886
227.7282
244.3850
265.4822
245.5144
217.9309
218.4842
230.2833
227.5258
265.5883
261.2096
203.4538
184.0700
253.7918
223.4971
234.9351
227.3286
260.8304
183.6931
232.4799
257.9380
244.9432
196.6843
204.5296
241.3681
260.0210
245.1508
200.2350
207.9060
224.5238
209.3569
247.4456
267.9257
229.3570
226.5630
223.5037
216.2290
208.4204
182.7900
220.1747
245.5573
263.6885
180.4077
208.9199
253.2603
221.6436
181.1306
225.6043
199.8693
189.6740
218.4931
253.9363
196.6769
201.1271
254.5612
228.4181
238.5335
218.2762
248.8471
232.2651
244.0204
245.6015
230.1215
200.0581
216.8380
223.1378
226.9951
189.0105
224.7178
251.1563
192.8225
264.1582
197.7523
245.8205
243.3302
257.0329
233.2691
227.3863
221.5771
199.0881
202.5009
257.0791
237.2043
219.0396
211.1311
259.7784
241.1741
234.6755
234.4906
266.3335
225.6880
202.2244
207.1413
214.2194
202.5355
264.4354
210.2174
181.7782
201.6537
265.5833
212.4924
264.9967
230.4244
241.0240
242.3810
198.7912
264.8463
254.7340
218.5400
240.6257
250.9983
206.6570
197.5912
213.0341
242.0986
267.5199
224.4816
265.3880
236.6487
242.5815
193.0513
240.3360
257.8327
231.3834
253.6165
235.5883
228.5331
251.7515
222.4682
245.8907
219.6861
249.7180
248.5637
195.7961
263.5016
229.8362
197.8019
256.0185
242.1545
225.5335
203.4461
180.0002
244.0696
203.0461
269.0032
217.0991
226.5567
186.6206
244.0695
235.2820
264.7489
234.4070
219.8399
229.6375
200.8841
227.6200
228.2825
234.7590
223.2632
200.8795
197.2518
203.6042
229.7353
248.4170
259.1262
215.6348
231.8288
196.4257
233.0088
197.1451
217.0614
258.0552
223.5766
206.7800
224.2902
229.7551
209.0871
250.3194
242.5580
228.1170
217.7524
225.3674
238.0160
251.7228
239.0396
203.4233
215.7673
270.0000
212.7421
238.8620
232.5837
241.9748
233.7143
218.9927
222.9286
225.7738
207.8102
212.5181
248.0859
199.6239
224.5190
238.8597
235.4701
218.2403
241.5098
248.5317
204.1706
227.7244
238.6919
236.5314
198.9489
208.0301
231.0040
245.6635
215.0697
197.1956
209.6413
214.9321
238.1853
240.5166
243.0500
237.9130
237.5503
263.5428
230.4708
191.9716
201.7873
211.2138
201.7832
223.2935
247.0830
224.1099
251.4814
249.2141
205.9087
194.9234
246.5189
234.7819
246.5251
211.0430
249.8996
240.3460
239.6273
256.7977
227.5263
227.7873
239.5101
180.0728
246.1479
210.0380
231.9479
229.5883
231.1413
230.2815
220.9304
233.5998
237.5135
234.4877
249.9175
237.1542
222.1635
222.6561
248.8075
204.4738
232.7312
236.4922
239.9041
248.9951
254.0365
252.2613
190.3104
216.5004
255.7669
202.4759
261.4475
221.6776
240.3527
236.3486
248.9791
192.1393
250.8417
209.6857
248.6086
224.5580
205.2293
247.4899
224.5281
233.3439
248.5409
253.3614
201.8586
189.0401
238.8728
218.6115
220.3283
235.2981
185.5600
243.6000
254.6694
225.2497
210.5542
234.8585
182.0895
259.8314
241.7695
205.3510
224.5079
237.6290
232.3887
223.4844
198.7218
219.3360
191.5297
202.0935
187.7901
191.1660
193.7323
199.2466
213.3578
205.7101
191.1197
234.1380
197.0452
225.7966
226.1471
231.7888
246.1799
217.7936
217.6538
230.1480
246.8179
221.3881
217.8356
236.7695
221.4121
190.9466
230.5206
228.0947
221.0649
226.9136
238.5807
192.0611
191.0438
214.7219
197.7675
188.2467
228.3049
224.5131
232.2027
236.6930
225.8500
240.0716
205.4132
211.3086
219.2542
222.2189
229.5076
226.6584
184.9792
203.2885
217.1176
231.9069
215.5898
220.2800
225.1081
223.0073
233.8852
236.4731
204.1918
226.5539
228.1001
234.8430
257.7450
255.1350
224.0916
226.3428
220.1261
223.7507
228.0645
206.9510
205.8815
237.7928
219.2648
195.7865
205.8740
217.2649
231.7764
223.5371
225.4220
209.7208
192.2625
237.2916
244.8582
236.6967
240.7921
222.4005
219.9347
225.5650
204.4983
233.1487
244.9638
223.3411
215.2927
247.3567
244.2251
213.3727
213.4375
198.5061
188.9185
192.1149
203.0569
206.5199
237.4653
233.3296
226.8890
246.5089
241.6690
237.1115
187.9043
189.8985
231.6887
227.1927
215.8122
226.2918
201.0955
228.0703
238.3839
241.7825
210.6937
251.9836
218.6650
233.0896
220.6487
236.3032
226.6876
253.7529
197.2446
197.9907
218.0205
234.6285
226.3083
220.2966
196.0035
194.6657
246.1308
250.7105
217.9877
206.8210
242.0079
208.9833
221.4219
258.8535
221.0721
223.0559
209.7348
219.0760
224.7761
195.7528
203.2811
208.2541
252.6908
255.2784
244.1356
246.2784
215.0518
211.3768
255.2678
258.6181
256.0200
218.7773
217.7562
224.0079
244.9074
241.0032
228.4499
245.6834
252.3186
236.1815
204.3898
224.3108
221.3962
219.9757
211.1532
234.0305
240.5553
209.4365
199.8311
216.2970
211.5093
253.7453
219.7088
220.4504
267.0068
236.0876
197.9490
215.7480
210.2124
239.5288
219.0522
232.7626
214.2680
216.0620
196.4440
202.0464
189.2169
215.3062
256.5544
243.5162
240.2662
248.2682
244.2035
248.7629
191.9332
197.1218
201.0793
204.4502
220.4559
216.4026
216.9917
222.0647
212.7007
199.7549
206.7819
201.8651
225.9284
220.0360
251.2828
216.3360
214.0765
216.5521
235.8289
206.4055
198.7479
218.5549
217.7679
233.2805
244.1755
226.0388
190.0731
195.7527
223.9215
243.7441
193.9246
216.2318
234.5720
211.3578
198.1662
214.3725
240.9029
221.9062
245.3029
231.1358
248.1925
252.6374
242.9149
247.4734
221.5162
226.5316
218.9688
226.2373
233.6581
221.8478
215.4299
233.4921
219.3381
224.6703
188.2968
254.0224
239.4289
239.5635
247.3455
235.3758
235.6347
220.1450
226.0697
239.5480
228.4492
238.1228
248.5588
227.9344
233.1419
231.6366
209.0679
251.1338
255.5737
229.7079
237.6405
243.1097
232.1593
243.9944
213.1048
247.3614
258.3162
258.2472
256.8252
255.2903
209.3142
188.0370
252.7283
234.3815
213.9340
218.7112
193.9366
208.3056
214.0562
208.7349
236.1842
244.4280
244.6608
248.0010
249.1817
246.3700
242.3114
226.5776
230.1020
213.6421
200.1207
241.4618
243.7239
210.2472
221.8996
224.5874
191.1339
194.1301
234.0880
225.3806
246.9507
237.6565
247.5235
252.2950
238.5964
227.3693
248.5049
216.0443
242.8201
241.0231
202.2518
192.8113
235.6905
226.1796
246.4126
240.7403
247.0050
254.7828
248.8819
232.4800
238.1636
241.4449
236.6024
216.7775
234.6369
241.4102
241.4101
222.8067
209.8716
241.7207
237.3362
220.7211
215.3163
225.5615
219.1232
193.7549
195.0168
247.5601
230.9550
233.8714
254.6758
247.5676
222.4734
243.6660
226.5952
250.1613
243.5317
198.0729
200.8545
226.4259
232.7497
228.7237
228.3900
233.9551
241.6491
248.4461
201.9975
185.5948
208.8226
264.0404
219.3314
244.1697
241.5976
200.4692
241.0295
223.1820
210.2098
226.9715
192.5870
206.3098
233.9785
224.8559
229.8025
210.1500
220.2550
217.9648
218.5653
245.7315
236.6143
224.4222
225.7185
242.0467
235.1072
185.8411
219.2101
218.9838
251.6598
218.3633
202.5448
192.7634
228.7883
217.6693
226.8720
228.2447
230.4822
263.9185
232.4621
236.0673
214.5873
209.1935
208.3563
210.3538
235.2351
200.1414
222.1760
242.6243
219.1875
259.5718
266.2820
237.3922
209.1202
247.5561
241.8673
244.3742
255.1038
226.0356
237.0187
229.9959
258.6632
205.6095
225.3239
228.3219
269.7473
236.5334
216.7695
225.4179
246.9645
225.0514
235.6083
223.3901
212.9725
199.2980
226.2504
214.1415
212.2330
195.6795
192.1028
229.8872
235.9621
231.9771
193.2185
248.5475
228.8803
227.9859
203.7892
233.3504
191.9118
213.5750
241.3362
246.2209
188.9488
213.7432
220.3661
251.1344
213.5645
214.8080
211.6518
202.8061
223.1509
238.9588
220.2124
224.5232
203.3774
233.8024
221.2345
206.2935
268.5360
210.4028
193.3503
222.8230
213.8703
205.3383
195.8124
211.6361
225.6437
221.0651
219.5212
247.7121
247.2621
240.9799
234.8099
194.5534
252.6050
250.0063
206.9065
232.2659
240.2966
239.0668
226.6449
242.6837
209.7422
214.7457
227.7211
207.3155
196.3883
188.9983
260.1159
258.3032
222.4169
224.2107
213.1711
261.8095
204.5335
206.2536
197.0461
214.3593
230.3465
209.4504
237.5454
207.4304
211.3856
208.1714
203.9267
249.7531
190.7950
223.3318
209.4379
226.8362
204.1606
228.1375
199.7322
193.4880
201.6340
246.3232
235.8365
212.7763
223.0873
234.8270
225.5894
212.0594
229.5599
219.6045
231.7940
239.3758
224.0866
240.9063
220.0439
227.4296
223.8835
238.2229
192.6870
193.1285
238.0827
241.6097
230.3072
226.1956
223.2663
226.3387
202.1775
194.0112
221.5998
207.1858
246.5213
241.6067
202.6811
208.0734
234.9669
232.4864
213.2963
215.1764
214.6164
211.6269
249.4663
251.1765
195.4154
237.0774
240.7000
250.5987
252.7955
210.1313
211.8103
210.0142
222.4512
227.3471
239.7151
238.6186
216.6943
235.0863
205.9079
209.5033
239.2667
190.9113
204.2328
205.5486
233.8509
211.8352
217.3977
210.1666
222.9812
203.5971
202.0480
203.6533
204.7081
213.1562
221.7639
215.7900
220.0513
211.7086
225.9429
257.9745
235.7408
248.4223
219.1114
262.5214
192.5309
191.5079
231.6366
205.3085
235.6777
239.1414
265.7675
252.0344
223.9810
219.7741
244.0162
241.7277
216.7142
202.9133
232.0343
232.5088
218.6374
243.6743
231.3092
236.5360
261.3989
250.5111
232.7779
242.0016
237.6072
245.7951
249.8036
256.1924
247.8490
225.8317
218.2663
249.1800
248.9079
210.5502
233.5853
210.0242
205.7492
224.2017
230.2907
230.8937
238.1238
235.8944
239.2948
230.3607
223.1849
240.0778
205.5714
250.4988
250.4715
219.0347
223.7491
241.6895
224.7446
226.4510
233.3713
250.3589
223.1921
201.8735
207.3032
248.6120
242.2239
229.7934
260.7008
254.4055
212.8738
212.8181
241.5457
247.4792
217.7413
219.6737
230.9027
236.2000
216.5179
228.8969
229.8319
262.0741
247.5899
243.1100
243.6890
237.6533
214.2748
223.4203
237.9730
202.2841
250.3297
260.7748
216.4872
196.0489
222.1183
230.0239
238.0925
264.1938
258.4969
221.8090
224.4071
226.8470
253.1404
227.9665
222.8699
206.1285
223.3062
207.5407
225.5646
204.8369
207.0237
223.5798
213.5360
189.3873
214.2352
202.0902
220.4139
252.5306
250.1575
207.5579
199.4964
237.8916
228.1738
239.4519
242.3581
232.7915
191.9271
212.0350
200.8412
259.0345
241.6742
210.0172
255.5642
218.5800
260.9576
221.2218
217.7451
224.9808
217.7733
230.3025
221.4679
249.6890
214.2559
215.9232
240.2695
228.4737
234.5278
199.4981
233.6880
245.6792
198.6236
208.6538
201.0443
217.2821
247.5547
226.4777
233.2830
228.9864
210.8321
252.2819
218.2530
218.2174
206.8503
196.2943
215.2544
243.8865
234.7806
205.4143
242.5258
197.8198
232.4123
226.3025
220.1976
257.2370
194.8403
206.1253
242.0251
243.0016
257.8128
220.2344
