246.5696
250.8342
230.8321
220.2370
180.0121
257.0631
183.8944
183.8851
249.0005
228.6281
222.0472
248.4298
216.2958
248.9601
228.7178
248.1797
188.6591
233.0306
180.0034
218.1074
219.3786
227.8097
219.0384
242.4815
257.9498
211.7282
197.5321
269.8936
241.6563
214.5086
231.2400
229.0702
205.7245
212.2573
200.3919
216.6790
234.1551
230.1361
186.9178
251.1947
239.7877
224.6211
263.3055
216.3757
248.8102
234.4679
259.6393
246.7493
266.5082
247.8114
186.3701
227.5242
183.3892
197.1529
269.6478
219.7544
234.3050
223.0742
225.0815
229.1068
217.1720
222.8455
207.5367
198.4079
213.9362
211.0208
190.9394
235.9092
197.4379
191.1298
230.9954
237.3763
265.5830
263.9500
252.6128
245.5215
211.0335
206.5715
209.5544
202.2203
218.9669
196.0609
185.7557
238.3371
234.6644
201.0356
185.6432
202.1060
197.6238
209.5217
206.1868
227.8245
221.4268
241.9160
232.9634
207.0007
247.8617
255.8588
256.0817
196.5437
201.6005
231.1847
224.4450
232.6186
247.2275
227.1513
209.7211
213.9860
239.8008
231.8715
217.6000
219.7318
226.0223
216.4555
254.7652
244.0381
221.8872
220.8169
232.5288
245.5164
218.5152
213.3584
190.2676
188.1554
187.6192
192.0783
189.1503
192.4119
215.7426
217.5093
236.7508
229.5014
225.6130
229.0810
249.4092
221.0261
232.6032
199.2502
243.2421
210.3274
237.2695
247.7965
248.2942
249.9942
197.4977
194.1264
187.8711
191.3622
205.5369
220.3273
224.0510
241.1616
245.0297
245.2536
242.1392
202.0561
222.4399
226.2819
252.3723
216.6291
219.7557
260.1890
243.9973
218.5446
225.8555
195.4306
192.0916
252.5585
230.3576
208.8377
206.0608
208.4361
206.0722
207.1253
212.4790
213.3342
267.4539
241.1544
218.4600
248.3773
197.4448
198.0251
198.9532
239.8944
211.8122
194.0475
192.3138
233.8297
221.5921
216.0703
191.5392
210.4966
209.8794
221.4813
221.3064
225.9402
187.5604
189.3990
221.9386
240.2336
190.1779
203.8482
250.0621
206.5104
224.1531
229.7897
223.9859
211.0342
225.9613
227.6523
257.6499
262.7749
207.5153
235.7075
236.4513
248.6749
245.3011
261.2379
232.5924
238.5009
229.7251
248.7741
241.7485
195.3568
228.1381
231.4614
242.3045
212.7689
244.6956
248.5244
259.0095
257.8009
244.9066
209.5294
213.2419
238.0226
207.9982
223.5787
251.3343
211.5852
228.8781
203.2965
255.9089
227.5522
239.1997
247.6348
240.9606
226.4155
253.2811
245.4315
247.5301
212.7416
250.1964
254.0147
206.0048
214.2881
188.3322
212.8996
248.7052
221.9066
259.9548
215.2354
234.4101
221.1639
191.7095
205.5277
221.4474
230.8529
238.1999
213.4038
220.2642
200.9601
216.5713
255.9979
204.3562
212.7304
216.0325
215.3629
240.8020
234.3497
237.5003
245.8292
246.9614
217.2627
256.6612
252.0673
231.6645
234.6868
224.7473
233.1753
264.0908
242.4779
220.6482
240.5847
188.2293
199.1368
237.3092
235.1559
236.7551
186.0048
182.9243
215.7167
214.0062
199.7766
244.6323
251.1431
222.4662
207.3563
193.9759
186.9252
206.0854
237.4526
234.6953
236.0206
259.8023
259.9318
256.3535
242.5800
194.9291
198.6888
214.1951
244.0848
243.0731
237.1390
196.2005
197.2862
209.8197
248.4420
231.1770
207.6111
231.1847
211.7371
253.6208
256.7230
237.6338
239.3944
251.3545
224.1732
231.6108
234.3900
210.7519
227.8407
189.6885
185.6195
231.4543
234.4292
195.8392
189.1990
189.8247
213.8079
265.7397
265.0335
207.3657
220.6126
240.0180
233.4282
231.2525
230.8285
233.4887
202.8338
194.2948
193.4453
225.5435
223.5304
226.1663
218.8339
244.1497
224.9809
210.9123
231.6414
207.1644
192.8974
194.3091
196.5851
199.9126
186.0296
191.2864
253.8287
248.2916
188.4740
191.5818
255.5220
245.3558
207.5358
200.3016
228.5188
235.8980
242.0453
197.6476
230.5120
223.0549
208.3339
213.8405
204.5336
200.7065
231.0097
257.1351
239.6860
255.0224
204.8022
210.5638
215.9360
208.2349
223.9094
214.8397
219.1916
194.3145
233.7940
225.8211
228.9260
222.7156
211.8022
196.4614
212.0109
219.8413
216.1947
213.2399
209.5583
235.8716
239.1142
210.0711
226.6830
225.9197
210.2174
214.4296
205.0522
247.2206
214.6083
225.2623
230.7486
194.0873
196.8400
226.4604
237.8204
226.7075
223.5893
196.3890
216.4045
194.0473
189.1929
225.5962
235.2132
223.9816
180.0409
210.5165
210.1206
220.8805
236.9309
205.4598
205.6260
218.5427
216.9164
211.1296
211.9955
210.9457
253.3170
236.6406
231.4871
221.5775
224.9857
206.7830
221.1418
217.7870
249.8957
237.1286
258.4556
213.2489
217.7044
239.8578
254.6795
225.4645
203.2522
219.4430
189.9269
190.4507
210.5498
218.5478
216.0947
224.2424
197.7140
194.7522
215.1754
235.5837
236.1066
228.8651
229.8130
228.8992
196.3355
202.7009
203.4760
211.6109
252.2904
213.6473
198.4507
197.8369
248.8719
249.7474
238.6422
240.4028
216.4763
209.3719
249.2575
251.5483
207.0592
202.6395
229.8859
246.1848
229.5005
203.3612
210.4918
217.8880
207.4758
213.7761
228.1549
245.8807
244.0325
215.9080
221.9545
223.6453
252.5869
241.2117
243.4217
205.2353
210.8101
230.2871
231.8828
235.3682
231.6571
193.4165
191.8998
244.6065
236.8717
196.8097
192.7702
236.4107
214.4176
226.9587
225.4366
236.4850
232.0055
218.2965
252.7933
207.3948
251.6587
228.8307
228.8708
258.4360
259.2816
207.4342
236.5047
255.3314
220.0202
217.2169
195.0697
198.2981
216.0331
202.4666
231.8766
233.7003
194.5446
205.9652
249.7427
249.5035
228.6451
202.8637
234.5622
214.6680
244.3082
198.3297
229.3788
220.4067
230.6839
239.9187
250.6968
210.4599
213.4139
225.8977
254.6101
249.8475
268.6039
215.3331
234.0405
248.1939
234.7221
203.4509
211.8739
219.0892
234.6917
249.8825
242.1891
234.3732
245.5237
245.9570
189.7975
206.6704
242.4783
257.6595
231.5049
236.0464
244.6210
256.7765
236.0240
249.6087
211.7115
244.4824
228.8170
234.9502
198.6298
201.7498
219.1133
243.0721
241.6944
249.2532
251.7478
238.9898
220.4719
183.6857
205.2264
227.1032
244.0295
219.0416
192.9926
236.3661
244.6378
225.1951
223.5369
240.8825
226.6270
237.5046
244.0370
236.4502
242.7512
184.0025
232.0705
249.4905
247.3357
237.8983
242.5757
238.0507
237.6612
244.7477
232.3168
212.2986
234.6083
236.5835
220.3900
236.0729
215.1048
230.4253
239.2912
236.6459
246.9192
222.8465
247.2427
213.2266
225.9436
219.8652
250.6367
194.8924
213.2936
234.1205
226.0203
223.3316
196.5621
203.0248
263.3338
263.1200
199.6724
225.1987
206.9072
236.5119
238.8697
247.3944
240.8408
204.7593
230.1686
207.2486
237.0896
207.5239
226.0263
246.2859
221.8541
222.7300
237.4132
214.4194
229.2899
224.9730
195.2145
198.9779
207.5400
226.9354
207.2938
243.6225
208.1825
210.4218
260.7120
193.7760
233.0146
239.9901
194.4335
248.5843
193.3546
202.5798
241.9758
198.5405
216.8519
182.2068
219.7127
204.1483
210.6750
190.5328
206.2388
217.4700
220.3352
246.4056
235.5532
243.7961
241.1411
259.9544
235.8141
248.7417
222.0596
200.8538
212.3706
220.6096
228.6041
236.6539
207.1923
225.2946
244.3673
217.9313
229.7587
253.4656
198.1507
262.5393
256.4136
191.9051
228.1734
253.0568
241.1128
242.1826
252.1450
209.3199
257.8157
251.8854
222.2695
243.2152
237.7008
217.2769
246.9103
207.7040
209.4813
190.8879
189.5088
208.9013
201.8232
224.7928
243.9359
211.0820
215.2264
231.5898
189.9086
268.0334
217.8956
245.0040
231.5316
200.9319
226.9383
200.7316
193.9575
194.9001
222.4536
204.3118
239.9656
226.6154
262.9166
254.5581
213.4239
255.9370
214.8263
210.6064
246.1780
199.4588
218.2732
247.7048
248.6855
206.0325
231.6418
239.5637
242.5327
212.8461
200.3663
230.7004
216.3648
222.0557
202.9579
265.6798
254.6196
223.0562
218.6483
199.2251
242.4339
219.7458
263.8305
250.7807
204.0965
222.9605
201.6746
210.2608
229.0111
225.7583
218.9305
240.4780
256.2057
212.9339
208.3464
199.7148
208.1218
242.8455
217.8924
215.3397
250.8278
222.8055
198.2048
226.2610
219.2773
192.2472
237.8178
223.4013
227.0243
214.9061
215.3133
245.2945
242.2157
210.5328
218.9841
239.7140
245.2910
206.3807
213.7503
226.4180
224.5062
235.2714
210.9999
206.8123
211.1032
195.6670
199.2635
244.9602
246.9886
245.9056
222.0276
232.0609
206.5589
233.5055
225.9723
241.7462
216.7993
222.4690
204.3033
225.2073
204.0324
226.6511
239.8297
236.6491
224.8173
208.3878
231.9178
247.4753
253.7119
218.4338
214.5416
254.9350
214.4884
233.1441
237.9474
246.6351
250.7225
196.5637
198.4662
237.9368
260.1312
205.9127
205.8810
213.6479
252.3268
233.0888
231.8647
259.5697
230.4292
227.7712
241.4401
238.3964
256.4999
193.2466
188.3780
251.5025
228.8617
208.9229
239.9332
243.0195
252.6701
218.5448
251.0933
255.0645
207.9138
261.8465
239.6188
239.7668
237.6565
240.9409
190.5991
190.7117
201.1831
233.4233
246.6509
211.4290
213.7048
249.9928
249.7409
196.1995
196.8029
211.0304
246.5964
252.5606
239.3820
220.3537
218.4216
240.8702
237.4658
209.6581
212.8079
246.8853
243.9593
209.1628
206.3224
256.9560
206.8517
201.6649
248.9201
247.2201
243.4946
257.2482
215.6974
218.2166
255.5215
244.2378
209.1037
234.8044
226.8209
243.0395
242.6260
241.8988
236.6051
235.9732
248.8559
254.7156
233.7054
241.5725
237.4481
235.4676
210.1750
241.9786
220.5872
219.7863
218.7328
216.9179
242.0877
222.5948
240.7381
205.0766
269.9176
222.5516
208.7387
203.2464
200.4587
230.0897
233.0908
200.6021
209.8121
261.5137
255.1801
244.3757
222.2786
219.0010
217.0152
233.3969
218.5677
209.8111
197.4754
204.2914
206.7537
260.2503
256.9899
248.1830
232.0611
239.6096
219.2922
205.0939
190.7548
189.2448
211.0699
192.2234
233.2653
225.0359
208.5005
214.8751
222.2161
216.8975
245.4772
190.8714
194.8262
201.9646
197.0445
205.8913
196.2212
213.2159
252.4376
210.6628
207.2020
243.0512
196.5476
249.0168
222.7721
247.1616
245.1903
226.0448
229.0317
224.5542
239.2859
205.9667
208.9497
233.4722
205.6848
261.2397
203.4200
246.9610
224.8627
219.1153
217.4904
209.7272
201.5063
191.8150
201.2003
261.0295
262.5304
250.2520
245.9925
227.9238
199.6086
256.8384
204.6918
224.0748
222.5141
226.2004
228.9165
244.7734
200.7313
200.5188
236.8193
235.4154
204.9170
252.7702
199.5454
228.5901
208.0197
245.8913
204.3244
237.2376
214.7584
194.8700
193.1046
198.5324
198.2988
198.8839
252.6975
261.0611
207.8244
235.6258
192.2791
203.9538
204.8654
188.9942
234.5843
236.7376
210.3249
208.0943
232.0249
226.4427
218.1167
217.7958
189.7339
197.3884
229.5673
239.0347
256.3432
233.0383
204.1987
201.8178
228.4014
222.2784
199.8822
201.8393
250.5709
245.8306
229.3850
236.6315
234.2808
244.8356
245.8558
215.6570
190.9304
199.1324
217.7030
199.9056
184.3512
221.5787
219.7550
258.8316
250.0063
221.7876
233.2249
200.1872
234.3934
186.1601
253.3884
205.2652
218.0876
231.0756
223.3443
208.0930
239.4601
248.3565
254.8896
228.1066
245.1548
229.4824
236.7613
201.6038
204.3330
195.6945
214.3318
235.5332
203.1777
196.8460
215.4366
191.6923
187.3941
205.3861
200.8382
233.7620
219.5848
204.3028
206.4641
205.0195
247.8538
238.1640
238.2401
248.9116
256.6854
224.5150
262.7407
218.1258
253.6830
231.2002
232.6531
221.5578
189.6264
205.2860
200.6770
256.1174
262.1186
221.1442
226.6327
240.7818
194.1350
228.4042
247.2966
255.6459
203.2687
198.7499
196.4438
187.7718
206.4699
225.4132
190.6814
223.5992
230.0701
207.6145
213.7585
187.0472
194.5743
248.6527
249.9868
258.4660
184.0033
203.6878
194.7465
222.3423
201.8577
232.9673
226.0387
240.6487
207.3503
208.7505
211.3654
196.3680
213.9255
211.6102
230.3000
196.1053
241.2273
238.4721
207.8806
238.4591
215.2689
205.8430
237.8512
225.5114
255.8395
243.2604
215.4848
213.1780
215.8686
210.0433
194.8454
212.1074
211.3892
203.2597
257.6627
250.4086
226.2492
235.8008
240.5912
217.6325
237.5990
234.3497
259.1790
199.7095
200.2981
198.7368
219.0074
210.8889
225.8465
192.8478
203.3225
210.8391
231.0920
226.6576
188.7692
198.4729
235.0630
214.1621
226.0409
242.7399
220.7368
233.9539
216.9618
244.7814
199.0703
230.9056
204.8668
200.6679
229.5772
257.9381
204.4392
218.1009
231.6186
244.4385
219.8804
236.6196
218.8662
235.9928
234.9659
208.5593
215.1411
251.7411
239.1119
254.8303
228.3097
180.0075
241.7549
249.0687
237.3057
253.7230
260.9015
242.8694
207.1951
218.2252
198.9712
239.5777
252.5334
231.7737
232.5481
208.6774
255.6600
204.6716
216.1514
244.9739
240.9487
237.0455
242.0379
229.4562
262.1428
208.1889
180.0009
259.0196
199.9426
199.2309
197.2404
225.1881
236.6018
216.4676
234.8835
226.6112
204.9300
269.9741
202.0015
209.8901
183.4359
234.0629
197.8249
206.1867
224.0689
266.8667
250.2360
241.4800
237.7176
185.3634
202.7575
233.1979
231.1209
210.8211
201.2733
205.2303
236.7887
230.9880
226.1857
219.8805
216.5488
229.9877
242.7912
239.0402
247.6873
249.6008
203.2709
203.0329
229.7414
232.7478
223.8395
210.7026
202.6372
218.3659
218.4447
193.3734
200.9531
261.7927
261.4702
247.3304
236.0325
231.3277
196.4937
212.0500
211.9634
204.4363
238.3986
199.4075
244.8081
227.9151
199.7745
237.1690
249.6758
237.3628
214.8936
224.9558
244.1653
217.6563
264.7621
248.6413
207.8019
208.7550
228.9205
208.3620
223.8200
245.7062
235.9490
197.0775
223.2504
217.0636
215.8287
231.5059
228.3748
222.7431
220.5289
218.1214
213.7795
208.2289
209.7429
245.4204
257.1427
207.2388
230.0985
245.1267
244.7242
215.2705
261.3830
265.4276
217.2867
212.1685
225.7360
226.9917
201.0701
191.9427
263.1288
206.2759
266.0623
193.1994
201.1349
241.3596
238.2685
225.8583
192.1357
195.8214
215.9408
213.8916
226.4099
197.5667
221.7472
241.9505
241.1448
203.5858
240.8669
227.9079
206.9829
248.1793
239.4450
238.9040
200.0898
204.2346
203.7289
224.8633
232.3155
236.2344
255.7143
249.9469
225.5069
251.4963
251.0632
230.9341
242.5422
190.9732
186.1500
209.8302
219.8079
214.2119
237.0306
202.1328
212.0830
246.1392
246.3929
196.7034
258.5963
251.6652
232.2186
225.3275
256.8749
240.2981
201.8878
197.7582
182.8411
204.5935
232.3158
203.6698
185.2139
210.1979
238.4198
233.0811
209.9824
229.6257
255.1907
234.4223
258.1481
250.0467
238.5175
215.9396
213.1143
203.7591
246.2705
206.5140
199.6179
208.6125
211.6016
250.4718
253.5613
233.8231
232.9340
246.4143
212.2027
202.9478
258.6762
199.2897
226.4722
259.2844
237.4267
229.5964
216.0794
245.2540
217.1968
220.7278
269.0668
205.3040
234.2290
256.5041
219.1484
257.5008
239.9576
249.9044
236.9125
209.3437
245.7285
253.7391
259.7869
241.4852
235.4637
241.5672
220.5046
198.5000
222.3984
222.8029
221.0402
236.6870
211.0884
223.1497
198.4546
218.2044
227.7795
249.6653
235.1832
248.0655
232.3463
200.0997
226.2815
216.5411
233.3151
231.8914
241.9434
232.7142
202.1891
230.4107
249.6702
192.6820
180.0436
229.2215
226.9964
230.6573
223.0120
237.9101
209.2505
211.5764
245.0683
247.1705
205.0487
199.9063
224.9429
212.4466
203.7620
207.4051
206.3730
208.8497
236.5409
229.1131
228.6317
188.7320
189.2278
188.2729
226.9971
223.0317
230.2365
210.2672
215.1102
204.7087
248.3602
234.3811
239.7972
238.1924
251.2931
254.5239
231.4746
237.3986
193.3652
248.9313
221.3844
207.3411
211.8420
198.8672
206.4999
237.3682
219.2858
244.9797
235.4994
231.4524
228.1142
210.2264
217.6910
233.9684
257.4356
237.5529
245.6699
244.1101
230.4868
214.7280
252.2765
238.5605
220.5812
196.7617
204.0425
203.0115
256.2661
257.8113
194.5698
246.4676
251.2288
259.6456
247.6292
227.6041
209.4811
207.2519
254.0528
250.9073
237.4553
233.9368
249.3537
218.2981
221.0316
263.7658
215.5752
224.6688
222.6266
227.8075
227.3898
217.7707
239.3832
235.7155
228.6964
251.5596
247.6006
237.9388
242.6120
240.3459
220.9815
216.1283
235.8192
236.4785
195.7163
228.8886
241.4435
248.7100
197.4380
203.4450
233.6146
231.6569
235.8404
200.7115
236.6843
216.3546
230.7426
255.4095
261.7836
248.7399
211.2547
243.9135
199.5059
231.9475
208.3645
224.0866
195.5548
205.4651
187.5752
236.6908
231.1565
225.5750
199.9324
189.2380
194.0923
207.5656
249.4332
219.8331
186.1198
226.3867
220.8320
232.7539
195.5033
252.4230
260.7716
197.0675
234.1053
210.8300
185.2091
200.7713
202.5270
194.6443
263.5876
214.5843
206.8340
214.5508
199.7055
241.4823
241.3183
200.4300
206.5127
208.2954
201.9213
197.5260
245.7839
229.1694
223.8536
189.1733
213.6721
193.4845
203.2175
217.0316
186.5407
233.5825
237.7236
229.4437
231.2981
229.7522
233.6043
219.0418
262.7514
242.7203
234.5545
245.1081
208.8456
227.8673
218.8705
237.0135
233.4240
226.8875
239.2622
266.5562
212.8248
196.9024
182.3226
194.0954
214.7220
243.7946
259.7570
230.0495
207.0906
230.3985
238.5837
219.6788
242.2056
191.2817
198.1022
225.0078
186.0133
193.0026
208.5063
187.6732
244.0179
235.6719
259.3771
227.4827
219.8137
226.5398
229.0350
199.5566
186.6837
243.1081
217.4518
234.6065
235.6980
237.1192
243.0497
235.0565
247.0296
202.7808
184.6484
198.7899
204.0322
201.3780
212.8208
218.0913
225.3692
221.7400
204.8830
224.7983
237.2589
205.3909
237.1506
235.9581
265.2554
198.8046
235.0616
241.6594
254.2920
255.8891
269.5995
198.4366
184.6488
257.4117
194.8045
263.8340
239.7195
246.0384
252.4987
192.4185
189.5922
251.6412
188.9540
246.0533
258.3659
232.6427
195.5103
204.3257
251.3853
205.7434
250.1334
251.5420
217.6169
186.2028
233.6847
224.1358
204.2874
204.4862
201.9612
202.3095
197.7247
228.6099
229.3222
225.3938
189.7501
252.6831
216.9321
195.4681
232.1020
214.5069
262.8006
215.0150
221.9449
224.7182
226.9211
222.9932
219.7263
221.6130
230.2090
220.2026
182.2943
235.7102
267.6301
242.8562
246.5548
246.1526
265.9616
255.8657
224.6322
227.6492
186.5559
246.5258
211.0375
232.3689
260.9984
238.2201
254.9703
229.1123
226.0136
209.9443
208.1594
264.6176
263.7661
187.0272
238.2418
248.7156
262.1189
264.0370
201.3765
234.6193
220.0971
256.6845
226.2565
268.3985
194.0551
220.9220
244.4586
217.1631
211.1055
229.2726
258.5709
250.8065
227.2460
225.3098
195.8307
215.8500
237.1202
255.5438
222.8425
251.8134
239.7335
206.4060
261.7889
212.8669
184.3729
255.3336
256.2072
219.8611
218.5631
217.6247
219.3675
236.2601
258.1958
229.6475
229.5609
244.2488
252.9553
256.2599
257.1734
257.4718
217.2631
237.0297
253.8216
200.6865
185.2843
194.1712
257.8433
241.9385
242.9784
237.7224
226.8013
260.2634
233.4897
230.0622
233.7790
195.6678
250.3471
260.2560
225.3560
201.4528
222.2659
233.2770
226.5794
210.0459
237.4440
250.1707
193.3444
240.1405
202.7308
259.7122
251.8072
240.8014
250.0342
259.8844
218.4380
212.4985
238.8001
214.4250
254.0957
195.6438
193.2477
211.4665
248.0302
225.4980
243.4572
266.7387
195.6054
237.6877
243.0188
219.7108
254.9255
221.5999
208.3729
207.0852
224.6350
251.0768
259.7230
240.2950
225.0092
245.2145
213.1733
239.6375
228.5263
222.8667
240.0768
210.4071
243.9635
250.0750
191.2660
197.9371
237.5115
185.6938
260.5591
192.6179
248.5085
239.9971
255.2585
231.8426
254.2399
212.5328
243.4062
242.6401
215.0656
203.3962
237.2258
254.7745
243.9364
256.4684
210.9618
201.8651
258.6637
206.3443
235.4843
211.7615
237.6341
219.9789
228.3586
234.7598
261.6807
259.6830
268.0579
217.9438
211.0742
220.4794
256.4552
191.2394
253.0730
251.2970
252.4717
228.0057
247.8612
221.1432
189.9351
197.8515
228.7637
235.4623
256.6292
227.0233
223.3904
202.2842
215.5196
226.2277
200.8066
248.6411
246.8481
204.2999
254.0620
199.4831
257.9575
249.7013
244.0788
244.2606
259.7355
230.6207
231.6111
233.7128
185.1197
214.1375
209.6062
240.9350
251.4298
252.1188
236.7821
204.5323
221.5381
249.2126
237.6829
214.9697
245.5408
227.8383
247.3899
222.9565
235.3375
216.0901
255.6795
263.6966
250.5571
252.9800
241.7810
199.6039
205.9995
242.3563
199.7700
181.8590
221.8738
204.7757
214.9975
250.1097
240.0496
231.0098
212.9938
204.8910
217.9850
225.1573
221.5456
251.5163
203.5481
259.3948
248.4943
255.0064
220.9521
247.2667
236.2975
230.9729
261.4961
235.9129
184.7144
227.2781
251.2153
260.5646
233.9306
242.7782
245.7179
249.0608
249.9690
244.0166
195.8422
217.5687
202.7048
238.0675
262.1893
256.4529
243.0290
223.3390
202.9440
251.7543
216.7168
247.4607
235.6510
242.3121
195.5399
259.6112
203.9352
237.0388
202.5607
244.6113
236.0632
259.2747
200.2650
189.9653
234.0455
251.9111
208.4272
264.3729
257.9630
218.2691
189.2561
213.0576
249.2161
229.0014
219.4298
217.4957
190.8725
231.0407
220.7837
248.5344
214.6410
213.0130
211.8421
262.3481
206.7893
262.4242
256.4828
215.5001
227.0502
248.8349
199.2795
223.1099
246.5706
265.3500
244.2738
263.7358
228.8277
243.6959
236.7792
250.1202
188.1140
182.3214
251.1795
209.4538
258.5898
231.3226
225.5338
259.4121
225.5654
201.6479
189.1357
230.8270
215.4218
254.0562
193.2283
207.8213
228.9736
186.8084
188.5122
237.5719
184.0713
207.8134
220.3733
207.4809
216.9677
231.7228
235.3611
237.0354
243.9649
267.3623
253.0207
203.1211
216.8285
230.1913
222.4097
266.9572
262.6795
202.2917
183.6208
250.0361
218.9909
237.7105
227.4131
256.5769
182.8394
232.2668
256.0896
238.5609
194.1086
200.9627
248.1369
255.9090
251.2501
206.5913
212.3008
220.9995
204.8292
244.4995
268.6080
222.1606
207.9933
229.1378
225.8520
203.3193
183.7642
230.0276
240.8813
264.4612
180.3449
207.5973
251.5364
224.0252
181.1795
228.7408
199.0900
187.5103
231.3059
260.0968
193.9336
199.9173
255.0017
235.1349
248.6549
205.2546
237.8402
234.3239
252.8703
250.7178
236.9758
193.3341
220.1008
218.6821
228.9847
192.7784
231.7717
250.6422
192.1306
266.4554
193.8344
245.1278
250.9142
248.8219
244.9614
243.6808
229.0905
202.7032
205.9487
258.4173
239.1941
220.4120
210.6952
255.2463
249.7793
230.2316
241.2214
266.9813
222.7858
195.5330
205.9505
207.1651
209.3603
263.8359
204.3529
181.7614
205.4664
267.1706
207.9559
265.2681
230.9343
245.4591
240.7778
197.8476
266.0452
258.3272
228.3392
243.1649
256.2757
208.5995
197.5278
233.8811
235.8391
267.5099
232.6642
266.0885
240.1585
247.3164
196.4450
240.3127
253.4230
241.7198
251.9166
244.6922
217.4795
240.8121
232.0229
244.0909
225.7306
258.1556
256.4464
189.3343
265.6911
218.6610
196.4214
253.7950
248.7046
223.6511
195.5213
180.0002
238.2148
201.1647
269.1550
216.4440
223.5317
187.5148
231.6590
239.4678
264.7670
230.5723
216.9171
228.9136
201.1941
222.5756
215.9567
239.5562
225.0311
193.4599
205.7514
202.0794
225.0592
256.2397
254.2607
213.1303
238.4143
195.5184
214.9716
193.9356
221.5606
257.3774
217.0182
201.3521
235.8636
245.1710
202.5473
246.0270
243.5099
217.2617
208.0841
239.5634
244.4803
256.0952
242.9997
204.2986
213.7314
270.0000
205.3742
241.1597
223.9449
244.6488
239.8107
216.4024
228.5876
241.2575
221.3268
209.6756
248.2870
194.8253
223.1323
247.6294
232.0737
222.3993
253.4362
257.2123
198.8567
207.8283
249.1827
247.6350
194.0891
200.4967
212.7570
249.2516
216.9802
197.1805
198.2429
216.2237
239.1767
250.1688
240.9064
241.8708
239.0377
265.6058
224.8747
190.9781
208.0464
204.3296
201.4046
223.8949
242.6212
206.7481
252.3111
251.9360
202.4565
193.0039
249.1604
235.8533
254.0096
213.0811
252.4579
244.2786
235.5455
260.5915
223.9583
232.5995
241.5854
180.0484
254.4051
210.3847
219.4899
241.7379
228.4358
232.2169
222.0530
232.5643
232.0058
244.2771
245.6178
236.4483
221.3978
205.7304
253.7221
198.1175
226.2966
228.5443
247.3063
252.3754
253.7172
255.8774
186.4548
229.4010
256.3338
206.3502
264.5927
214.6313
239.1689
236.0516
245.4202
187.5295
245.7880
209.5078
249.4169
225.7049
212.0942
247.3472
222.5241
226.3564
245.4377
259.2183
194.9680
190.0266
243.8964
226.8057
208.4549
237.2062
186.2055
241.7002
257.9704
226.6094
212.9902
234.9990
182.3683
263.5888
239.9194
205.7755
215.4171
249.5840
229.6867
231.2543
192.6229
218.4154
187.3093
206.1044
187.1838
186.5157
189.2908
196.5271
220.5413
211.7426
189.4149
247.8402
192.6994
224.9613
217.3142
247.4690
249.8798
215.7818
217.2398
228.5235
238.7367
215.0724
231.1056
232.8129
204.8761
190.1637
237.4484
240.4039
220.0755
222.0769
243.0560
195.9842
187.4459
211.8519
197.2617
185.4482
219.5170
217.2178
239.5165
244.9834
217.0463
246.6856
195.1204
208.6246
215.9144
221.7019
237.1922
226.4083
183.4500
205.0968
203.8418
234.7190
220.4170
230.6503
242.3806
230.1405
235.9609
239.8195
204.5420
232.2769
233.0365
241.5287
262.2424
259.6454
224.9198
227.7456
208.9464
217.8801
224.3674
201.7666
207.0676
240.5285
224.6840
193.3845
200.1426
219.9039
233.6528
213.5415
223.9889
209.3376
192.7515
248.1006
241.8281
233.9013
240.5666
224.9660
222.0755
228.6464
195.3639
229.9732
251.9396
222.4770
212.7208
247.4498
244.2155
211.0050
213.8778
198.5432
186.6826
190.2775
214.6683
219.6869
241.5356
224.2743
230.4766
248.2925
238.1079
234.6612
187.0352
189.6759
232.1995
218.6416
201.3927
220.6401
200.1421
220.3026
236.9630
245.6629
200.7763
247.6414
215.7563
234.3261
218.4714
244.1658
240.5777
254.4418
190.5161
192.0186
218.0107
234.5574
241.0976
225.7047
201.7363
196.6716
256.0710
254.8985
210.0707
195.9539
244.9082
203.7154
222.4614
259.9905
219.5798
220.7820
207.1057
222.3888
239.6172
189.8427
194.2519
203.8732
254.6182
259.0483
244.7424
245.5387
207.5814
210.4656
260.8777
262.6498
254.5663
202.8093
213.2452
221.1565
244.0104
244.0206
240.1621
251.2269
258.7486
232.0522
204.6696
220.8997
219.8501
217.4686
199.7166
245.6537
238.9337
221.9170
199.5963
206.9544
205.5347
257.4796
223.4501
225.9097
266.6633
244.2419
198.1568
216.1001
207.1162
239.4901
217.7829
231.5439
206.3960
214.3902
198.3181
203.2682
188.8698
213.4615
260.5562
241.5898
239.5889
251.3739
242.3371
238.0592
187.6494
192.5669
196.8683
194.3479
210.3826
210.1262
215.7833
216.9719
230.9938
199.1229
209.2524
203.4219
229.4807
211.0298
254.6198
207.5503
208.1246
213.8649
230.1459
197.6630
196.2933
216.8017
217.1587
228.3958
254.6014
213.5941
188.1576
191.0641
233.2093
246.6091
191.8456
213.9721
233.1344
211.4098
205.4428
204.3992
245.5621
225.7332
242.5441
233.4269
257.2693
254.5759
239.2833
249.8291
221.5801
224.3057
213.7754
224.1803
225.5892
225.5241
212.9408
239.8887
213.5189
226.8132
187.4510
258.1541
226.4012
243.6795
246.2929
245.4391
241.3919
223.3853
227.5659
250.9049
220.9895
232.3574
251.1390
237.2812
211.1297
237.5203
206.2599
248.5850
253.4735
235.0587
235.1343
242.6924
235.8014
237.4566
199.2587
248.5337
258.4648
260.9224
258.6705
256.8343
234.4559
187.5042
255.6864
240.6953
221.2500
226.7268
190.0461
202.7704
225.4538
208.3686
233.3206
250.3812
245.6444
246.5994
249.3921
245.6531
245.4547
232.2211
231.9014
216.6926
199.1602
235.7205
239.6572
210.2349
225.9860
223.2853
187.4849
191.0247
223.4629
211.4408
251.6321
241.5789
256.2079
244.9860
241.0558
232.6234
252.5769
215.0082
247.6112
251.2102
198.8807
188.2541
232.1291
241.7828
250.5636
252.1101
238.0678
257.2960
254.4449
224.7905
232.1653
249.4611
236.8484
205.6401
236.1226
234.1424
231.3818
216.5997
197.6974
246.3737
244.9014
220.6565
219.8735
216.2655
208.9096
189.4533
189.6858
249.9963
219.5127
236.2700
254.1774
239.3482
228.5386
245.9742
233.4580
250.1519
248.9971
205.4185
203.8876
232.6818
245.1201
211.3063
237.2981
232.1856
244.6399
247.9721
197.6502
187.6443
201.1401
261.4082
215.9879
253.5133
251.7461
198.3706
247.9434
211.8627
198.9442
210.7059
189.6650
202.5152
235.0658
231.6700
218.4154
223.9681
228.0240
223.4353
217.5500
244.2660
233.8385
218.9394
215.6755
227.9268
247.4059
185.3363
230.3258
220.2874
245.9815
220.3730
198.0017
195.8531
234.8733
221.0162
240.6667
221.4286
240.4152
266.4598
221.6468
248.0632
205.8759
213.9050
204.0501
207.2433
247.1838
200.7048
220.2223
243.8317
216.0459
260.3869
267.2393
236.3600
216.6461
246.8689
246.6779
243.2711
260.2142
221.8660
246.1511
228.2438
262.3758
208.6769
226.7523
218.7253
269.7099
244.0523
217.6872
239.1538
256.4540
220.4133
242.3435
237.2387
226.3079
191.4212
230.2816
209.7777
205.3883
190.7403
189.3681
230.8597
245.4909
234.0111
188.9461
252.1923
214.2434
229.4823
204.4181
243.5072
194.6287
214.5450
240.6715
243.2065
192.3728
210.8750
220.8519
252.6860
211.2288
213.2551
213.0986
202.2357
226.7164
234.4328
221.4968
221.7939
202.9025
233.9058
234.4877
206.9930
268.0376
222.6709
188.3035
212.6625
205.9776
230.6998
193.8379
210.9228
220.2960
214.7183
215.5874
255.9389
244.2242
247.2514
228.4928
190.7092
246.7021
252.0052
198.0811
240.1861
247.3858
242.6253
208.2302
250.4380
206.9279
209.6778
223.9764
207.6060
196.7283
186.1930
260.6841
258.6483
218.0914
220.2441
218.3951
261.8513
204.2482
204.9759
196.0132
212.8361
228.2038
210.1276
226.5006
203.9445
207.4045
197.7244
203.2237
254.3989
187.2612
225.3579
231.2115
225.5311
196.2531
227.6211
194.3559
198.0464
196.9465
245.5830
237.8210
220.5382
224.5140
221.7184
215.3970
201.2739
228.4821
206.1401
230.1377
246.1640
240.4672
251.7970
217.5610
240.3256
228.4873
246.5230
190.3197
189.2774
239.9231
241.4927
231.5261
227.9328
238.1812
232.7860
211.6498
193.3399
240.7826
213.3651
254.0297
245.5838
194.5725
205.8287
238.1044
242.7062
215.1027
213.6176
220.2633
214.8255
251.3728
253.1453
189.7774
243.5573
246.1808
252.1699
255.0642
205.6005
199.6953
200.8843
210.4365
222.3828
243.1849
239.8998
221.1459
231.5746
206.7080
217.1552
251.1749
187.4556
205.4073
214.1119
247.4527
220.3085
218.0991
214.2990
233.2091
197.2752
200.4120
214.4204
220.2702
216.3194
225.9127
216.8539
235.3531
212.2492
222.8729
247.4502
240.8161
248.8622
208.1896
265.4165
189.5886
190.4921
233.0967
201.7061
235.9456
241.3172
265.8281
249.1309
217.2636
210.4283
250.6773
249.3603
236.3707
196.8661
232.8981
229.1049
211.7281
252.3101
233.4262
227.6688
261.3684
235.7690
234.4815
242.0918
229.2802
229.7004
238.2558
253.7270
249.3956
243.7570
221.0981
254.4711
252.6306
221.9417
237.7264
210.7381
207.3186
210.2585
225.2177
211.6936
230.3971
216.9031
223.9845
236.2910
240.8980
234.6130
195.3964
257.5123
255.5153
211.2309
228.4635
235.5426
237.4161
229.5975
212.7635
255.5767
225.5288
203.2202
197.2983
244.5056
240.4405
231.0907
264.3336
255.6191
210.2031
203.6092
246.5186
246.5164
206.3044
211.4993
228.7961
231.2984
222.1855
226.0539
236.9432
262.2201
243.8205
248.4817
252.5047
229.9707
206.6126
224.9232
237.9311
194.4193
250.2195
263.1668
217.3465
201.3166
219.7992
230.8990
236.5549
263.3234
262.3568
217.6986
218.9434
219.1207
256.7068
226.1922
224.4603
200.9369
207.5406
206.5093
223.7704
198.4822
225.0044
236.3548
208.9099
188.1422
213.2175
200.6758
205.6535
249.2655
244.8455
208.8945
205.8018
229.1840
218.9088
230.3448
234.4122
212.2292
191.8695
210.6036
193.9613
258.4898
238.0076
210.6033
257.1990
213.8684
261.6408
221.9108
237.5171
214.4290
217.7741
232.0007
228.7776
256.4720
209.1181
230.5075
248.5572
208.9901
233.3891
196.0419
243.6162
251.5736
194.6616
197.5796
201.1623
212.0456
244.2053
213.0646
236.1477
216.5348
208.0435
255.5505
212.9825
222.0026
205.4656
196.0361
210.9533
239.8045
228.1335
201.0236
240.6845
198.4285
238.0845
218.1389
239.9803
262.5596
195.3392
204.5698
244.5994
253.5943
259.9840
234.5675
