244.5311
251.6129
230.1978
219.1968
180.0126
256.3293
183.8324
183.8233
249.4932
225.2709
223.4789
248.8072
214.7465
249.7999
228.4157
247.1123
189.0156
232.9985
180.0038
218.1794
219.1955
227.6033
217.0368
239.5707
258.2650
213.0200
198.2825
269.8831
242.2666
214.0309
230.8708
227.7024
208.8697
214.0651
199.5272
217.7928
233.4367
230.1719
186.9269
249.9842
240.6101
223.3509
263.3432
220.3879
248.6303
235.5260
258.1417
247.1386
266.2580
244.5903
186.8170
226.6676
183.8268
198.7007
269.6426
218.4826
233.5245
221.1472
224.9468
230.2102
218.2718
222.5279
207.6058
198.6502
211.8140
213.2843
191.9027
235.4375
199.8172
190.9098
230.7916
235.8267
265.6245
263.6999
252.6521
245.7137
208.6243
208.0677
209.3319
204.5075
218.0654
196.8870
186.5931
237.5301
234.5675
202.7810
185.7351
204.4892
200.1114
209.5377
205.9677
225.2741
219.5158
237.7797
232.5739
208.1000
246.5131
255.3651
255.3009
197.4218
201.8920
231.0837
223.4962
232.2672
244.2358
226.5491
209.4639
212.9797
240.5457
232.3246
217.2342
218.8382
226.1409
218.3952
252.7429
242.5066
221.4528
219.9447
233.0519
245.7176
218.1236
215.1211
191.7818
189.3004
188.3932
193.3089
189.5806
192.8357
217.1750
218.8150
235.0967
227.9846
227.8001
229.4770
248.5002
222.7287
232.7677
202.0824
241.7772
208.8888
239.2304
249.1763
247.4149
249.0470
198.2808
194.5409
188.6038
192.5518
208.3708
221.7345
223.1922
241.6117
244.2572
243.7297
239.2320
204.5493
222.3752
225.9966
250.7143
217.8345
220.5847
259.2753
241.4537
218.9543
226.7163
195.3133
192.8143
250.0105
231.3043
209.8723
206.5298
208.9013
207.1176
207.7082
214.0073
215.2282
267.4561
240.6750
219.7266
246.9976
199.2559
197.8923
198.8755
241.0192
216.4026
193.8799
192.2655
234.2729
221.4675
217.4668
191.2098
211.2378
210.8635
221.3997
220.9366
225.6983
187.8202
189.9478
224.8283
241.7672
191.6881
206.7402
249.9008
208.0489
224.1759
229.1473
223.6037
210.0122
226.0503
227.3850
256.4113
262.5796
205.5053
234.9965
235.1842
248.5456
244.5665
260.5502
232.5869
239.0406
228.5477
248.0531
240.8123
195.5152
227.7842
231.8453
243.8677
210.7309
243.9340
247.5604
258.9841
258.1833
244.4433
207.2864
212.8304
239.8609
211.8052
222.1857
251.0343
212.0395
230.0711
203.8656
256.5418
228.1549
238.2962
247.6383
241.1030
223.5056
253.6981
246.4123
246.6666
212.2849
249.8789
253.2896
205.8909
217.0456
189.6482
213.1132
246.4509
223.9350
259.0286
216.4858
233.1116
224.1323
192.1364
206.3458
221.2913
231.0570
238.1148
214.3193
222.1221
203.5145
217.3726
255.0569
207.3019
214.4348
215.1560
214.4899
239.5898
234.6337
238.6004
246.5856
246.4383
218.8361
256.3873
249.4404
231.7684
234.3605
225.0320
233.4045
263.8500
240.3103
222.6027
239.0941
188.0954
200.1753
237.7170
234.2339
238.5669
186.4086
182.9387
216.4552
215.2074
200.1484
244.6949
252.4688
222.9692
206.9834
194.1327
187.4139
206.7628
239.2751
232.7921
234.6168
259.0637
259.1276
254.6515
243.8375
196.7774
199.8391
216.4886
242.9932
242.2001
236.1719
196.1971
196.7722
211.8187
246.6865
231.3836
209.0543
230.9546
214.3541
252.3229
255.4705
237.8346
239.1576
248.4365
225.0976
229.4785
231.3550
214.0406
226.6484
190.1213
185.5789
230.6829
233.6363
196.9617
189.4267
189.6635
211.3948
265.4451
264.3193
207.8219
220.9254
238.6441
233.7249
230.9934
230.7990
233.5124
202.1409
194.1276
194.5733
223.6257
223.3156
225.8789
217.5405
242.7663
225.4676
211.7851
232.5747
209.3593
194.2729
195.1786
198.7634
201.6652
186.8223
191.8616
251.4013
246.2216
189.3238
191.5812
254.4858
245.3446
207.8540
202.3406
227.7221
235.9155
239.7616
196.7756
228.5842
223.2897
208.1981
213.4085
204.3551
200.9884
231.4049
257.2827
239.8726
253.5240
204.9027
211.4965
215.4440
209.0961
224.0668
214.0803
216.9802
194.8931
234.6583
226.3362
230.2404
219.0034
211.3502
198.9935
210.3010
218.0694
213.5330
212.7766
210.0001
233.0487
235.0307
208.7127
225.6288
222.0788
209.7056
213.8710
204.2489
244.7480
214.5904
226.5999
231.5658
194.1645
197.0695
227.4872
238.0374
226.9304
225.3501
195.7875
214.4516
194.2848
190.6156
226.5160
236.2573
221.6519
180.0472
212.5319
212.0245
221.5540
237.7474
207.5932
204.1436
216.6272
218.1524
209.9051
211.1608
208.9082
251.1769
237.0928
231.6519
222.0354
228.5395
208.3247
221.1014
219.5643
247.2372
238.3973
257.0186
216.9726
220.3777
237.3997
255.5352
229.3998
204.6721
219.6840
191.4687
192.0478
211.9704
219.1446
217.3964
224.7450
196.9275
196.3030
215.9395
234.0537
236.0502
229.2158
230.8187
229.7040
198.4752
204.5330
204.8889
212.6967
251.7056
217.3662
198.7303
197.4923
245.9982
247.1089
236.5118
237.6338
216.4752
209.6862
249.1993
251.3037
206.4934
203.9806
231.2845
245.4321
229.0465
205.1038
211.3362
218.9998
207.3483
213.6244
227.1962
244.7639
242.9125
217.2174
221.8113
222.7274
251.5027
237.5630
241.3368
205.5614
210.9081
229.6264
230.1839
232.1190
229.4026
193.5948
192.3745
243.0078
234.1383
197.6943
194.7488
236.8348
217.4664
225.9963
223.5562
234.7574
231.4924
219.6670
251.8366
207.5578
249.4529
229.6999
229.9282
257.8975
258.7859
208.4852
237.5020
255.0899
221.2298
219.4868
196.3643
199.4300
213.3382
201.5614
231.5407
233.6951
196.0725
208.7659
249.4133
249.0867
228.9384
203.9786
234.7602
213.5081
245.4043
200.1482
230.3323
219.8886
231.1980
240.9077
248.3318
214.7439
218.3530
227.1686
252.6763
248.3368
268.5314
214.0405
233.6363
247.8103
233.1147
205.7442
210.0751
219.6008
236.0739
248.3751
243.0438
233.3508
244.8959
243.0768
189.7071
209.2072
242.0214
258.0148
231.7601
233.6767
244.2207
256.8289
232.5663
247.5974
214.0606
243.8649
229.5341
233.1623
201.1464
203.6545
220.5374
243.3799
241.8733
247.4265
249.2226
237.5054
221.5487
184.0428
204.7907
226.8420
242.2952
217.3295
193.7610
236.6498
243.8877
224.9164
223.5958
236.6290
226.5726
238.6892
243.9971
235.6774
241.2062
184.1612
232.6884
249.7762
245.5771
238.7994
242.1953
237.3584
237.6253
244.7654
232.1806
211.7308
234.3266
231.8445
219.6771
237.7698
218.0140
230.5683
239.0359
235.9063
245.7703
223.5835
247.3464
212.5463
227.1868
224.7458
250.3739
196.6554
218.2373
235.7919
226.5741
222.8504
197.4126
204.9399
262.7120
262.3638
201.2989
223.5107
207.2873
233.2285
237.8105
245.2952
240.9778
208.0157
227.8764
209.9962
237.2026
209.9838
226.4298
243.7024
222.0048
221.8310
237.5365
212.8059
229.9862
227.3570
197.4730
201.6427
206.9016
224.7134
209.2367
241.2092
211.6742
213.5517
260.6535
193.6242
233.2934
240.0086
195.6412
248.0749
194.1833
203.9336
238.2700
201.0231
218.6333
182.3185
221.3996
206.6963
209.3182
190.9315
209.1954
218.0159
223.7923
246.7890
235.5772
243.4902
243.4113
258.3535
236.3754
245.7885
224.4647
200.0920
211.9681
221.9896
226.4098
234.7407
209.5695
225.8749
242.9716
220.5273
230.2154
253.2697
198.5469
262.3133
255.6495
192.0368
227.9663
253.1623
242.4284
241.9208
252.0353
211.4721
256.9140
251.1968
223.5464
242.2030
238.8157
220.5851
247.1924
208.0642
210.5659
191.6889
190.2026
210.6072
201.9748
225.5026
244.1810
212.5691
216.5020
231.3362
190.2723
267.8297
218.1634
243.2585
232.2737
202.4837
225.5999
202.0792
194.5098
196.9836
219.8938
204.7108
237.3421
225.9533
262.7432
254.0852
213.6311
256.9837
216.8465
211.7007
245.5110
199.1327
217.0974
245.8961
245.9555
206.0687
229.3207
240.3691
243.6708
213.4623
202.1594
231.5399
219.8797
224.7503
202.9001
265.5358
254.1565
223.2239
216.0874
199.8053
241.9395
221.6053
263.4501
251.2622
207.3606
224.1862
203.3242
214.2703
230.1711
222.7542
216.6730
241.1817
255.2229
213.2485
209.9078
201.3261
208.4953
241.8092
220.7623
219.0360
250.1756
224.7020
200.0198
228.0218
218.6246
193.1736
236.5939
223.9123
227.1989
217.6538
216.4137
245.1777
241.8021
209.9834
218.2291
241.1357
245.9173
207.8918
214.9868
226.9483
224.7263
233.6995
211.0386
206.9808
210.9889
196.2629
199.8283
243.5043
246.3764
247.1014
225.3479
231.0324
210.7709
234.0613
229.1355
241.7887
217.9655
224.5237
207.9331
226.0383
205.6788
227.2421
239.4348
236.9393
225.8590
210.5626
231.4912
246.4844
252.9272
220.1618
215.5864
253.4795
214.2458
232.4819
237.9665
247.0714
248.1100
196.9248
198.5219
238.8839
258.7827
206.3944
206.7862
215.6898
249.8439
234.3594
233.7401
258.0081
231.8011
229.7127
237.6524
237.1318
255.5791
193.6479
188.9917
249.2608
229.2803
209.5162
237.5584
242.7314
251.4896
216.8068
251.4819
255.3214
207.4037
261.2769
239.3654
239.7390
238.6916
241.8241
191.8146
190.8335
201.0318
233.1613
245.8701
210.8490
213.5240
249.4158
247.5027
196.5762
196.7921
210.5603
246.2004
250.1215
239.2716
222.0838
222.0679
243.2145
239.3856
211.2024
214.0983
246.2400
243.4344
212.6960
209.2895
255.1052
210.3264
204.6117
247.5362
245.5974
242.1820
255.4644
215.6122
217.9489
254.7415
244.6596
208.8445
231.3261
228.4874
243.8410
242.3113
241.2155
238.3191
237.2505
248.6979
255.1040
232.6775
242.0325
237.0283
232.0283
214.7370
240.6925
221.8683
222.5072
220.1436
218.1343
241.6650
221.1907
238.3946
207.5814
269.9048
220.7955
208.8249
203.6878
201.5500
232.6315
234.0122
200.3677
208.4085
260.4594
253.4722
240.2602
220.8347
218.3307
216.3329
231.6877
217.2040
209.0866
197.4312
205.4690
206.4743
259.6347
256.7184
247.0722
230.2330
238.1283
218.1856
205.9292
191.0484
189.2759
212.7034
193.2413
234.8130
226.4561
209.2686
216.0996
220.9104
216.9955
241.9021
192.2272
195.0847
201.6846
196.9795
207.2695
197.6786
213.7440
252.2072
210.1931
206.7601
240.6113
198.3309
246.5971
222.9901
246.5335
245.1931
228.4108
229.8874
221.9056
237.3039
206.4481
209.6133
230.8814
206.0015
260.5092
207.1503
246.0636
225.5322
220.0126
217.4190
210.2665
201.9870
191.9722
200.9158
259.9575
261.4125
249.3399
243.3523
223.2371
201.3532
255.1546
206.2233
222.8069
223.7719
226.8451
230.3464
242.7743
201.3478
201.3217
236.9865
236.1126
203.8647
253.4862
199.6022
228.2642
207.1380
242.7159
204.3211
234.1014
214.2481
196.6237
194.0742
199.3851
199.3939
198.8424
252.9608
261.1835
211.6866
235.1536
193.2916
203.6872
206.1401
189.1752
235.4931
239.8201
210.8214
208.7781
231.3070
226.3725
218.0147
219.3618
190.5680
197.1573
231.5764
238.5952
254.6393
232.1714
203.2562
201.4318
227.9026
220.4304
200.5467
202.9027
251.2661
242.2930
231.1699
236.1845
232.7237
244.7618
245.5352
213.5924
191.0851
199.6625
220.0228
199.6023
185.0162
223.5786
221.9344
258.5651
249.4270
219.7289
234.2763
199.2235
230.6021
186.7555
251.4409
206.8920
218.5532
227.9743
220.5081
210.3165
237.9947
248.9753
254.5160
228.3307
244.7257
229.9364
236.8046
202.8110
205.3757
196.0524
214.8365
235.6406
203.8535
196.9455
213.6446
191.8119
187.8942
205.4141
202.9368
231.8028
220.2528
205.4390
208.8500
207.5995
244.8122
234.7526
236.8924
248.8214
255.3815
229.1422
261.8249
218.1754
252.5993
227.4646
229.0291
218.7448
191.0481
206.3405
202.6620
255.6339
262.0636
221.8385
226.1618
240.9086
196.2662
228.2638
245.2731
255.4754
205.1340
198.8397
195.9365
187.9148
206.5014
225.4653
191.5954
224.7198
229.9726
210.5629
217.2711
188.0891
194.2477
245.2931
250.7612
257.2330
184.4768
203.8738
195.6677
220.1054
203.9714
231.8581
224.1579
238.5360
206.8053
208.2077
210.2428
196.5280
214.1145
214.2191
225.5776
196.5055
239.2949
235.0416
206.9968
238.8449
215.4833
204.3452
238.9485
228.7171
255.3515
240.0138
216.0639
212.2244
214.8437
209.4686
194.2580
213.0012
210.1915
205.4536
256.8198
247.8922
223.7728
235.4021
239.2046
215.4721
236.2928
234.0373
259.2232
202.1310
202.4125
201.0960
221.7782
214.5853
225.2735
193.4415
206.2299
213.9973
231.2803
229.5394
188.4926
198.0104
231.9313
213.8624
224.7889
242.1237
220.1932
234.5619
216.9034
246.1707
198.3735
229.2618
207.6662
201.0402
228.3347
256.2369
207.6489
219.3540
232.2663
245.1415
221.6389
237.3086
218.2994
234.4625
232.9939
209.3726
216.5318
249.0285
239.4243
256.1254
225.8777
180.0083
242.6790
249.2349
237.4470
254.0707
261.1356
238.8590
207.1313
219.9866
199.4551
238.5781
252.8932
229.4103
233.2875
207.6583
255.9248
203.4687
217.0518
242.3746
239.4703
237.5339
242.2437
230.3614
261.4726
207.0501
180.0010
260.1203
199.9702
199.2894
199.6698
222.8320
238.5130
214.2506
230.8477
227.0376
207.7641
269.9742
202.7010
209.1926
183.9393
232.4426
198.8784
206.2945
225.5455
266.3860
249.5588
241.7122
237.4613
185.5417
205.4135
232.3046
230.0013
213.3936
203.1620
206.7269
235.3484
231.6389
227.3519
222.2252
219.5314
227.8474
239.6936
238.8785
247.7046
249.0021
203.1142
203.2089
230.2753
232.6573
224.4290
211.0384
201.8973
218.5050
217.3916
193.0988
200.3618
261.4405
262.0294
247.9526
236.8998
227.5537
198.6902
212.8417
212.9093
206.4485
236.1749
201.5852
243.4303
229.0315
200.0696
236.5769
248.1362
235.8305
216.9129
226.0253
244.4121
220.8183
264.4687
250.0025
207.8590
208.8312
229.2661
211.2468
224.8392
246.1706
237.2199
196.7110
222.4263
217.4780
215.6935
231.9382
228.5730
222.4330
220.8797
218.1456
213.8760
208.5021
209.7006
246.7386
256.1298
207.6562
228.0170
243.9435
242.3376
215.2573
260.9421
265.5504
217.3153
212.3143
224.5292
226.4792
201.2748
192.6912
262.4223
206.7256
266.1005
193.3104
200.0899
240.8804
236.8888
225.6370
193.7964
196.3936
215.8852
213.7548
224.7923
199.7608
220.8018
241.3652
241.2314
203.9747
238.7491
227.6558
207.5118
247.5519
235.9947
235.6744
201.0878
205.4538
204.6315
224.0763
231.2274
235.5385
254.5200
249.6045
226.5979
250.4093
250.5773
232.2055
241.1475
191.9411
186.5960
210.9159
220.5067
215.8134
234.6221
204.7964
215.4982
245.8989
246.1902
199.1001
258.3476
251.2879
233.1299
225.7785
256.6070
239.8584
202.8051
198.5449
182.9555
206.5607
230.4383
203.8880
186.0349
209.4201
239.2386
234.0286
211.8528
229.7505
253.0027
234.5324
257.4593
248.6866
238.5532
217.4137
214.9326
205.8878
243.9555
204.9814
199.2440
211.0586
212.6724
249.9323
252.7133
233.9701
232.8439
246.1244
212.4710
206.4876
259.7020
200.2814
228.7859
259.1742
236.0490
230.2640
217.1117
245.3754
216.6357
221.3493
269.0174
203.2656
234.5836
255.7915
220.9579
256.1515
238.8708
250.1453
236.3192
208.3536
245.5356
253.3281
258.5169
239.9446
235.4355
240.1250
221.7519
200.5566
224.6500
223.6482
218.6151
236.1126
210.0561
220.9843
199.6932
218.3036
227.7915
249.4750
233.4911
246.9560
232.8821
201.9551
225.7051
216.6680
231.2986
233.4738
241.6968
231.1079
202.6567
227.8407
246.5129
193.2882
180.0412
229.4532
225.4118
230.1366
220.8124
237.9629
209.5823
211.4129
245.4291
246.6292
205.0672
201.8078
226.3297
212.4935
203.6810
207.7910
210.3701
212.1238
233.4406
229.4488
229.2720
190.0169
189.5336
188.5740
226.7106
223.9826
232.5725
211.2156
216.1267
205.6353
246.1019
233.1137
239.9671
238.4081
251.0314
254.2227
231.2416
237.7131
193.2464
248.5320
224.3101
208.3914
212.9343
198.0031
205.2826
235.3953
218.6891
243.2513
232.6267
231.5085
227.6389
212.6819
216.8627
233.8826
256.9060
236.2683
244.7076
243.4756
230.7853
217.3771
251.6638
237.1267
217.4587
197.9143
206.2290
204.5597
255.4578
257.4203
194.7950
246.7383
250.2264
259.1762
247.5888
226.6425
209.3284
207.8604
253.0043
248.6128
237.9903
234.4789
249.8341
216.5941
221.1191
264.3096
215.7448
225.0932
220.9880
227.8043
228.5335
220.3486
240.8892
234.7564
227.8021
251.5190
247.7071
238.9758
242.6318
239.8064
220.1019
215.9788
235.4286
235.7823
198.1653
232.2234
241.5401
249.1557
197.5236
204.3517
233.1399
231.1099
235.2311
199.4660
236.0824
216.9427
230.3852
255.7819
261.3344
249.1372
211.6197
241.8908
202.2362
232.0348
209.9998
224.0828
196.6398
206.4666
187.9069
236.7201
230.1736
224.5443
200.3596
189.7751
195.0200
208.0703
247.5389
219.8052
186.3870
227.2312
221.6271
233.5558
195.3795
252.5882
260.8120
198.6474
234.1260
210.7781
185.1584
200.6745
202.5562
195.1011
263.3076
215.0882
207.3828
215.9179
199.5580
239.6454
240.5619
200.5421
206.6731
209.6374
203.9581
198.7511
244.6961
229.1293
223.6742
189.9123
214.5165
194.0427
202.5989
216.7129
187.0192
232.8086
236.8510
229.1344
230.9886
229.2037
233.9227
219.2628
262.3552
241.6807
234.3385
243.9228
208.6233
227.2725
217.9652
237.3709
233.4342
226.2112
239.9614
266.3303
212.9970
196.5450
182.4658
195.6337
215.0346
243.1423
259.1041
228.8602
207.0272
229.2671
238.0232
219.8492
240.7233
192.5993
198.6246
224.8296
186.4864
193.0513
207.8581
187.8598
244.6333
235.0096
259.2434
226.9575
219.8016
226.4499
229.3501
200.7562
186.8473
243.5604
217.7254
235.2047
236.2661
237.4108
242.1092
234.4103
245.7277
201.9200
185.0888
199.1534
204.1094
201.3673
212.3406
217.3910
224.3598
221.6289
204.4623
225.9330
236.3893
204.8847
235.2709
235.6438
265.0108
199.5451
234.6817
240.9194
254.2107
256.6545
269.6106
199.5876
185.0697
257.5336
194.7972
262.9083
239.3673
246.4475
251.4053
193.5461
190.7365
251.1887
190.0903
245.5360
257.7335
234.1176
195.7018
203.6774
251.0224
205.6603
248.9382
249.4117
216.6169
186.1268
233.6696
223.0632
203.6691
204.7088
201.7350
203.0472
198.2869
228.8185
227.7782
223.6815
190.1161
252.9593
217.5536
196.5770
232.2221
215.3157
262.5926
214.5125
221.3934
224.0655
226.6191
223.0667
219.7281
222.2589
229.9935
223.4339
182.6602
236.5163
267.3173
242.2968
246.3045
242.6806
266.2077
256.0568
223.7663
227.0246
186.5308
245.7442
210.5632
232.2694
260.1342
238.3039
255.1950
229.3504
227.0409
208.1098
208.1253
264.5202
263.5603
186.9496
237.2651
248.7305
261.8021
264.0902
201.5193
232.7416
217.1481
255.3819
226.3528
268.3597
193.9105
222.6428
242.4549
216.6138
211.3354
229.1253
258.3844
250.4751
227.5928
225.8475
196.9692
217.8587
238.5015
254.3138
221.7995
249.6023
235.4445
207.1959
260.6674
214.4011
184.3121
254.4024
255.2426
219.4018
219.5908
219.2794
219.1612
236.3354
256.8183
229.3798
228.8923
244.8181
252.5250
254.8774
256.3580
256.9099
215.8541
233.8751
253.9964
200.2790
185.8923
195.3506
258.2018
241.6135
241.3660
234.2756
226.7869
260.4536
233.6643
230.3770
232.4704
195.8602
250.0114
260.2576
225.1430
202.0121
222.7185
234.3005
228.5698
210.9008
234.5534
248.8594
194.7914
239.6829
205.7843
258.5958
250.0378
239.8171
248.3086
258.5196
217.5632
212.2655
238.6202
212.2034
253.6465
195.9328
195.1934
212.1061
247.9465
222.7930
242.3598
266.8190
195.4618
240.1650
240.9963
218.2772
255.6451
222.2637
206.9831
206.1865
224.9703
248.6343
259.4347
240.0473
224.2502
243.5348
213.5818
239.3415
228.1632
222.0472
239.2280
212.2303
242.9145
249.2215
191.2588
197.1999
235.9435
186.2960
260.6557
193.5050
247.6597
239.2301
254.2819
231.7452
253.3211
213.3099
241.3413
242.7008
214.8352
203.8967
237.1534
254.9869
243.4218
256.7439
212.3032
203.0406
256.8537
206.2226
235.1173
213.6543
237.3070
220.0270
229.0211
230.9012
261.4624
259.4403
268.0241
218.6081
211.1869
223.4343
256.4097
191.7061
253.1261
249.5725
250.4529
228.4560
244.9524
218.2605
191.1026
197.7083
227.1981
234.6933
254.8820
224.9487
224.8518
203.1417
216.2492
228.7744
200.5946
248.6909
246.4970
204.9669
253.3939
200.3418
258.0408
249.7447
243.0188
244.1021
260.1218
229.0490
231.5012
233.0435
185.0679
214.1831
209.3590
240.3038
249.8287
250.0591
233.5665
206.2298
223.9700
247.1492
237.7913
214.5122
246.0475
227.2112
246.4011
222.4199
235.3641
217.4229
255.6683
262.7445
248.9257
251.8238
241.7331
199.7607
206.5213
242.8865
198.6301
182.0391
221.6594
203.2967
214.6705
249.3548
238.9248
230.5725
212.9581
204.0324
220.8400
224.2540
221.4153
250.0851
206.5139
259.0778
248.0180
254.1966
221.2896
244.1988
236.1649
230.8774
261.2391
234.6632
184.5614
224.4614
250.1398
259.2593
231.2307
242.8998
244.9508
247.5124
250.8401
240.6206
195.9181
217.1689
202.3469
238.6947
262.2083
256.7237
242.9021
221.6059
202.0857
252.8236
219.8534
246.8183
233.0061
241.1086
195.6197
259.7121
207.0181
237.2795
202.3655
243.3989
236.9038
258.0176
199.7545
190.6957
233.9717
251.5710
208.0354
264.1610
257.2529
217.6866
189.7736
212.7727
248.6200
230.4090
221.1664
217.8508
190.8961
231.8544
221.8624
246.5853
213.4550
212.6913
212.9190
261.6806
209.2484
262.4550
256.8977
215.1425
230.0818
248.1344
201.1698
223.5547
245.2234
264.9282
242.7244
263.2229
227.5757
243.0808
235.3044
250.3392
188.4291
182.4503
251.8821
209.2145
258.1639
228.0945
227.5998
259.4761
222.9110
201.2904
189.3287
232.5221
215.7196
254.3724
193.5195
209.1359
228.9312
187.7039
188.6381
235.6687
184.5908
207.6560
220.3282
207.3332
217.2511
231.5440
237.1739
234.9595
244.0586
266.9430
251.3465
206.4243
217.2014
230.2120
223.5508
266.6489
262.3485
202.5509
183.7210
250.8738
220.0057
237.0855
227.3942
257.5256
183.0298
232.3144
256.5019
239.9844
194.6831
201.7583
246.6272
256.8262
249.8897
205.1736
211.3206
221.7856
205.8391
245.1566
268.4558
223.7657
212.1351
227.8811
223.7057
204.4570
183.5469
227.8300
241.9242
264.2889
180.3589
207.8923
251.9209
223.4940
181.1686
228.0412
199.2638
187.9929
228.4481
258.7227
194.5455
200.1871
254.9034
233.6367
246.3974
208.1590
240.2952
233.8647
250.8964
249.5767
235.4470
194.8338
219.3730
219.6759
228.5409
191.9380
230.1984
250.7569
192.2849
265.9430
194.7083
245.2823
249.2227
250.6533
242.3536
240.0465
227.4147
201.8969
205.1797
258.1164
238.7467
220.1034
210.7932
256.2572
247.8600
231.2228
239.7202
266.8368
223.4384
197.0254
206.2182
208.7513
207.8381
263.9696
205.6609
181.7652
204.6160
266.8166
208.9677
265.2075
230.8206
244.4699
241.1354
198.0581
265.7778
257.5193
226.1536
242.5939
255.0891
208.1627
197.5421
229.2314
237.2353
267.5121
230.8391
265.9323
239.3694
246.2518
195.6881
240.3179
254.4065
239.4144
252.2958
242.6617
219.9449
243.2520
229.8918
244.4923
224.3825
256.2737
254.6882
190.7755
265.2028
221.1535
196.7293
254.2909
247.2437
224.0710
197.2889
180.0002
239.5206
201.5844
269.1211
216.5902
224.2064
187.3154
234.4270
238.5342
264.7630
231.4276
217.5690
229.0750
201.1250
223.7007
218.7059
238.4862
224.6368
195.1148
203.8556
202.4195
226.1021
254.4949
255.3459
213.6889
236.9455
195.7208
218.9947
194.6514
220.5571
257.5286
218.4810
202.5627
233.2823
241.7327
204.0060
246.9844
243.2976
219.6828
210.2405
236.3971
243.0385
255.1200
242.1164
204.1034
214.1855
270.0000
207.0176
240.6472
225.8717
244.0524
238.4509
216.9801
227.3254
237.8040
218.3121
210.3096
248.2421
195.8956
223.4415
245.6734
232.8313
221.4717
250.7761
255.2762
200.0419
212.2659
246.8428
245.1584
195.1730
202.1770
216.8268
248.4513
216.5541
197.1839
200.7852
215.9356
238.9556
248.0160
241.3845
240.9880
238.7059
265.1457
226.1229
191.1997
206.6504
205.8651
201.4890
223.7608
243.6163
210.6205
252.1260
251.3289
203.2265
193.4320
248.5712
235.6144
252.3402
212.6265
251.8873
243.4015
236.4559
259.7454
224.7541
231.5262
241.1226
180.0538
252.5634
210.3074
222.2686
239.0280
229.0393
231.7852
221.8026
232.7952
233.2342
242.0936
246.5768
236.6057
221.5686
209.5055
252.6259
199.5352
227.7318
230.3170
245.6553
251.6215
253.7885
255.0708
187.3148
226.5236
256.2074
205.4861
263.8912
216.2029
239.4329
236.1179
246.2140
188.5576
246.9152
209.5475
249.2366
225.4491
210.5630
247.3790
222.9711
227.9149
246.1298
257.9120
196.5049
189.8066
242.7759
224.9780
211.1031
236.7806
186.0615
242.1239
257.2342
226.3061
212.4469
234.9677
182.3061
262.7507
240.3320
205.6808
217.4448
246.9175
230.2894
229.5213
193.9832
218.6208
188.2506
205.2098
187.3190
187.5529
190.2814
197.1337
218.9391
210.3971
189.7952
244.7840
193.6687
225.1476
219.2843
243.9717
249.0546
216.2305
217.3321
228.8859
240.5391
216.4811
228.1459
233.6954
208.5643
190.3398
235.8907
237.6585
220.2962
223.1557
242.0578
195.1092
188.2484
212.4972
197.3745
186.0724
221.4770
218.8450
237.8852
243.1343
219.0099
245.2104
197.4161
209.2232
216.6593
221.8172
235.4783
226.4641
183.7938
204.6902
206.8029
234.0918
219.3403
228.3373
238.5282
228.5495
235.4941
239.0671
204.4632
231.0004
231.9355
240.0375
261.2393
258.6393
224.7351
227.4327
211.4399
219.1895
225.1920
202.9229
206.8030
239.9134
223.4655
193.9202
201.4210
219.3153
233.2343
215.7709
224.3112
209.4231
192.6425
245.6897
242.5039
234.5248
240.6169
224.3938
221.5980
227.9591
197.4012
230.6815
250.3837
222.6697
213.2945
247.4291
244.2177
211.5331
213.7796
198.5348
187.1813
190.6873
212.0785
216.7501
240.6277
226.2940
229.6764
247.8947
238.9022
235.2077
187.2290
189.7256
232.0856
220.5488
204.6088
221.9007
200.3547
222.0351
237.2799
244.7974
202.9883
248.6099
216.4051
234.0503
218.9571
242.4121
237.4797
254.2881
192.0168
193.3506
218.0129
234.5734
237.7990
224.4985
200.4577
196.2242
253.8539
253.9644
211.8365
198.3777
244.2613
204.8903
222.2295
259.7348
219.9127
221.2892
207.6969
221.6499
236.3070
191.1716
196.2658
204.8503
254.1848
258.2007
244.6070
245.7037
209.2476
210.6689
259.6265
261.7506
254.8932
206.3708
214.2514
221.7925
244.2121
243.3476
237.5498
249.9905
257.3028
232.9806
204.6072
221.6605
220.1949
218.0323
202.2674
243.0612
239.2954
219.1333
199.6487
209.0382
206.8673
256.6467
222.6156
224.6920
266.7399
242.4231
198.1104
216.0216
207.8068
239.4987
218.0660
231.8157
208.1518
214.7661
197.9001
202.9957
188.9478
213.8762
259.6636
242.0194
239.7400
250.6812
242.7534
240.4465
188.6049
193.5828
197.8075
196.6011
212.6294
211.5261
216.0528
218.1078
226.9137
199.2639
208.7013
203.0747
228.6884
213.0386
253.8755
209.5098
209.4521
214.4643
231.4134
199.6129
196.8408
217.1927
217.2946
229.4853
252.2760
216.3698
188.5848
192.1099
231.1377
245.9649
192.3130
214.4761
233.4550
211.3981
203.8199
206.6236
244.5229
224.8796
243.1595
232.9159
255.2284
254.1435
240.0933
249.3037
221.5658
224.8022
214.9337
224.6391
227.3889
224.7042
213.4960
238.4504
214.8168
226.3352
187.6397
257.2325
229.3069
242.7614
246.5277
243.1946
240.1078
222.6626
227.2322
248.3718
222.6533
233.6433
250.5589
235.1965
216.0393
236.2080
206.8862
249.1535
253.9419
233.8652
235.6933
242.7855
234.9891
238.9148
202.3470
248.2722
258.4317
260.3257
258.2590
256.4899
228.8483
187.6231
255.0266
239.2871
219.6182
224.9390
190.9139
204.0050
222.9117
208.4503
233.9593
249.0534
245.4250
246.9120
249.3451
245.8130
244.7536
230.9624
231.5000
216.0122
199.3744
237.0010
240.5642
210.2377
225.0746
223.5757
188.2988
191.7174
225.8327
214.5500
250.5880
240.7041
254.2709
246.6162
240.5073
231.4515
251.6686
215.2412
246.5339
248.9380
199.6326
189.2705
232.9235
238.3026
249.6378
249.5741
240.0611
256.7354
253.2041
226.5056
233.5032
247.6587
236.7935
208.1242
235.7885
235.7635
233.6185
217.9841
200.4127
245.3359
243.2140
220.6709
218.8571
218.3389
211.1877
190.4127
190.8748
249.4485
222.0648
235.7350
254.2895
241.1815
227.1858
245.4594
231.9273
250.1540
247.7781
203.7801
203.2111
231.2865
242.3610
215.1911
235.3112
232.5803
243.9728
248.0778
198.6198
187.1872
202.8536
261.9953
216.7336
251.4293
249.4826
198.8387
246.4013
214.3874
201.4569
214.3338
190.3167
203.3615
234.8233
230.1502
220.9552
220.8861
226.2912
222.2152
217.7765
244.5929
234.4576
220.1623
217.9155
231.0761
244.6628
185.4489
227.8465
219.9966
247.2480
219.9248
199.0150
195.1640
233.5161
220.2697
237.5899
222.9489
238.1997
265.8930
224.0590
245.3876
207.8189
212.8542
205.0105
207.9371
244.5187
200.5792
220.6580
243.5624
216.7466
260.2051
267.0258
236.5902
214.9675
247.0222
245.6050
243.5171
259.0744
222.7960
244.1142
228.6346
261.5478
207.9927
226.4337
220.8657
269.7182
242.3753
217.4825
236.0901
254.3374
221.4478
240.8413
234.1499
223.3335
193.1781
229.3825
210.7510
206.9149
191.8419
189.9780
230.6428
243.3656
233.5574
189.8990
251.3793
217.5080
229.1486
204.2778
241.2418
194.0227
214.3287
240.8197
243.8789
191.6091
211.5147
220.7435
252.3399
211.7498
213.6015
212.7759
202.3629
225.9211
235.4423
221.2103
222.4027
203.0084
233.8827
231.5317
206.8370
268.1488
219.9346
189.4291
214.9287
207.7380
225.0432
194.2783
211.0819
221.4887
216.1339
216.4648
254.1040
244.9018
245.8526
229.9018
191.5666
248.0187
251.5594
200.0496
238.4196
245.8046
241.8316
212.3375
248.7085
207.5556
210.8082
224.8116
207.5412
196.6524
186.8187
260.5574
258.5713
219.0562
221.1288
217.2300
261.8420
204.3118
205.2609
196.2436
213.1758
228.6817
209.9766
228.9641
204.7220
208.2924
200.0545
203.3805
253.3627
188.0494
224.9060
226.3551
225.8222
198.0168
227.7363
195.5550
197.0297
197.9920
245.7481
237.3784
218.8070
224.1958
224.6421
217.6703
203.6795
228.7225
209.1432
230.5071
244.6500
236.8136
249.3680
218.1148
237.4493
227.4605
244.6717
190.8477
190.1364
239.5126
241.5188
231.2542
227.5454
234.8546
231.3480
209.5371
193.4896
236.5040
211.9869
252.3550
244.6967
196.3811
206.3293
237.4046
240.4267
214.6998
213.9653
219.0038
214.1121
250.9475
252.7062
191.0349
242.1120
244.9583
251.8194
254.5582
206.6111
202.3974
202.9206
213.1163
223.4901
242.4109
239.6140
220.1530
232.3579
206.5296
215.4485
248.5189
188.2264
205.1453
212.2019
244.4189
218.4186
217.9426
213.3773
230.9278
198.6852
200.7769
212.0189
216.7992
215.6139
224.9873
216.6166
231.9402
212.1286
223.5576
249.7975
239.6841
248.7641
210.6256
264.7708
190.2448
190.7187
232.7710
202.5096
235.8859
240.8319
265.8146
249.7785
218.7619
212.5128
249.1916
247.6579
231.9865
198.2149
232.7054
229.8641
213.2691
250.3840
232.9540
229.6465
261.3752
239.0571
234.1015
242.0717
231.1375
233.2902
240.8314
254.2769
249.0506
239.7590
220.4665
253.2910
251.8003
219.4009
236.8028
210.5789
206.9685
213.3684
226.3492
215.9760
232.1205
221.1389
227.3993
234.9683
236.9473
235.8319
197.6659
255.9480
254.3903
212.9715
227.4120
236.9136
234.5898
228.8957
217.3599
254.4129
225.0076
202.9199
199.5298
245.4215
240.8383
230.8014
263.5233
255.3484
210.7988
205.6632
245.4095
246.7311
208.8553
213.3225
229.2660
232.3916
220.9214
226.6880
235.3571
262.1875
244.6612
247.2836
250.5385
231.6842
208.3216
224.5880
237.9404
196.1735
250.2441
262.6333
217.1548
200.1417
220.3165
230.7038
236.8979
263.5175
261.4959
218.6154
220.1621
220.8440
255.9114
226.5880
224.1056
202.0948
211.0570
206.7412
224.1738
199.8996
220.9940
233.5055
209.9417
188.4199
213.4445
200.9913
208.9457
249.9938
246.0303
208.5964
204.3954
231.1262
220.9753
232.3761
236.1845
216.8155
191.8823
210.9229
195.4958
258.6113
238.8254
210.4726
256.8344
214.9193
261.4884
221.7571
233.1071
216.7825
217.7739
231.6219
227.1472
254.9591
210.2641
227.2546
246.7087
213.3358
233.6431
196.8128
241.4018
250.2589
195.5453
200.0496
201.1360
213.2136
244.9523
216.0563
235.5087
219.3120
208.6655
254.8215
214.1581
221.1584
205.7744
196.0937
211.9126
240.7149
229.6161
202.0029
241.0952
198.2928
236.8194
219.9597
235.5680
261.3724
195.2279
204.9168
244.0252
251.2317
259.4997
231.3707
