245.6261
251.1946
230.5385
219.7556
180.0123
256.7235
183.8657
183.8565
249.2285
227.0743
222.7099
248.6045
215.5788
249.3488
228.5780
247.6857
188.8241
233.0157
180.0035
218.1407
219.2938
227.7142
218.1120
241.1343
258.0957
212.3261
197.8794
269.8888
241.9388
214.2875
231.0691
228.4371
207.1802
213.0940
199.9917
217.1945
233.8226
230.1527
186.9220
250.6345
240.1683
224.0332
263.3230
218.2327
248.7270
234.9576
258.9462
246.9295
266.3924
246.3206
186.5769
227.1277
183.5917
197.8693
269.6454
219.1658
233.9438
222.1823
225.0191
229.6175
217.6811
222.6985
207.5687
198.5200
212.9540
212.0684
191.3852
235.6909
198.5391
191.0280
230.9011
236.6591
265.6022
263.8342
252.6310
245.6104
209.9184
207.2640
209.4514
203.2789
218.5497
196.4432
186.1433
237.9636
234.6195
201.8434
185.6857
203.2090
198.7751
209.5291
206.0854
226.6441
220.5423
240.0016
232.7831
207.5095
247.2374
255.6303
255.7203
196.9501
201.7354
231.1379
224.0059
232.4560
245.8428
226.8726
209.6021
213.5203
240.1456
232.0812
217.4307
219.3182
226.0772
217.3532
253.8292
243.3293
221.6862
220.4132
232.7709
245.6095
218.3340
214.1742
190.9684
188.6854
187.9775
192.6479
189.3495
192.6081
216.4055
218.1136
235.9852
228.7994
226.6252
229.2643
248.9885
221.8141
232.6793
200.5610
242.5641
209.6616
238.1771
248.4351
247.8872
249.5558
197.8602
194.3182
188.2102
191.9128
206.8485
220.9786
223.6535
241.3699
244.6722
244.5483
240.7937
203.2100
222.4100
226.1498
251.6050
217.1870
220.1394
259.7661
242.8201
218.7342
226.2539
195.3763
192.4261
251.3792
230.7957
209.3165
206.2779
208.6514
206.5560
207.3951
213.1863
214.2108
267.4550
240.9325
219.0462
247.7387
198.2831
197.9637
198.9172
240.4150
213.9368
193.9699
192.2915
234.0348
221.5344
216.7166
191.3867
210.8396
210.3349
221.4435
221.1353
225.8282
187.6807
189.6530
223.2760
240.9434
190.8768
205.1867
249.9875
207.2224
224.1637
229.4923
223.8090
210.5612
226.0025
227.5286
257.0767
262.6845
206.5850
235.3784
235.8649
248.6151
244.9611
260.9196
232.5899
238.7507
229.1801
248.4404
241.3152
195.4301
227.9743
231.6391
243.0280
211.8257
244.3431
248.0782
258.9977
257.9779
244.6922
208.4913
213.0515
238.8734
209.7602
222.9340
251.1954
211.7955
229.4302
203.5599
256.2019
227.8311
238.7815
247.6365
241.0265
225.0687
253.4741
245.8854
247.1304
212.5302
250.0494
253.6791
205.9521
215.5644
188.9414
212.9984
247.6619
222.8454
259.5261
215.8142
233.8091
222.5377
191.9070
205.9063
221.3751
230.9474
238.1605
213.8275
221.1240
202.1423
216.9422
255.5624
205.7196
213.5193
215.6268
214.9589
240.2410
234.4811
238.0095
246.1793
246.7193
217.9909
256.5344
250.8515
231.7126
234.5358
224.8791
233.2814
263.9793
241.4747
221.5528
239.8948
188.1674
199.6174
237.4979
234.7292
237.5936
186.1917
182.9309
216.0585
214.5621
199.9487
244.6613
251.7567
222.6990
207.1837
194.0484
187.1513
206.3989
238.2961
233.8145
235.3709
259.4604
259.5596
255.5658
243.1620
195.7845
199.2212
215.2566
243.5796
242.6690
236.6914
196.1989
197.0483
210.7449
247.6295
231.2726
208.2790
231.0782
212.9483
253.0201
256.1433
237.7267
239.2848
250.0040
224.6010
230.6239
232.9853
212.2740
227.2889
189.8888
185.6007
231.0973
234.0622
196.3587
189.3044
189.7501
212.6911
265.6033
264.7030
207.5768
220.7574
239.3821
233.5655
231.1326
230.8149
233.4997
202.5131
194.2174
193.9674
224.6559
223.4310
226.0333
218.2353
243.5094
225.2061
211.3163
232.0733
208.1802
193.5340
194.7115
197.5933
200.7238
186.3965
191.5526
252.7052
247.3336
188.8673
191.5815
255.0424
245.3506
207.6830
201.2453
228.1501
235.9061
240.9884
197.2440
229.6198
223.1635
208.2710
213.6406
204.4510
200.8370
231.1926
257.2035
239.7723
254.3289
204.8487
210.9955
215.7083
208.6335
223.9823
214.4882
218.1681
194.5823
234.1940
226.0595
229.5343
220.9975
211.5930
197.6333
211.2195
219.0212
214.9628
213.0255
209.7628
234.5651
237.2243
209.4424
226.1951
224.1420
209.9805
214.1711
204.6804
246.0762
214.6001
225.8814
231.1268
194.1231
196.9462
226.9356
237.9208
226.8107
224.4042
196.1106
215.5006
194.1572
189.8514
226.0219
235.6964
222.9034
180.0438
211.4493
211.0018
221.1922
237.3088
206.4472
204.9399
217.6562
217.4885
210.5629
211.6092
210.0027
252.3265
236.8499
231.5634
221.7894
226.6305
207.4965
221.1231
218.6096
248.6653
237.7158
257.7906
214.9723
218.9417
238.7201
255.0756
227.2859
203.9094
219.5546
190.6404
191.1899
211.2073
218.8240
216.6972
224.4750
197.3500
195.4699
215.5291
234.8756
236.0805
229.0274
230.2785
229.2716
197.3258
203.5488
204.1299
212.1134
252.0197
215.3685
198.5801
197.6774
247.5419
248.5262
237.6562
239.1212
216.4758
209.5173
249.2306
251.4351
206.7973
203.2602
230.5332
245.8364
229.2904
204.1677
210.8826
218.4026
207.4168
213.7059
227.7112
245.3638
243.5141
216.5140
221.8882
223.2204
252.0851
239.5230
242.4567
205.3862
210.8555
229.9813
231.0965
233.8644
230.6136
193.4990
192.1195
243.8666
235.6066
197.2191
193.6859
236.6070
215.8287
226.5133
224.5663
235.6854
231.7680
218.9308
252.3505
207.4703
250.6378
229.2330
229.3602
258.1868
259.0522
207.9206
236.9663
255.2196
220.5801
218.2675
195.6688
198.8220
214.7858
202.0476
231.7211
233.6979
195.2517
207.2614
249.5902
249.3106
228.7809
203.3797
234.6539
214.1311
244.8155
199.1713
229.8201
220.1670
230.9218
240.3764
249.6022
212.4426
215.6998
226.4860
253.7151
249.1483
268.5704
214.7348
233.8534
248.0163
233.9781
204.5123
211.0413
219.3260
235.3314
249.1849
242.5847
233.9000
245.2332
244.6239
189.7556
207.8445
242.2668
257.8239
231.6230
234.9496
244.4358
256.8007
234.4237
248.6778
212.7988
244.1966
229.1489
234.1227
199.7945
202.6313
219.7724
243.2146
241.7772
248.4078
250.5791
238.3028
220.9702
183.8510
205.0247
226.9823
243.2268
218.2492
193.3482
236.4974
244.2907
225.0661
223.5641
238.9139
226.6018
238.0529
244.0186
236.0925
242.0361
184.0760
232.3565
249.6227
246.5218
238.3154
242.3996
237.7303
237.6446
244.7559
232.2538
212.0358
234.4779
234.3902
220.0601
236.8583
216.4512
230.4915
239.1730
236.3036
246.3875
223.1876
247.2907
212.9117
226.5190
222.1241
250.5151
195.7084
215.5817
234.8941
226.2766
223.1089
196.9557
203.9112
263.0460
262.7700
200.4252
224.4175
207.0831
234.9923
238.3795
246.4228
240.9042
206.2664
229.1077
208.5203
237.1419
208.6624
226.2130
245.0902
221.9238
222.3139
237.4703
213.6726
229.6122
226.0764
196.2598
200.2112
207.2445
225.9070
208.1930
242.5056
209.7985
211.8704
260.6849
193.7057
233.1436
239.9986
194.9925
248.3485
193.7381
203.2064
240.2606
199.6895
217.6764
182.2585
220.4934
205.3276
210.0470
190.7173
207.6072
217.7226
221.9352
246.5830
235.5643
243.6545
242.1918
259.2135
236.0739
247.3749
223.1727
200.5012
212.1843
221.2483
227.5885
235.7684
208.2925
225.5631
243.7213
219.1328
229.9701
253.3749
198.3341
262.4347
256.0599
191.9661
228.0775
253.1056
241.7217
242.0614
252.0943
210.3160
257.3984
251.5667
222.8605
242.7467
238.2168
218.8080
247.0408
207.8707
209.9833
191.2586
189.8299
209.6909
201.8933
225.1213
244.0493
211.7703
215.8168
231.4724
190.0770
267.9391
218.0195
244.1961
231.8750
201.6501
226.3188
201.3553
194.2131
195.8644
221.2689
204.4964
238.7514
226.3090
262.8364
254.3392
213.5198
256.4214
215.7613
211.1129
245.8693
199.3079
217.7290
246.8677
247.4220
206.0493
230.5675
239.9364
243.0595
213.1313
201.1962
231.0890
217.9916
223.3028
202.9312
265.6132
254.4053
223.1339
217.4631
199.4937
242.2051
220.6064
263.6544
251.0036
205.6072
223.5278
202.4381
212.1165
229.5480
224.3680
217.8857
240.8037
255.7508
213.0795
209.0691
200.4605
208.2947
242.3659
219.2207
217.0504
250.5259
223.6832
199.0449
227.0759
218.9752
192.6760
237.2514
223.6378
227.1051
216.1778
215.8226
245.2404
242.0243
210.2785
218.6347
240.3720
245.5808
207.0801
214.3226
226.6634
224.6081
234.5439
211.0178
206.8903
211.0503
195.9428
199.5249
244.2864
246.7052
246.4590
223.5643
231.5849
208.5083
233.7627
227.4363
241.7659
217.3390
223.4200
205.9832
225.5919
204.7944
226.9246
239.6469
236.7834
225.2995
209.3944
231.7204
247.0167
253.3487
219.2336
215.0251
254.2614
214.3761
232.8377
237.9562
246.8370
249.5134
196.7308
198.4920
238.3752
259.5071
206.1357
206.3000
214.5930
251.1777
233.6769
232.7327
258.8470
231.0641
228.6698
239.6871
237.8111
256.0738
193.4323
188.6620
250.4650
229.0554
209.1975
238.8341
242.8861
252.1237
217.7404
251.2732
255.1834
207.6777
261.5829
239.5015
239.7539
238.1356
241.3497
191.1616
190.7681
201.1131
233.3021
246.2895
211.1606
213.6211
249.7258
248.7050
196.3738
196.7979
210.8128
246.4131
251.4317
239.3309
221.1545
220.1092
241.9552
238.3544
210.3728
213.4051
246.5867
243.7163
210.7981
207.6956
256.0994
208.4599
203.0287
248.2796
246.4691
242.8871
256.4226
215.6580
218.0927
255.1605
244.4330
208.9837
233.1946
227.5922
243.4105
242.4803
241.5826
237.3984
236.5644
248.7828
254.8954
233.2297
241.7854
237.2538
233.8758
212.2864
241.3834
221.1801
221.0456
219.3858
217.4809
241.8921
221.9449
239.6534
206.2359
269.9116
221.7388
208.7786
203.4507
200.9638
231.2661
233.5173
200.4936
209.1625
261.0257
254.3897
242.4709
221.6103
218.6908
216.6994
232.6058
217.9366
209.4758
197.4549
204.8364
206.6244
259.9654
256.8642
247.6689
231.2150
238.9240
218.7801
205.4805
190.8907
189.2592
211.8259
192.6945
233.9816
225.6932
208.8560
215.4418
221.6118
216.9428
243.8225
191.4989
194.9458
201.8350
197.0144
206.5291
196.8957
213.4603
252.3310
210.4455
206.9974
241.9220
197.3730
247.8969
222.8730
246.8709
245.1916
227.1399
229.4277
223.3284
238.3686
206.1895
209.2568
232.2731
205.8314
260.9016
205.1465
246.5457
225.1726
219.5306
217.4574
209.9769
201.7288
191.8878
201.0686
260.5334
262.0131
249.8299
244.7705
225.7547
200.4160
256.0591
205.4006
223.4880
223.0962
226.4988
229.5783
243.8481
201.0166
200.8904
236.8967
235.7380
204.4300
253.1016
199.5717
228.4392
207.6116
244.4216
204.3229
235.7861
214.5222
195.6816
193.5534
198.9271
198.8056
198.8647
252.8194
261.1177
209.6119
235.4073
192.7477
203.8304
205.4553
189.0780
235.0049
238.1643
210.5547
208.4108
231.6927
226.4102
218.0695
218.5206
190.1199
197.2814
230.4971
238.8313
255.5546
232.6371
203.7625
201.6391
228.1705
221.4231
200.1898
202.3314
250.8926
244.1933
230.2111
236.4246
233.5601
244.8014
245.7074
214.7015
191.0020
199.3777
218.7767
199.7652
184.6591
222.5043
220.7637
258.7082
249.7382
220.8348
233.7115
199.7412
232.6387
186.4357
252.4871
206.0181
218.3031
229.6403
222.0316
209.1221
238.7819
248.6429
254.7167
228.2104
244.9562
229.6925
236.7813
202.1625
204.8156
195.8602
214.5654
235.5829
203.4905
196.8921
214.6072
191.7476
187.6256
205.3991
201.8095
232.8553
219.8940
204.8287
207.5684
206.2136
246.4461
236.5851
237.6164
248.8698
256.0819
226.6566
262.3168
218.1488
253.1814
229.4712
230.9758
220.2559
190.2844
205.7741
201.5957
255.8936
262.0932
221.4655
226.4148
240.8405
195.1214
228.3392
246.3601
255.5670
204.1320
198.7915
196.2090
187.8380
206.4844
225.4373
191.1044
224.1179
230.0249
208.9791
215.3842
187.5294
194.4231
247.0978
250.3452
257.8953
184.2224
203.7739
195.1729
221.3070
202.8360
232.4539
225.1682
239.6709
207.0980
208.4993
210.8459
196.4420
214.0130
212.8177
228.1144
196.2905
240.3329
236.8844
207.4715
238.6377
215.3681
205.1498
238.3591
226.9951
255.6137
241.7578
215.7528
212.7366
215.3942
209.7773
194.5735
212.5210
210.8349
204.2751
257.2726
249.2439
225.1031
235.6163
239.9495
216.6326
236.9945
234.2051
259.1994
200.8302
201.2767
199.8287
220.2898
212.5997
225.5813
193.1226
204.6681
212.3008
231.1791
227.9914
188.6412
198.2588
233.6135
214.0234
225.4614
242.4547
220.4852
234.2353
216.9348
245.4244
198.7478
230.1448
206.1624
200.8402
229.0020
257.1506
205.9247
218.6808
231.9184
244.7639
220.6943
236.9385
218.6039
235.2846
234.0532
208.9357
215.7848
250.4856
239.2565
255.4297
227.1841
180.0079
242.1826
249.1456
237.3711
253.8839
261.0099
241.0133
207.1656
219.0404
199.1952
239.1151
252.6999
230.6798
232.8903
208.2058
255.7826
204.1149
216.5682
243.7709
240.2644
237.2715
242.1332
229.8752
261.8326
207.6618
180.0009
259.5290
199.9554
199.2580
198.3648
224.0976
237.4864
215.4415
233.0156
226.8085
206.2417
269.9741
202.3253
209.5673
183.6689
233.3129
198.3125
206.2366
224.7523
266.6442
249.9226
241.5875
237.5989
185.4459
203.9867
232.7845
230.6027
212.0117
202.1474
205.9230
236.1221
231.2892
226.7255
220.9657
217.9292
228.9971
241.3576
238.9653
247.6953
249.3237
203.1983
203.1143
229.9885
232.7059
224.1124
210.8580
202.2948
218.4302
217.9573
193.2463
200.6794
261.6297
261.7290
247.6183
236.4339
229.5810
197.5103
212.4164
212.4012
205.3676
237.3694
200.4154
244.1704
228.4318
199.9111
236.8950
248.9633
236.6536
215.8282
225.4508
244.2795
219.1198
264.6263
249.2713
207.8284
208.7902
229.0805
209.6971
224.2917
245.9211
236.5372
196.9079
222.8690
217.2554
215.7661
231.7060
228.4665
222.5996
220.6913
218.1326
213.8242
208.3553
209.7233
246.0305
256.6739
207.4320
229.1351
244.5791
243.6196
215.2644
261.1789
265.4844
217.2999
212.2360
225.1775
226.7545
201.1648
192.2892
262.8018
206.4841
266.0800
193.2508
200.6513
241.1378
237.6299
225.7559
192.9043
196.0862
215.9150
213.8283
225.6613
198.5822
221.3097
241.6796
241.1849
203.7658
239.8867
227.7912
207.2277
247.8889
237.8481
237.4092
200.5517
204.7989
204.1466
224.4990
231.8119
235.9123
255.1615
249.7884
226.0118
250.9932
250.8383
231.5226
241.8966
191.4213
186.3564
210.3327
220.1313
214.9531
235.9159
203.3656
213.6636
246.0280
246.2991
197.8126
258.4812
251.4906
232.6404
225.5362
256.7509
240.0946
202.3124
198.1223
182.8941
205.5039
231.4468
203.7708
185.5939
209.8379
238.7988
233.5196
210.8480
229.6835
254.1781
234.4733
257.8293
249.4172
238.5340
216.6219
213.9558
204.7443
245.1990
205.8047
199.4449
209.7446
212.0972
250.2221
253.1688
233.8911
232.8923
246.2801
212.3269
204.5861
259.1510
199.7487
227.5431
259.2334
236.7890
229.9053
216.5572
245.3102
216.9371
221.0155
269.0439
204.3606
234.3931
256.1743
219.9859
256.8763
239.4546
250.0159
236.6379
208.8855
245.6392
253.5489
259.1991
240.7721
235.4507
240.8997
221.0819
199.4518
223.4405
223.1941
219.9178
236.4212
210.6106
222.1475
199.0278
218.2503
227.7851
249.5773
234.4001
247.5520
232.5943
200.9585
226.0147
216.5998
232.3818
232.6238
241.8293
231.9708
202.4055
229.2213
248.2089
192.9626
180.0425
229.3287
226.2630
230.4163
221.9940
237.9345
209.4041
211.5007
245.2353
246.9200
205.0573
200.7863
225.5847
212.4683
203.7245
207.5837
208.2229
210.3651
235.1060
229.2685
228.9281
189.3268
189.3694
188.4123
226.8645
223.4718
231.3177
210.7061
215.5806
205.1376
247.3150
233.7945
239.8758
238.2922
251.1720
254.3845
231.3668
237.5442
193.3102
248.7465
222.7385
207.8272
212.3475
198.4673
205.9365
236.4551
219.0096
244.1798
234.1699
231.4784
227.8942
211.3629
217.3076
233.9287
257.1905
236.9584
245.2245
243.8164
230.6250
215.9541
251.9929
237.8969
219.1361
197.2951
205.0545
203.7281
255.8920
257.6303
194.6741
246.5929
250.7648
259.4283
247.6105
227.1591
209.4104
207.5335
253.5675
249.8453
237.7029
234.1877
249.5760
217.5094
221.0721
264.0175
215.6537
224.8652
221.8682
227.8060
227.9191
218.9638
240.0802
235.2716
228.2825
251.5408
247.6499
238.4187
242.6212
240.0962
220.5744
216.0591
235.6384
236.1563
196.8498
230.4321
241.4882
248.9163
197.4777
203.8646
233.3949
231.4038
235.5584
200.1351
236.4057
216.6268
230.5771
255.5818
261.5757
248.9238
211.4236
242.9774
200.7695
231.9879
209.1214
224.0848
196.0570
205.9287
187.7288
236.7044
230.7015
225.0980
200.1302
189.4866
194.5217
207.7992
248.5563
219.8202
186.2435
226.7776
221.2000
233.1251
195.4460
252.4995
260.7903
197.7988
234.1149
210.8059
185.1856
200.7265
202.5405
194.8557
263.4580
214.8176
207.0880
215.1835
199.6372
240.6321
240.9682
200.4819
206.5869
208.9166
202.8639
198.0930
245.2804
229.1509
223.7706
189.5154
214.0630
193.7429
202.9312
216.8841
186.7622
233.2243
237.3197
229.3005
231.1548
229.4984
233.7517
219.1441
262.5680
242.2392
234.4545
244.5595
208.7427
227.5920
218.4515
237.1789
233.4287
226.5745
239.5859
266.4516
212.9045
196.7370
182.3889
194.8075
214.8667
243.4927
259.4548
229.4989
207.0613
229.8748
238.3243
219.7577
241.5195
191.8916
198.3440
224.9253
186.2323
193.0251
208.2063
187.7596
244.3028
235.3653
259.3152
227.2396
219.8081
226.4982
229.1809
200.1118
186.7594
243.3175
217.5785
234.8834
235.9610
237.2542
242.6144
234.7574
246.4270
202.3824
184.8523
198.9581
204.0679
201.3730
212.5985
217.7672
224.9019
221.6886
204.6883
225.3235
236.8564
205.1567
236.2806
235.8126
265.1422
199.1474
234.8858
241.3169
254.2544
256.2434
269.6047
198.9694
184.8436
257.4681
194.8012
263.4055
239.5565
246.2277
251.9926
192.9404
190.1218
251.4317
189.4800
245.8138
258.0732
233.3253
195.5989
204.0256
251.2173
205.7049
249.5802
250.5561
217.1540
186.1676
233.6777
223.6393
204.0012
204.5892
201.8565
202.6509
197.9849
228.7065
228.6076
224.6013
189.9195
252.8110
217.2198
195.9814
232.1576
214.8813
262.7043
214.7824
221.6897
224.4161
226.7813
223.0272
219.7271
221.9120
230.1092
221.6981
182.4637
236.0833
267.4853
242.5973
246.4390
244.5457
266.0755
255.9542
224.2314
227.3601
186.5443
246.1640
210.8179
232.3229
260.5983
238.2589
255.0744
229.2225
226.4890
209.0953
208.1436
264.5725
263.6708
186.9913
237.7897
248.7225
261.9723
264.0616
201.4426
233.7503
218.7322
256.0815
226.3011
268.3805
193.9882
221.7184
243.5313
216.9088
211.2119
229.2044
258.4846
250.6531
227.4065
225.5587
196.3577
216.7797
237.7595
254.9745
222.3597
250.7901
237.7484
206.7716
261.2698
213.5770
184.3447
254.9026
255.7608
219.6485
219.0388
218.3906
219.2720
236.2950
257.5583
229.5236
229.2515
244.5123
252.7562
255.6201
256.7960
257.2117
216.6110
235.5697
253.9025
200.4978
185.5657
194.7171
258.0092
241.7881
242.2322
236.1271
226.7946
260.3514
233.5705
230.2079
233.1734
195.7568
250.1917
260.2567
225.2574
201.7117
222.4754
233.7507
227.5006
210.4416
236.1062
249.5638
194.0141
239.9287
204.1440
259.1955
250.9883
240.3458
249.2355
259.2527
218.0331
212.3907
238.7168
213.3968
253.8878
195.7776
194.1482
211.7626
247.9914
224.2460
242.9492
266.7759
195.5390
238.8342
242.0827
219.0473
255.2585
221.9071
207.7297
206.6693
224.7902
249.9464
259.5895
240.1803
224.6579
244.4371
213.3623
239.5005
228.3583
222.4874
239.6839
211.2509
243.4780
249.6800
191.2626
197.5959
236.7858
185.9725
260.6038
193.0285
248.1156
239.6421
254.8064
231.7975
253.8146
212.8925
242.4505
242.6682
214.9590
203.6279
237.1923
254.8728
243.6982
256.5959
211.5826
202.4092
257.8260
206.2880
235.3144
212.6375
237.4827
220.0012
228.6653
232.9739
261.5797
259.5707
268.0423
218.2513
211.1264
221.8470
256.4342
191.4554
253.0976
250.4989
251.5374
228.2141
246.5149
219.8090
190.4754
197.7852
228.0391
235.1064
255.8205
226.0631
224.0668
202.6811
215.8573
227.4064
200.7085
248.6641
246.6856
204.6086
253.7528
199.8806
257.9961
249.7214
243.5882
244.1872
259.9143
229.8932
231.5602
233.4030
185.0958
214.1586
209.4918
240.6428
250.6888
251.1655
235.2938
205.3179
222.6636
248.2576
237.7331
214.7579
245.7753
227.5481
246.9323
222.7082
235.3499
216.7070
255.6743
263.2559
249.8020
252.4449
241.7588
199.6765
206.2410
242.6017
199.2424
181.9424
221.7746
204.0912
214.8462
249.7603
239.5290
230.8073
212.9772
204.4936
219.3064
224.7393
221.4852
250.8539
204.9208
259.2481
248.2738
254.6316
221.1083
245.8468
236.2361
230.9287
261.3771
235.3345
184.6436
225.9745
250.7175
259.9605
232.6810
242.8345
245.3629
248.3442
250.3721
242.4448
195.8773
217.3836
202.5391
238.3578
262.1981
256.5782
242.9703
222.5369
202.5468
252.2492
218.1685
247.1634
234.4269
241.7551
195.5768
259.6579
205.3621
237.1502
202.4704
244.0501
236.4522
258.6929
200.0287
190.3034
234.0113
251.7537
208.2459
264.2748
257.6343
217.9995
189.4956
212.9257
248.9402
229.6529
220.2335
217.6600
190.8834
231.4173
221.2830
247.6323
214.0921
212.8641
212.3405
262.0391
207.9274
262.4385
256.6749
215.3346
228.4533
248.5107
200.1544
223.3158
245.9471
265.1548
243.5567
263.4984
228.2483
243.4112
236.0966
250.2216
188.2630
182.3823
251.5047
209.3406
258.3927
229.8285
226.4900
259.4417
224.3369
201.4788
189.2270
231.6115
215.5626
254.2025
193.3660
208.4298
228.9540
187.2228
188.5705
236.6911
184.3117
207.7406
220.3520
207.4110
217.1017
231.6382
236.2001
236.0746
244.0082
267.1682
252.2458
204.6499
217.0049
230.2011
222.9378
266.8114
262.5230
202.4116
183.6672
250.4238
219.4708
237.4149
227.4044
257.0160
182.9275
232.2888
256.2804
239.2198
194.3745
201.3309
247.4382
256.3335
250.6205
205.9352
211.8471
221.3633
205.2966
244.8037
268.5376
222.9035
209.9102
228.5562
224.8586
203.8458
183.6636
229.0105
241.3640
264.3814
180.3514
207.7339
251.7144
223.7793
181.1745
228.4170
199.1704
187.7337
229.9833
259.4608
194.2168
200.0422
254.9562
234.4415
247.6101
206.5988
238.9765
234.1114
251.9567
250.1897
236.2682
194.0282
219.7640
219.1420
228.7793
192.3894
231.0435
250.6953
192.2020
266.2182
194.2389
245.1993
250.1313
249.6695
243.7545
241.9988
228.3149
202.3300
205.5928
258.2780
238.9870
220.2692
210.7406
255.7142
248.8910
230.6904
240.5266
266.9144
223.0879
196.2237
206.0744
207.8993
208.6558
263.8978
204.9583
181.7632
205.0728
267.0068
208.4242
265.2401
230.8817
245.0013
240.9433
197.9450
265.9215
257.9532
227.3277
242.9006
255.7264
208.3973
197.5344
231.7291
236.4853
267.5109
231.8195
266.0162
239.7932
246.8236
196.0947
240.3151
253.8782
240.6528
252.0921
243.7524
218.6206
241.9414
231.0366
244.2767
225.1067
257.2846
255.6326
190.0013
265.4651
219.8146
196.5640
254.0245
248.0284
223.8454
196.3394
180.0002
238.8192
201.3590
269.1393
216.5117
223.8440
187.4225
232.9401
239.0357
264.7652
230.9681
217.2188
228.9883
201.1621
223.0963
217.2291
239.0610
224.8486
194.2258
204.8740
202.2368
225.5419
255.4322
254.7629
213.3889
237.7345
195.6120
216.8336
194.2669
221.0961
257.4474
217.6952
201.9124
234.6689
243.5797
203.2224
246.4701
243.4117
218.3822
209.0822
238.0979
243.8130
255.6438
242.5909
204.2083
213.9416
270.0000
206.1348
240.9225
224.8366
244.3728
239.1813
216.6698
228.0034
239.6591
219.9315
209.9690
248.2662
195.3207
223.2754
246.7241
232.4243
221.9700
252.2051
256.3162
199.4053
209.8821
248.0998
246.4888
194.5908
201.2744
214.6406
248.8812
216.7830
197.1821
199.4195
216.0904
239.0743
249.1724
241.1277
241.4622
238.8841
265.3929
225.4524
191.0807
207.4003
205.0403
201.4436
223.8328
243.0818
208.5404
252.2254
251.6551
202.8129
193.2021
248.8877
235.7427
253.2370
212.8707
252.1938
243.8727
235.9668
260.1999
224.3266
232.1028
241.3712
180.0509
253.5527
210.3489
220.7759
240.4837
228.7151
232.0171
221.9371
232.6712
232.5744
243.2665
246.0616
236.5212
221.4768
207.4776
253.2148
198.7737
226.9608
229.3647
246.5422
252.0265
253.7502
255.5041
186.8528
228.0693
256.2753
205.9502
264.2680
215.3587
239.2911
236.0823
245.7876
188.0053
246.3097
209.5261
249.3334
225.5865
211.3855
247.3619
222.7310
227.0777
245.7580
258.6137
195.6793
189.9248
243.3778
225.9598
209.6806
237.0092
186.1389
241.8963
257.6297
226.4690
212.7388
234.9845
182.3395
263.2009
240.1104
205.7317
216.3556
248.3499
229.9656
230.4522
193.2525
218.5105
187.7450
205.6904
187.2464
186.9958
189.7493
196.8078
219.7998
211.1199
189.5909
246.4257
193.1480
225.0476
218.2260
245.8504
249.4979
215.9895
217.2825
228.6912
239.5709
215.7244
229.7358
233.2213
206.5831
190.2452
236.7274
239.1333
220.1776
222.5762
242.5940
195.5792
187.8173
212.1506
197.3139
185.7371
220.4241
217.9709
238.7615
244.1275
217.9551
246.0029
196.1829
208.9016
216.2592
221.7552
236.3990
226.4341
183.6092
204.9085
205.2123
234.4287
219.9187
229.5797
240.5976
229.4042
235.7448
239.4712
204.5055
231.6861
232.5269
240.8386
261.7781
259.1797
224.8343
227.6008
210.1005
218.4861
224.7491
202.3017
206.9451
240.2437
224.1199
193.6324
200.7343
219.6314
233.4591
214.5733
224.1381
209.3771
192.7011
246.9848
242.1409
234.1899
240.5899
224.7011
221.8545
228.3283
196.3068
230.3010
251.2195
222.5662
212.9863
247.4402
244.2165
211.2494
213.8323
198.5393
186.9135
190.4672
213.4697
218.3276
241.1154
225.2091
230.1063
248.1084
238.4755
234.9141
187.1249
189.6989
232.1468
219.5243
202.8812
221.2235
200.2405
221.1045
237.1096
245.2623
201.8001
248.0896
216.0566
234.1985
218.6962
243.3541
239.1439
254.3706
191.2107
192.6351
218.0117
234.5648
239.5709
225.1464
201.1445
196.4646
255.0449
254.4662
210.8879
197.0757
244.6088
204.2592
222.3541
259.8722
219.7339
221.0167
207.3794
222.0468
238.0852
190.4578
195.1840
204.3254
254.4176
258.6559
244.6797
245.6150
208.3525
210.5597
260.2986
262.2336
254.7176
204.4576
213.7109
221.4509
244.1038
243.7091
238.9530
250.6546
258.0793
232.4820
204.6407
221.2518
220.0097
217.7295
200.8972
244.4538
239.1011
220.6287
199.6206
207.9188
206.1514
257.0941
223.0639
225.3461
266.6988
243.4001
198.1353
216.0638
207.4358
239.4941
217.9139
231.6697
207.2087
214.5642
198.1246
203.1421
188.9059
213.6535
260.1431
241.7886
239.6588
251.0533
242.5298
239.1641
188.0916
193.0371
197.3030
195.3907
211.4224
210.7741
215.9080
217.4976
229.1054
199.1882
208.9973
203.2612
229.1140
211.9595
254.2753
208.4572
208.7390
214.1423
230.7325
198.5655
196.5467
216.9826
217.2216
228.9000
253.5251
214.8787
188.3553
191.5481
232.2505
246.3109
192.0620
214.2053
233.2828
211.4044
204.6917
205.4287
245.0812
225.3382
242.8289
233.1904
256.3245
254.3757
239.6582
249.5859
221.5735
224.5355
214.3115
224.3926
226.4222
225.1446
213.1977
239.2229
214.1196
226.5920
187.5383
257.7275
227.7460
243.2546
246.4016
244.4003
240.7976
223.0508
227.4115
249.7325
221.7595
232.9525
250.8705
236.3164
213.4020
236.9130
206.5498
248.8481
253.6903
234.5063
235.3930
242.7355
235.4255
238.1315
200.6880
248.4127
258.4495
260.6462
258.4800
256.6749
231.8606
187.5592
255.3810
240.0435
220.4948
225.8994
190.4477
203.3418
224.2773
208.4064
233.6162
249.7667
245.5428
246.7441
249.3703
245.7271
245.1302
231.6386
231.7156
216.3777
199.2593
236.3132
240.0770
210.2362
225.5642
223.4197
187.8616
191.3453
224.5597
212.8798
251.1489
241.1740
255.3114
245.7405
240.8019
232.0810
252.1565
215.1161
247.1126
250.1586
199.2287
188.7245
232.4968
240.1721
250.1351
250.9364
238.9904
257.0365
253.8706
225.5843
232.7845
248.6268
236.8230
206.7898
235.9679
234.8927
232.4170
217.2404
198.9541
245.8933
244.1204
220.6631
219.4031
217.2251
209.9640
189.8974
190.2361
249.7427
220.6938
236.0224
254.2293
240.1967
227.9125
245.7360
232.7495
250.1529
248.4329
204.6602
203.5745
232.0360
243.8431
213.1043
236.3785
232.3683
244.3311
248.0210
198.0989
187.4328
201.9332
261.6799
216.3330
252.5488
250.6985
198.5872
247.2297
213.0312
200.1072
212.3850
189.9667
202.9069
234.9536
230.9666
219.5909
222.5416
227.2220
222.8706
217.6548
244.4173
234.1250
219.5053
216.7122
229.3844
246.1363
185.3884
229.1783
220.1528
246.5677
220.1655
198.4707
195.5341
234.2451
220.6707
239.2426
222.1322
239.3898
266.1975
222.7632
246.8249
206.7752
213.4187
204.4946
207.5644
245.9503
200.6467
220.4239
243.7071
216.3702
260.3028
267.1405
236.4666
215.8692
246.9398
246.1813
243.3850
259.6866
222.2964
245.2083
228.4247
261.9926
208.3602
226.6048
219.7159
269.7138
243.2762
217.5924
237.7359
255.4744
220.8921
241.6483
235.8091
224.9313
192.2344
229.8654
210.2282
206.0949
191.2502
189.6504
230.7593
244.5073
233.8011
189.3872
251.8160
215.7544
229.3279
204.3532
242.4587
194.3483
214.4449
240.7401
243.5177
192.0193
211.1711
220.8017
252.5258
211.4699
213.4154
212.9492
202.2946
226.3483
234.9000
221.3642
222.0757
202.9515
233.8951
233.1196
206.9208
268.0891
221.4044
188.8244
213.7114
206.7923
228.0818
194.0417
210.9964
220.8480
215.3734
215.9935
255.0897
244.5378
246.6040
229.1449
191.1060
247.3114
251.7988
198.9922
239.3685
246.6540
242.2580
210.1311
249.6375
207.2185
210.2010
224.3630
207.5760
196.6932
186.4826
260.6255
258.6127
218.5379
220.6535
217.8559
261.8470
204.2777
205.1078
196.1199
212.9933
228.4250
210.0577
227.6408
204.3044
207.8155
198.8028
203.2963
253.9193
187.6260
225.1488
228.9638
225.6658
197.0694
227.6744
194.9109
197.5758
197.4304
245.6594
237.6161
219.7370
224.3668
223.0716
216.4492
202.3872
228.5934
207.5300
230.3086
245.4633
238.7762
250.6728
217.8173
238.9944
228.0121
245.6662
190.5641
189.6750
239.7331
241.5048
231.4003
227.7535
236.6415
232.1204
210.6720
193.4092
238.8024
212.7272
253.2546
245.1732
195.4096
206.0604
237.7805
241.6512
214.9163
213.7785
219.6804
214.4953
251.1760
252.9421
190.3594
242.8884
245.6150
252.0077
254.8300
206.0682
200.9459
201.8267
211.6767
222.8953
242.8267
239.7675
220.6864
231.9371
206.6254
216.3653
249.9456
187.8123
205.2860
213.2279
246.0486
219.4338
218.0267
213.8724
232.1532
197.9278
200.5808
213.3089
218.6638
215.9929
225.4844
216.7441
233.7735
212.1934
223.1898
248.5366
240.2922
248.8168
209.3171
265.1176
189.8923
190.5970
232.9460
202.0780
235.9180
241.0926
265.8218
249.4307
217.9570
211.3930
249.9897
248.5724
234.3416
197.4904
232.8089
229.4563
212.4413
251.4187
233.2076
228.5841
261.3716
237.2908
234.3056
242.0825
230.1398
231.3618
239.4478
253.9815
249.2359
241.9066
220.8058
253.9249
252.2463
220.7658
237.2989
210.6644
207.1566
211.6978
225.7414
213.6756
231.1947
218.8635
225.5650
235.6788
239.0695
235.1771
196.4468
256.7883
254.9946
212.0365
227.9769
236.1771
236.1080
229.2727
214.8908
255.0380
225.2876
203.0812
198.3311
244.9295
240.6246
230.9568
263.9586
255.4938
210.4788
204.5598
246.0053
246.6158
207.4851
212.3431
229.0136
231.8044
221.6005
226.3474
236.2091
262.2050
244.2096
247.9272
251.5947
230.7637
207.4035
224.7681
237.9354
195.2312
250.2309
262.9198
217.2578
200.7728
220.0386
230.8087
236.7136
263.4132
261.9584
218.1230
219.5074
219.9183
256.3387
226.3754
224.2961
201.4728
209.1681
206.6167
223.9572
199.1382
223.1483
235.0361
209.3875
188.2707
213.3226
200.8219
207.1772
249.6026
245.3938
208.7565
205.1509
230.0829
219.8652
231.2849
235.2324
214.3519
191.8754
210.7514
194.6715
258.5461
238.3861
210.5428
257.0303
214.3548
261.5703
221.8396
235.4760
215.5182
217.7740
231.8254
228.0230
255.7718
209.6485
229.0020
247.7017
211.0014
233.5067
196.3987
242.5913
250.9651
195.0706
198.7228
201.1501
212.5862
244.5510
214.4492
235.8519
217.8201
208.3313
255.2131
213.5266
221.6119
205.6085
196.0628
211.3973
240.2258
228.8197
201.4769
240.8745
198.3657
237.4990
218.9816
237.9382
262.0101
195.2877
204.7304
244.3336
252.5008
259.7599
233.0879
