337.2103
54.1103
20.6399
88.8130
359.9994
111.9531
359.8329
359.8333
99.7599
122.8652
131.0548
129.8756
60.2066
126.7732
123.5760
95.3978
359.7072
15.9920
90.0714
358.9698
1.8706
4.3319
48.2619
115.4678
281.0510
1.6421
276.5292
90.0296
3.3181
3.9411
359.9070
131.1079
120.4063
339.5637
71.2763
114.3482
34.6625
358.4551
0.3130
301.1866
353.5289
124.2815
103.4214
126.9642
120.7944
327.7750
102.0029
4.7093
118.3415
296.0380
97.1345
90.9857
91.6408
104.0953
89.9088
9.5915
123.9344
123.2979
125.1937
123.6351
125.1344
121.9057
3.9953
8.6571
63.8862
113.3518
97.2569
114.9229
115.2020
0.5375
129.5429
117.2339
113.1425
113.7114
116.9838
119.1243
355.5424
87.2142
8.0262
346.1087
119.4004
36.5036
355.4253
60.0408
117.0843
0.3459
0.6023
101.4068
99.1043
358.6224
3.9484
352.0650
128.2658
121.7989
125.0986
359.3159
133.7929
109.3007
115.4703
1.0005
1.8707
13.6788
10.4929
117.3659
135.2503
129.6252
120.5869
126.0723
131.6479
132.1744
17.5524
118.2543
126.8337
124.3263
131.0618
130.8612
0.5258
119.8677
359.3523
115.6180
68.2267
118.5636
91.3027
91.8543
359.1668
358.2587
3.7990
0.4650
0.6410
1.1307
134.2511
133.8082
105.1930
113.6145
119.7614
79.9916
118.6299
113.7001
137.3678
128.0608
134.8523
135.8301
117.0848
115.7982
103.8965
102.3426
354.2035
353.4159
104.3145
124.8680
127.2579
127.9681
110.0756
100.7945
94.7648
71.4948
8.2390
18.8977
282.6484
357.2435
357.7093
126.4533
96.6621
135.1123
117.3377
357.3055
359.7016
115.1503
342.0987
113.7128
114.2418
3.4902
13.8032
121.3752
131.6430
111.2977
110.4575
136.5233
124.1232
96.4298
104.8713
1.6422
3.9827
303.8338
112.1556
359.0069
359.9461
131.1619
359.8992
128.6367
357.9711
117.8944
117.4869
131.7330
118.4410
118.3762
359.8966
359.8226
129.5843
126.7215
92.1385
99.0161
109.9718
353.3130
124.4880
3.8721
134.7100
126.2162
0.8950
3.1240
126.4761
125.0391
147.3671
133.3128
133.5452
129.9873
130.2248
127.5548
128.7990
128.5326
120.6805
130.6048
124.3819
105.7916
129.8915
124.5800
122.5196
130.7671
126.6498
126.9315
132.0935
130.6710
132.2152
129.6217
359.7376
130.4064
135.2306
130.1673
132.6253
118.4079
126.4822
112.7777
134.3582
133.5084
132.4264
131.9103
132.0020
133.2797
123.0560
131.7418
123.5837
122.2601
127.7803
130.1464
124.9528
129.4010
133.6318
124.5296
128.5688
125.6042
127.5277
127.1372
120.1976
130.7695
113.9220
354.1897
18.2915
94.4742
23.9931
30.5356
83.5122
349.1852
140.8132
110.1807
110.7974
305.7027
13.7481
30.4545
57.1720
116.5768
124.8239
124.9587
97.5494
100.1602
117.8611
121.0820
5.8939
4.0269
120.6537
114.5395
117.8112
121.3946
49.7484
117.8976
0.1254
53.1292
119.9142
119.7996
297.5320
94.6246
94.0677
125.1522
121.9816
114.5134
124.5185
121.3708
121.9916
118.3926
105.2587
359.1222
115.9512
132.4112
132.7555
120.2902
107.1868
102.7976
110.0805
114.0306
125.0623
136.5513
96.9868
120.3966
118.9509
126.5829
97.4872
3.0323
111.4007
116.8014
331.1118
328.3076
124.4679
135.3930
134.1514
132.7274
302.2771
112.0478
118.9132
122.7254
81.5658
96.8685
132.1196
129.1285
359.1172
357.1160
115.6183
110.8430
354.2159
359.3802
358.6285
127.7020
114.5367
113.8951
116.4408
106.8679
125.6997
312.3696
125.9005
125.3198
123.5983
125.5615
110.3906
0.3373
59.2822
130.2473
126.4416
136.0793
118.6530
138.3626
339.9448
125.8566
137.0797
91.8340
0.0994
163.5728
351.3636
359.1834
0.4364
131.2727
130.3985
96.5276
102.1654
128.0701
126.4160
124.9891
109.2848
124.0735
357.8434
120.8837
118.4797
134.7581
123.6131
359.6391
25.1806
110.7060
111.4319
129.9852
292.4555
323.1006
128.0086
359.6927
357.0076
349.0469
3.8585
354.2289
17.0448
131.6120
106.5621
121.1422
122.1412
130.7596
149.4914
9.2981
133.5764
129.3687
131.5010
134.3159
120.9528
117.1788
123.7586
117.3472
127.6504
132.4574
126.7623
122.4704
5.1432
12.2777
136.2770
127.3461
123.8342
126.4494
359.1153
110.8235
128.9840
131.7958
128.3004
132.6316
81.1492
128.2882
108.3997
101.6270
126.0747
125.2148
128.2750
359.9900
121.8028
118.3608
130.4239
133.2812
124.5680
120.9697
110.4519
123.5064
64.2478
125.0767
45.3915
131.8237
130.7616
126.9863
124.0912
114.4145
346.4364
122.4783
137.7688
127.0805
128.7205
129.1451
131.4538
122.6654
95.6182
122.6392
119.8974
3.0056
21.3847
85.2772
99.4778
83.4965
114.4945
7.0141
45.7913
146.8534
342.1663
111.7049
132.4292
124.1912
125.6620
133.5044
131.3704
82.9901
105.9356
107.0665
113.9103
132.1052
115.6931
1.0108
1.8414
130.3889
128.6976
85.9187
86.8913
121.6618
119.5389
120.4008
118.8810
138.3063
109.6619
128.4176
132.6377
293.3073
123.2025
355.0567
115.3859
120.7849
353.0000
92.0008
126.3016
127.7129
355.6315
1.1518
106.4555
136.1635
135.6700
115.8465
2.3194
126.6082
135.0163
123.6830
114.2077
103.0107
150.4674
170.1968
121.4745
136.5720
1.3773
358.0940
132.9680
125.1842
127.7396
126.6863
80.6072
15.9423
340.4658
118.3935
46.0099
113.5661
323.1572
317.9819
117.3940
128.4497
117.4177
122.3485
124.3630
337.6277
338.1096
100.7050
110.4642
148.1118
347.2695
126.1161
319.8906
107.4863
125.3963
120.0620
121.9781
348.8912
344.0989
129.6895
127.2536
126.5984
99.1205
122.9178
124.3042
119.0891
134.2873
134.9484
108.6865
131.8342
130.7978
130.7383
135.1247
277.8893
99.9478
129.1804
124.8205
133.4350
343.4183
343.7810
128.4475
132.1308
134.9933
129.0332
127.5527
132.9805
127.8632
103.4918
104.0518
132.7524
131.5598
111.6305
128.7991
117.1205
113.4636
136.6137
118.9475
133.5561
113.7275
12.2503
122.4834
111.1660
81.7731
118.2243
124.5472
128.9434
129.1146
130.3786
135.4759
128.2276
93.9717
120.1395
127.0612
130.5069
130.3082
358.2057
125.5571
124.5502
119.5031
116.7131
136.8354
359.8451
125.5562
126.5739
112.4571
117.2684
173.5705
320.4307
125.0858
121.1100
127.1368
125.0192
123.8386
118.4695
123.4384
125.8038
119.3724
18.1186
135.7139
131.4446
120.3198
109.5085
123.7569
123.4555
119.5875
124.6208
126.6762
124.6661
101.3042
122.9057
104.4286
297.2957
106.8096
111.0527
111.3222
116.5638
66.4309
359.9391
358.7274
116.6911
121.9152
128.3501
112.0971
348.9463
127.6670
129.0685
122.1336
110.8006
108.3522
104.5054
143.7877
347.6138
100.5416
106.0175
128.6921
355.6051
355.1198
128.7601
132.5894
337.8280
126.2332
111.8828
112.2228
122.5384
130.6785
118.6908
125.5696
144.3962
150.6229
123.8956
358.7798
121.9343
123.1746
106.4411
136.9098
161.0736
345.7040
132.3732
125.3522
133.9362
0.1913
129.1603
132.9481
153.3169
358.8623
108.6766
116.0226
114.5082
116.6751
118.1109
117.8629
118.5094
118.1924
123.4604
123.8915
129.6592
119.8649
126.8683
128.1337
134.4942
133.2825
113.3500
125.8138
131.6794
110.2230
123.4211
22.1827
351.5819
124.0575
123.2216
19.5803
16.1191
127.1044
117.1453
129.8895
131.3052
115.1363
113.8643
121.0087
121.3056
121.9457
120.6353
75.0466
118.7029
121.7683
119.4001
168.3078
113.0906
121.2532
118.2235
132.8515
131.3704
318.6124
323.5079
21.2659
3.5229
128.8388
126.9160
121.5587
121.6861
124.1072
143.7494
120.4562
106.1174
127.9987
168.7718
106.7627
107.3784
131.1337
115.2762
112.9758
354.0003
113.2777
46.9332
112.6588
119.5116
357.7019
345.6750
107.0816
124.0079
121.4865
134.2935
129.1369
127.9412
119.8987
138.1215
132.9620
125.6655
127.8837
119.5780
113.6789
115.8986
132.5289
135.2317
114.7657
39.5151
117.6011
123.9470
132.4398
120.2684
129.6408
117.0270
127.9913
133.8126
134.4247
134.6895
135.9919
135.4385
126.3652
123.1574
95.9249
109.1585
105.9647
133.4570
132.1704
135.8275
130.9898
117.1625
131.0517
130.1282
0.3315
109.5855
117.1081
123.7191
126.0381
129.5878
2.1907
30.4785
119.6469
129.1817
134.8775
133.9684
113.9559
116.8232
118.1833
118.0220
93.8736
127.3289
74.1678
113.4681
358.1191
358.1380
124.8949
121.2062
135.6886
131.8080
122.1431
114.4579
126.1182
133.9791
136.3247
122.2590
319.4513
138.4656
122.8169
115.8905
126.5293
130.0557
132.4046
130.6583
122.8607
45.5683
98.1982
115.9873
339.5942
139.4819
133.8513
130.5021
121.3120
121.6054
302.5905
123.5961
54.6310
8.3225
133.1018
131.5968
117.3170
116.9123
131.3504
129.7000
135.9462
135.8189
298.2462
128.3179
123.9648
135.1940
125.6687
123.4665
159.7859
355.7399
134.2697
103.6419
119.1729
134.9732
126.6058
125.2094
124.6834
91.4551
120.2060
125.9182
116.1533
1.8950
344.3630
129.8055
129.1228
331.5530
0.6370
108.0659
133.5761
120.0930
343.0488
352.5085
121.0601
118.1781
356.3913
111.0936
4.0448
59.5260
122.6435
121.1941
126.3914
122.9245
129.6383
129.6169
95.0333
110.6795
132.7529
131.5002
135.8808
141.1488
125.5004
133.1104
136.5770
103.8435
98.4954
130.4932
128.7956
1.0136
3.7317
119.5197
117.4398
6.8779
138.3645
126.3160
126.5855
130.3556
125.0502
312.4125
311.0178
292.9433
290.5736
355.4344
346.7284
129.1392
135.7440
125.9073
136.1185
125.3647
119.6987
342.6219
350.2996
134.0733
22.2492
81.2253
352.0525
90.0165
113.5552
139.6540
352.5386
36.8990
129.1456
130.9187
158.8171
31.6711
113.8781
111.8893
131.4699
130.9452
125.1949
121.1012
73.1918
32.0584
124.0141
358.7682
136.4883
145.9722
125.0545
130.3505
118.0271
113.7403
126.7759
19.4001
10.8721
102.6038
102.4303
117.1797
353.6019
131.6977
129.0123
346.1987
352.5060
32.7374
1.0816
15.3360
359.4468
0.2796
62.9154
102.6143
113.8787
105.9419
122.9433
130.2735
356.8516
68.0893
126.5564
109.0098
113.2000
126.3517
121.2100
120.6235
125.3435
128.9538
134.4902
134.5684
0.1124
117.5753
96.5253
347.0307
123.7424
133.8299
129.8265
6.9805
76.3651
103.1753
116.2360
359.4971
0.2017
345.7819
119.8643
119.0399
98.1278
98.1831
165.9064
2.2473
106.8237
112.7758
133.0606
122.2490
124.6701
317.1578
128.3490
0.3746
0.5230
113.9797
22.8057
125.7992
119.0823
5.4997
73.7192
130.6971
130.1102
354.8956
123.7066
156.8570
4.4550
358.1693
358.1551
3.9830
354.8151
115.9391
113.3476
112.1729
134.3949
356.8551
96.3466
358.8676
0.0810
308.6046
309.1520
353.2994
345.8746
5.1006
359.3122
347.0500
346.2576
357.7534
352.8770
123.4350
125.5970
125.7538
133.3092
122.1922
117.6215
126.8871
128.7951
114.6149
353.9873
113.7668
131.5594
113.8933
133.9117
110.4996
122.5077
119.4377
128.5472
124.3398
119.4638
131.8327
5.7065
6.5093
131.7800
132.5262
101.3886
136.0376
133.2037
135.1046
106.4883
117.1178
9.3791
122.3379
102.1325
7.0720
132.7334
134.2077
121.6168
132.9911
292.5239
299.0788
130.6951
118.0117
104.3001
116.1389
356.8040
103.9259
109.0520
127.3689
122.8413
21.4766
12.0972
127.7013
4.7932
1.3711
359.1514
16.8466
100.1791
10.9188
355.5655
318.9775
105.6513
133.4585
133.8183
135.1383
113.8068
117.9361
125.6118
129.6600
84.0718
119.0699
117.9007
119.9807
338.5845
52.5134
127.3611
161.8962
100.2172
282.4467
127.0290
131.1757
130.0270
341.5533
130.6972
111.8691
107.0736
349.6353
62.3537
1.7117
2.6225
125.2395
121.0653
0.0626
130.9632
123.7440
348.7810
134.1174
359.8231
2.9335
116.0061
129.7781
129.8090
359.7532
358.8440
0.3566
355.8238
90.9478
128.8625
136.0811
132.3021
0.1008
358.4048
349.3368
358.3541
118.4298
129.8810
149.9797
23.1619
104.6721
123.4844
102.8813
121.7951
24.0729
18.0466
118.9801
117.6878
118.0519
122.7045
342.8067
4.3914
26.6845
10.5495
3.6004
7.1243
126.8009
101.3236
99.6389
90.3188
82.6299
303.4816
123.0591
355.8163
132.9553
125.2406
113.8089
99.8184
108.0929
0.0874
71.9812
104.6002
27.6456
17.0545
138.0395
101.7837
303.1035
305.3807
4.2459
356.4920
122.2218
126.4253
133.7329
77.5420
112.2494
118.4072
123.1434
128.3438
1.7197
134.5081
76.0954
114.5798
136.3836
134.7144
136.9906
124.4866
126.9903
124.4436
117.6518
122.9640
121.6261
131.2465
123.2757
124.4847
133.3139
106.9881
325.0437
97.5773
73.0255
90.0079
128.0107
353.5318
115.7646
312.3844
121.3064
133.6017
349.8628
310.2415
347.0533
79.0695
113.8305
121.9980
125.5816
1.3134
108.2648
347.5371
14.8588
285.0798
85.5698
36.2424
89.7594
131.2762
122.8232
110.1405
0.0057
102.1470
359.9058
0.2818
114.3917
19.7475
95.1523
16.7621
137.7092
3.8573
24.3142
89.5685
118.0465
333.5090
359.3464
128.9277
127.6914
358.2917
302.2657
102.7088
117.0525
130.9301
125.8674
0.0701
124.9524
127.4399
123.2581
64.4453
347.3764
338.6243
114.9642
128.6035
130.1133
319.2330
302.3276
14.6504
102.2606
134.6372
133.4132
135.6750
108.9828
27.9551
344.9728
336.4647
130.2067
124.3990
8.5460
4.7688
122.3779
87.2081
113.4016
117.7686
115.2572
136.4406
136.6245
131.8891
115.9023
120.9550
352.6038
11.5268
67.9954
18.1747
318.9938
127.8557
349.8182
6.8573
25.7790
127.1193
337.5298
333.3772
324.8880
90.6049
106.8447
110.8054
0.5373
6.8493
350.3893
45.6756
357.8904
324.0803
117.1985
10.2546
44.4614
327.4372
341.4161
117.2762
95.9864
2.9871
359.8622
359.4895
359.7491
0.0891
1.9145
110.9586
121.0224
356.9214
341.9359
96.9829
110.9911
117.8153
101.5254
115.3383
4.5531
6.6103
121.1203
66.7705
1.1428
90.8677
120.7290
0.5699
30.9980
3.5548
21.8408
13.5241
39.1907
358.6788
39.5061
359.2247
0.8133
1.2302
11.4133
119.6979
132.2011
129.7040
128.8776
356.8772
132.0027
124.2063
0.3404
122.9273
34.5091
49.8719
352.4188
352.8453
355.4313
102.1993
85.7090
84.7187
120.6440
121.5901
117.4072
117.4430
113.3642
121.8680
133.2463
98.3343
96.8215
120.8529
123.2065
118.4050
135.6937
124.7042
114.4374
132.1228
131.8847
104.2980
105.6808
127.3267
128.9189
132.0317
130.0104
136.1970
107.2823
109.0921
0.6897
139.2283
123.2043
115.6575
90.6390
128.2043
125.4483
128.5404
118.0571
129.7293
120.2345
109.5171
90.7312
119.5817
118.8554
94.8741
122.1160
138.4270
99.0015
139.8326
124.0630
115.4596
117.6189
123.7156
123.7871
129.7321
124.6600
116.1161
120.1226
132.7225
277.8376
359.1252
120.0736
115.8899
106.6112
344.8818
316.4206
121.2851
89.9374
357.2393
90.3939
131.4012
115.4139
116.5754
330.8647
118.0935
116.8756
113.2990
111.6879
11.7623
114.3226
123.0059
121.6394
112.1685
114.7565
111.3107
102.2455
65.3503
66.5765
332.7083
121.3313
336.3258
15.8786
118.0928
1.6895
94.8508
319.1506
114.1276
120.8872
111.2472
334.0086
111.5525
22.1958
352.9270
134.0629
116.9694
120.2407
113.4613
345.6734
135.3585
129.0396
357.2437
0.0043
115.8238
49.1394
6.1156
128.7010
118.3269
32.0796
8.7806
124.8730
86.0047
120.8599
330.5369
119.3257
128.1586
357.3333
2.1220
126.2548
125.0453
120.7998
118.4650
118.5267
91.2285
101.1137
99.5035
132.7887
354.8446
340.4861
130.1609
120.4219
116.1552
133.9337
136.1741
122.1398
124.4077
127.5160
126.5677
131.3546
128.4309
109.9254
133.7822
134.9293
112.1369
103.6651
19.1858
61.2557
130.5971
120.4618
134.6950
127.7026
129.2736
126.5147
123.9806
121.9209
133.3623
107.4043
75.1830
125.4914
123.4684
121.6681
114.6483
121.7385
127.3474
346.8117
354.5034
114.5850
115.1986
118.9202
117.3258
10.9494
127.9326
132.0884
114.1979
122.4914
118.0188
3.2482
27.1118
119.8448
119.7761
118.8857
355.4467
124.9165
117.9619
0.0148
91.1247
125.8109
129.0028
129.3331
126.6334
357.7395
333.0353
117.7372
122.5146
115.7291
112.6065
309.6892
122.1645
126.2586
117.4330
19.5114
336.4587
121.9833
120.2654
91.7221
122.0535
124.1597
119.3845
107.7163
359.7867
121.4653
129.4027
115.5121
355.7409
114.6739
91.9133
16.1439
324.0424
125.6531
121.1908
115.3664
57.9216
20.0286
9.8854
112.1043
125.6468
345.2636
108.1816
173.2392
120.3797
94.5342
37.4013
112.3743
98.4469
102.6253
338.3026
104.0352
123.2286
97.4102
120.7163
117.7774
132.6836
358.4283
131.7035
124.1696
115.2003
339.0659
116.0501
96.7863
111.3291
117.1721
109.7088
116.2091
339.4898
116.4267
120.3771
104.1974
135.0540
117.2043
108.5778
120.4938
106.6065
154.2734
132.8200
136.0492
125.2749
132.9712
142.9023
124.9596
358.4535
120.1117
128.9129
93.7600
131.9321
132.6223
124.9179
122.8785
129.8542
132.7204
116.2452
120.8468
127.0773
130.3050
129.1966
0.6023
127.8207
127.6016
131.3449
132.7855
133.0599
132.3428
125.2254
123.9020
8.0995
0.4273
74.8141
356.8259
126.4902
128.9467
128.9267
119.1998
126.9284
131.9875
4.0187
134.9519
107.5051
106.6713
357.6783
89.4882
1.1567
119.0252
6.0915
112.6403
128.4909
127.7806
131.2377
125.4441
356.8697
103.1821
106.8071
97.8092
116.5948
344.5180
130.7240
353.4939
3.2823
99.9504
114.5614
134.5552
122.4228
356.5929
107.3160
359.5573
110.9676
6.5352
128.7502
46.9962
129.2455
124.5956
123.4117
127.8963
120.4238
134.7621
125.1418
124.1848
111.2762
111.2800
109.0874
112.4938
126.0015
271.0724
153.9084
356.8016
108.0188
0.8377
120.3901
123.9938
123.9444
128.7602
352.8758
353.4473
125.5239
87.8440
71.8137
113.3696
124.9784
358.5390
137.7916
122.1600
116.8175
128.6566
128.0891
113.8407
0.3455
126.5925
47.2108
120.7839
121.2842
118.7327
95.7911
105.7875
352.0110
106.7790
71.9506
91.2124
116.4645
327.5684
149.2143
4.3858
7.0042
112.9141
0.6112
119.0360
120.9650
120.4239
0.7199
119.2010
126.7392
125.1344
124.6465
351.7132
310.6522
132.4662
131.7434
130.3846
130.3630
108.9403
119.7579
29.7872
1.8702
0.2872
124.7874
25.7190
2.7099
130.3235
128.0813
128.8998
123.8668
123.3471
126.8266
116.4785
116.8728
112.8217
0.3270
59.7192
4.8730
115.8887
106.4071
0.4734
106.9287
144.2888
124.7076
359.7689
107.9702
359.8050
116.8401
114.6789
0.1059
122.5316
121.3795
117.5500
124.3338
129.0108
129.6294
107.8243
113.4702
80.5546
98.8506
8.9622
126.0468
127.0323
355.4656
299.0692
339.1003
358.9938
118.6192
120.8853
131.1730
113.3250
112.4509
6.3068
118.7747
121.7060
344.1963
126.9311
128.5289
121.8139
124.5626
122.5278
123.1007
131.7384
130.0526
115.1352
110.9147
1.5122
99.1778
130.3777
131.8003
123.8700
101.4939
122.8005
118.0547
347.7628
107.6600
132.2317
105.4021
113.6774
121.1529
5.0738
79.9715
359.5000
128.2663
126.0232
5.8685
136.4608
133.1769
4.3992
34.0595
96.0614
120.8418
123.6083
129.5973
129.0051
129.6591
123.3345
358.2333
113.8861
68.3605
94.2840
1.5048
71.8031
125.2386
116.7871
126.5271
120.2919
91.0176
0.1264
130.1094
120.0794
121.8834
131.1296
130.5116
124.5636
0.2932
359.2161
120.7600
114.4777
124.6017
116.4358
127.1463
359.6623
133.8755
131.4891
338.5365
304.8320
122.7515
130.8664
113.0655
0.3387
4.8290
134.8407
95.9029
87.2490
21.8515
128.7497
128.2973
116.0742
118.3795
107.3792
340.5374
285.3471
133.5657
125.9151
78.8480
122.9679
123.2972
119.9159
116.0768
92.5505
0.9426
130.6413
1.7040
128.0330
113.3133
346.5245
124.9384
129.5239
135.1268
122.5879
121.4863
112.0866
119.8687
112.7795
107.4675
130.7938
351.4899
126.4765
119.9075
117.2621
355.6115
134.3511
124.5693
1.5503
110.2426
124.0413
126.7677
102.6248
122.3378
119.5470
347.8866
357.1291
125.1493
1.4839
122.7062
125.5250
354.5463
123.9489
1.7116
121.8426
127.1787
125.7620
128.0135
126.6575
130.2413
115.3926
121.8794
0.2940
119.7482
84.8616
127.0467
129.7384
129.5140
134.5301
101.5047
94.4877
95.3007
126.4306
129.1946
122.1678
123.7663
112.5323
123.3821
123.7901
136.1102
113.1068
116.5937
119.5942
103.3436
319.2059
353.8219
129.3310
125.2796
128.7834
359.9451
117.9725
343.7374
122.7308
125.0086
124.5039
129.6055
121.4448
119.8834
133.0109
355.6644
2.7861
120.1086
106.6122
292.4671
119.0713
117.8748
3.7717
131.0998
118.3934
105.3281
121.7993
132.4744
359.5287
123.1418
103.1933
126.7516
122.4575
5.7890
114.4096
84.6544
116.3159
117.9221
106.6891
97.0437
114.6394
345.7334
121.0228
129.8312
125.3891
117.6352
0.0130
101.7288
125.2108
127.3720
127.7435
92.8684
111.0369
127.2135
100.7051
354.0257
1.5420
118.4623
128.7434
125.2779
117.6956
102.8163
358.9443
126.6631
355.6353
114.9787
90.4037
133.0522
353.1071
62.8261
311.3902
135.1867
56.4065
343.8809
359.8655
129.8157
21.7679
309.1450
2.0937
358.7356
339.7541
109.5091
127.0634
118.0293
124.5815
117.4703
91.9718
37.5627
359.5903
75.2128
120.2439
112.0466
291.9094
91.3210
80.9858
48.2330
330.3344
106.5304
351.1539
177.7011
128.9039
115.6391
299.5384
78.7226
107.2726
109.4261
74.2989
92.3488
98.2146
314.7681
114.2926
293.2732
359.9775
47.6920
121.2798
101.3470
101.3920
121.8012
3.2486
122.5619
128.5283
9.7542
121.6660
123.9668
112.0330
67.0188
30.7774
280.1894
98.4985
104.8018
351.9060
126.9851
112.3200
117.5066
127.1412
359.9887
359.7345
120.3475
121.9827
115.6036
0.1045
93.5049
0.0524
325.3967
58.7119
131.3781
355.1097
358.4407
119.6945
292.9349
113.3655
20.5613
0.6123
0.6222
357.1379
278.6976
90.3219
319.3501
31.1038
133.5787
117.6003
357.6163
358.0865
76.5569
130.7702
114.0651
359.8105
112.0528
90.1671
7.6750
88.5397
9.1944
355.7742
101.6967
102.4115
122.5309
18.9783
355.4261
350.9130
89.0349
312.3194
125.3734
292.1428
120.5221
91.1483
105.5347
131.8537
359.5073
3.4175
127.7151
16.8751
104.3508
357.8941
340.9345
0.4097
280.7132
22.4709
55.1148
137.5722
121.6669
84.7457
134.2976
132.8447
0.0603
112.5258
126.3709
134.0378
0.0720
120.8744
128.4972
126.4217
122.3497
119.8885
126.7677
324.2041
98.6132
359.0320
97.5965
353.4317
125.2595
117.8341
359.7651
111.9163
283.7660
121.2030
115.7497
359.6242
123.3033
124.1205
358.4032
275.0603
129.6690
65.0243
122.3843
114.9935
109.8601
108.4952
130.6069
117.9024
105.1142
92.2236
102.7599
128.1476
117.3991
7.5535
107.1165
111.5239
93.6414
104.5995
122.0791
127.5059
120.4984
125.1407
318.9350
125.3061
133.0316
128.6229
357.6942
95.2676
305.2182
8.5593
117.0829
113.5248
130.8852
116.6734
359.9999
127.2828
355.1393
90.7708
127.0214
127.8069
359.5963
84.5073
317.1774
105.8566
125.9680
124.7744
123.4865
1.5632
315.6393
125.7184
94.0822
359.1290
141.1348
350.0271
355.7167
35.2454
100.5506
118.0542
332.6802
303.0813
0.0307
133.7805
347.4603
354.7222
121.9738
346.7492
129.4284
131.4112
115.6536
121.9440
126.3180
127.3492
130.2853
122.1166
137.9447
109.5140
124.5136
126.6337
5.3168
14.8846
97.3023
102.5092
129.8146
123.3351
125.8480
123.6241
345.9622
92.6409
136.3694
136.4373
118.4471
122.4803
99.7810
0.8990
128.2451
120.9077
7.8199
125.5078
303.3783
108.0253
112.7750
107.2528
93.2119
105.6746
115.6848
114.0385
124.6045
138.4809
107.7056
99.1027
359.1309
103.9015
90.6105
122.9446
114.5106
112.7580
127.8926
122.9528
0.4638
356.6792
111.7059
108.9873
133.2431
132.6733
111.6261
124.0303
125.2488
114.5231
110.0856
119.2741
117.6618
110.9892
78.3739
128.4141
125.5466
133.0778
119.6990
126.1310
134.4424
133.4055
90.0311
306.8571
121.9815
118.9829
123.5278
110.3743
27.8217
131.6509
134.9350
333.0310
108.5569
126.4421
129.4775
356.1367
108.9195
126.0372
354.3001
341.5807
288.8037
127.4421
111.5721
3.5593
287.0962
7.3098
101.1145
107.2293
352.7957
112.4312
122.1714
121.6295
358.9674
305.0514
351.2137
66.7133
358.6725
7.8815
127.8703
84.2419
294.7288
60.8643
87.9499
297.9015
104.5520
147.5531
114.3708
124.5737
146.7777
321.7549
124.1946
1.6793
20.7300
128.2952
32.6291
31.5161
355.7947
93.4967
125.4477
127.0952
1.5998
128.1989
133.1450
327.6483
123.8185
350.6743
358.4175
105.9940
359.9043
91.0393
5.2593
70.7470
2.3744
312.6805
42.5216
358.6102
281.8150
357.1957
352.3574
115.8567
132.3469
296.8780
0.0245
355.9244
7.4752
108.1377
349.7015
320.8190
81.2318
109.4888
358.8923
132.2565
130.8700
127.9899
82.1482
109.0742
129.9939
85.1085
118.2151
126.4466
165.1925
122.8676
121.7574
114.7159
114.0029
124.2175
124.6088
81.3341
8.8413
110.0019
121.1265
118.6533
107.7572
170.9735
359.9231
75.9198
87.0450
125.7937
134.7931
88.7263
60.7712
348.6033
127.5463
115.3574
118.3386
111.7423
135.1796
127.1378
126.0459
107.8841
93.8868
121.6041
122.7860
132.5237
0.0871
3.7297
126.5386
134.8477
109.1559
125.7412
13.3864
293.8527
119.3757
130.6986
359.2867
1.3172
130.4765
129.4679
131.3565
133.4369
126.1466
125.9740
118.9821
117.3480
111.4667
106.5273
126.2713
122.5177
295.8075
296.2223
349.4364
7.9470
0.0004
94.5394
97.8526
108.8212
100.6612
108.2108
116.9727
121.8146
111.0363
127.2034
126.8439
2.2855
107.9556
102.1152
99.4073
95.8691
121.5212
359.0455
129.8633
135.1333
134.0666
108.6189
135.7544
129.3523
121.6648
355.8207
134.0884
133.8619
117.7185
160.8268
347.9726
0.0174
112.2485
107.9072
121.9646
106.0453
102.7776
113.0203
110.1682
121.2520
110.7987
112.1312
103.9620
129.8280
98.9338
125.8028
135.3223
122.2295
7.7559
95.9613
337.2298
95.1979
114.3646
134.9086
97.6199
117.6602
117.3052
106.5026
121.0663
121.0440
120.7113
114.5616
113.6142
129.0008
134.8495
110.7890
136.2820
136.8230
123.1973
96.5069
299.6396
359.4239
126.6321
122.8102
126.5737
115.8894
131.5608
132.3067
35.1069
0.5547
359.6026
353.6662
114.1000
29.8923
30.0647
120.9707
90.1426
359.1850
338.1283
356.5911
132.9965
133.2200
129.7987
139.0489
356.7200
2.0870
354.5274
100.9092
342.4112
135.0485
120.8425
302.3892
106.4088
126.1972
114.6415
355.7406
355.6434
100.9710
94.4593
119.1832
125.9036
1.0890
356.5385
346.1405
0.2221
7.2870
352.2804
129.5327
121.0042
135.8821
149.0593
142.6028
349.0239
121.7846
353.4570
356.2075
339.1597
346.1652
124.2786
124.9127
120.5403
359.6502
356.6090
44.6593
132.3348
89.9791
349.9482
3.6553
118.2174
24.3242
144.8322
124.6853
123.6964
302.4583
126.9462
122.9895
131.0244
133.5972
106.7279
123.7847
325.8536
126.6521
129.3780
135.2709
135.0948
111.0013
125.0953
104.5955
127.7460
0.1335
130.3894
128.1583
132.9235
130.5592
134.8759
134.1530
122.1573
118.6698
134.3580
333.6111
130.6589
107.7405
135.9521
118.8895
133.4901
119.8165
135.3744
134.5880
129.0319
123.1211
120.6240
119.6894
134.5994
123.2371
131.7526
131.0703
130.6184
132.8019
135.0252
359.9451
359.0008
129.3531
118.6249
121.5568
119.8447
141.4648
105.9386
83.1043
346.3757
135.8148
136.0340
136.2628
134.8361
132.2580
130.1378
133.2083
131.0111
129.4200
0.3931
110.3824
133.0496
131.4827
351.2781
129.2409
130.2076
96.6380
100.3350
131.2056
124.9861
134.7508
132.0160
115.9132
127.7520
111.4759
119.5400
117.2384
326.0429
136.0803
127.7949
146.6877
109.8979
338.4321
129.0866
130.9390
132.3531
123.0091
111.1112
106.4927
127.3802
132.7557
128.9839
132.1496
119.7305
15.8496
295.8412
110.7664
128.9679
130.8659
135.0669
131.0749
4.0681
129.0230
128.5581
126.7946
158.9290
163.4090
135.4487
128.8155
132.6384
126.8686
124.4847
126.4577
124.3615
130.4283
62.4365
70.4535
357.8439
13.8181
303.5605
311.5506
106.6814
121.4193
123.6450
118.4430
112.4672
345.6280
357.5853
129.8080
132.7751
124.9477
108.4747
118.0594
351.4775
299.2512
114.1832
102.9392
93.8533
355.5641
139.6088
2.8887
133.4391
103.0743
81.0979
128.8260
122.4562
343.2254
113.7218
4.0639
138.2729
121.0137
284.2700
133.2055
359.9737
136.0684
1.6234
122.9324
110.0707
111.8285
108.1504
130.1106
124.9999
131.8187
95.6121
133.4849
98.4161
133.8686
130.4125
109.9285
12.6435
115.1257
354.4787
98.3200
0.2192
124.1766
124.7311
128.8368
114.3077
98.3696
135.7286
131.8485
112.2492
117.4558
123.8023
123.5295
118.7239
127.6093
121.5441
120.2916
127.9499
23.3352
305.9394
97.8012
112.3917
51.3535
131.9170
123.0183
8.2014
126.9326
123.7368
76.1693
129.0998
116.6265
332.4456
334.5306
357.8876
358.9780
35.6622
132.2610
128.7337
98.2070
131.0825
120.9784
120.3335
0.1096
309.9034
159.7113
17.2218
122.8248
121.9245
102.0382
352.8542
359.7269
96.2140
135.4199
321.6080
0.1669
3.5949
7.8174
124.8843
113.5300
129.2957
113.0708
120.4987
46.0268
2.0272
282.8646
141.4427
357.1943
117.6337
131.9661
162.5708
353.6420
359.4348
338.1544
338.2809
112.1384
110.0861
121.6923
104.6836
116.9567
81.5175
113.8903
117.0736
332.0980
123.6308
130.9504
132.1864
118.0137
128.6788
348.5519
343.0859
349.6848
351.7082
359.2832
359.1128
116.1051
121.6470
127.8597
128.7968
121.5269
104.3388
111.3833
354.7434
356.8382
359.0521
122.1855
352.5251
110.9703
356.5949
359.0993
357.0583
123.0212
102.5624
353.7810
6.2396
108.3872
343.0663
141.6918
120.6142
342.5679
343.3590
135.3003
120.1848
127.6339
27.4764
121.1611
127.2166
132.4562
112.8212
100.6683
121.4741
115.7663
102.5579
123.8816
115.4738
126.8097
126.2167
96.6758
118.5714
355.6992
356.0917
134.3167
133.2004
123.6866
118.9034
112.5870
129.2175
343.6281
352.2671
118.5922
57.8703
122.1252
124.3832
104.1920
89.3788
136.0111
136.4946
125.2754
122.5749
107.3166
106.6878
119.6607
118.6499
3.1193
115.5553
113.4130
119.7221
118.4767
15.0026
123.8245
136.5108
317.6645
346.9856
113.7834
113.2620
134.3327
134.0427
123.1275
126.2258
108.7023
349.8559
111.0101
118.2675
130.5194
123.8819
323.3104
327.8068
133.3317
4.8196
0.7998
163.5397
346.0533
119.0877
126.7099
37.4671
92.9524
17.6696
353.4443
129.1504
129.5163
107.6423
315.1604
90.0912
359.8069
359.1336
13.0178
111.1698
122.0976
116.9002
127.9627
133.4937
124.7267
116.2188
133.2082
132.2724
131.8033
106.0728
128.8382
130.3192
122.8272
135.2222
128.3991
120.5616
133.5611
133.4214
131.3774
130.5461
135.5537
131.9074
131.7941
134.3592
134.4227
136.6614
119.6445
125.1358
128.9284
58.1155
115.6080
111.3589
15.6122
133.3352
133.0405
133.5912
135.2496
134.0132
134.1540
131.1362
136.4273
133.9582
122.4541
133.0326
129.5386
112.6283
128.9425
127.8732
79.4545
10.1503
130.0729
134.7748
126.3812
146.7093
67.5176
124.6636
133.1715
30.1325
118.0848
111.5906
346.5267
316.7905
131.2286
132.1836
93.6516
99.3973
120.8823
301.5239
125.9029
124.2884
81.9308
129.4752
123.5098
124.7293
123.8791
130.7019
118.4891
127.2227
133.6657
108.5211
114.3037
98.6486
138.8969
1.9107
112.2506
117.7564
123.9362
113.5475
112.4927
355.3085
352.0839
126.6124
135.6871
123.9259
321.8789
325.9213
127.9870
359.7095
353.6387
353.0038
138.0011
135.2789
113.8359
97.4123
126.2391
104.9230
93.4078
116.5076
109.6902
101.4902
112.3018
352.7883
129.0686
108.2965
110.6542
106.1507
3.0677
111.9976
115.1436
116.4995
318.6351
6.0183
291.5980
106.4476
286.5468
1.0097
127.5032
345.4927
129.9288
82.6603
129.1769
98.1101
121.2880
120.2436
80.9855
91.9061
75.7778
347.9544
111.6415
130.8988
103.1598
90.2906
111.3322
20.3431
134.7344
102.5466
123.8825
123.9196
0.0510
120.9983
0.7253
123.6169
359.9319
358.4506
119.9060
46.1751
310.5690
359.7550
127.7616
0.1554
134.9581
120.9615
133.8989
122.7667
1.8814
149.6421
16.4530
104.2156
294.1307
118.3656
