341.9599
90.9981
13.4979
91.3304
359.9961
104.9975
359.7433
359.7440
47.7052
136.4826
128.0451
128.3203
75.4358
127.3838
125.9162
330.7267
157.7186
56.5522
90.0077
355.5017
3.5516
6.8422
7.6476
299.4332
100.9634
49.1045
94.8758
89.9774
357.6501
1.6041
359.0141
337.7382
120.6121
103.0596
86.6754
112.5408
34.2270
356.5198
359.5664
14.4170
345.2738
122.8885
102.1281
126.6896
115.7960
339.2961
105.9638
30.1092
118.9590
290.8556
100.6768
109.2491
92.9682
107.9573
89.9069
23.5632
124.8928
124.7850
126.9855
126.2034
125.9149
124.2016
4.2178
11.6389
103.9484
115.4538
97.6007
118.8294
119.7844
0.3577
128.1666
113.8055
111.9816
113.2456
118.2100
115.8984
359.0912
86.9392
8.4288
149.6548
122.8956
20.7059
171.1221
120.2584
114.9357
357.1262
0.4132
108.3369
109.2282
116.6859
1.5596
1.1510
331.6626
123.4196
127.1819
358.4987
134.9425
124.1661
125.3079
14.9777
13.2779
55.6659
54.4983
117.7548
129.3259
127.2994
121.2111
120.0459
132.3201
131.9288
101.1018
106.2753
126.3830
127.5980
125.4005
130.1028
90.9694
119.3609
119.3679
118.3746
90.8039
123.5675
92.4695
93.6913
163.4086
155.4598
3.0046
2.0700
104.7285
96.2090
133.8099
132.4131
106.5006
109.2400
121.6345
39.2478
83.2346
131.7486
135.0761
118.1492
134.8796
135.5535
119.4829
118.7085
103.8351
102.4943
139.6130
111.1853
111.6818
128.0144
125.5198
126.1529
116.0584
116.2794
29.9133
35.4296
34.4239
61.8364
50.6884
323.0638
339.1199
130.8172
121.9013
348.2660
117.5062
357.7606
1.9190
123.2314
307.3744
120.8957
121.1074
1.2464
7.4084
130.4334
125.3942
110.7423
109.6502
136.3977
118.5625
109.6024
112.1509
10.8556
5.8853
121.4946
120.5974
359.6941
0.3086
125.9224
0.2270
126.1753
166.3509
122.3208
123.1163
135.5749
119.9872
119.0215
359.4398
359.1437
135.8218
129.4509
94.6340
100.8620
115.3399
125.9543
129.6443
319.3416
136.0265
121.4948
81.5539
40.9483
128.2626
127.9716
353.9710
133.1059
133.5657
130.1259
130.5616
129.3457
130.2842
130.4963
116.0234
133.4946
133.6299
99.2288
130.6784
124.2664
113.8627
127.7341
126.5771
127.4843
131.8507
129.9333
132.2521
146.6428
359.2798
131.4346
134.6406
125.6449
130.8016
123.2438
125.1420
114.7129
132.0734
135.0400
133.2633
133.0145
130.8873
126.5699
129.8734
129.6255
129.6689
120.0436
133.0461
130.0870
127.4688
129.2102
133.4518
124.2997
122.2933
127.6433
127.4275
129.0214
114.5344
133.2027
108.6255
17.1718
95.7260
83.2959
47.3237
5.6736
82.0400
334.7083
129.7541
118.1983
118.7299
119.6402
13.5972
29.3807
34.5605
116.6426
124.0259
126.8811
112.0093
96.6731
114.7562
116.9655
19.7857
354.6256
120.5537
114.2834
116.3967
118.9321
337.9007
125.1318
1.6597
10.4564
120.6997
122.5677
114.3113
94.3533
94.2289
127.0493
125.0263
115.2937
123.8770
111.7216
123.1928
115.7588
359.5741
351.8342
113.3993
133.6663
130.6810
120.4267
112.2004
111.4252
113.8946
114.5759
108.0614
124.0220
99.2853
123.2269
119.2875
121.8917
105.2965
357.8570
111.8278
109.1473
123.6086
320.4617
125.4026
125.0298
134.4180
134.5279
118.1109
115.7911
118.4415
126.6416
102.8058
98.7323
134.4076
117.6181
359.6432
356.9398
87.1608
112.0304
174.1678
172.7877
358.5226
137.3848
115.6683
116.6534
116.6492
111.4579
129.4407
122.6237
125.1555
124.3500
124.6949
147.1669
118.6489
7.0432
24.7943
331.3052
316.1378
322.1166
117.3886
132.5976
139.3143
122.2884
128.0470
87.5526
0.7293
144.0104
151.5818
356.1227
358.5989
126.6431
130.5060
99.0403
358.4360
125.8612
129.1159
127.8833
119.5377
129.5164
328.3173
308.9993
149.6463
128.0085
125.5494
355.5570
110.8860
114.5301
111.6524
128.9668
120.0783
124.1655
128.7383
356.4882
143.6621
327.2676
2.3782
127.4181
91.6428
122.2245
112.5103
121.6395
121.7635
133.2465
10.7878
2.8131
113.3994
132.3819
110.5455
125.5737
122.1720
118.3172
1.3231
31.7911
117.4827
128.7349
103.2157
116.2420
4.4583
6.9476
131.0539
123.0728
127.8303
125.2056
356.2591
115.6422
127.7683
129.1187
130.8249
133.4397
99.1351
117.9432
111.1177
112.2965
125.8267
125.1151
124.4212
359.9889
131.9467
127.5309
132.3526
131.5048
133.0448
106.6116
96.4548
123.9838
76.1775
123.6435
111.0593
130.7855
128.6572
128.5834
121.9845
114.9403
141.2385
125.2879
135.6875
127.2808
127.2489
129.9092
122.1340
120.9775
41.0086
115.8908
119.8820
54.5782
69.6542
88.9242
108.7799
32.8973
85.3385
55.5578
96.5946
354.8704
344.2265
110.9178
130.1561
128.1058
129.3076
135.0025
134.1523
54.8992
127.5568
111.0877
113.8009
129.6177
130.1515
1.3594
358.9591
127.6486
128.9838
91.4481
93.1953
116.1710
111.2134
117.3420
119.1465
335.7871
114.5410
126.3359
130.1288
112.7769
115.1894
348.7927
118.4917
11.1609
344.9489
131.6640
119.4044
121.3339
8.8132
7.0357
126.3890
136.3202
136.6156
117.2440
355.3944
334.9462
137.4544
115.4126
93.3868
87.5886
171.1644
349.6123
128.0100
132.5319
5.3086
3.2528
130.4166
129.3785
126.9770
126.4771
117.8110
114.6898
337.6549
118.8849
105.1906
114.6910
128.2474
307.2121
121.5352
123.8936
123.2958
121.8141
120.9048
131.9975
123.5567
108.2086
116.0985
350.5435
353.3236
129.2596
126.1444
117.1680
131.9281
126.9112
126.4600
128.2507
126.2594
130.4787
128.1987
117.8538
134.9405
119.6131
123.7109
108.1342
132.9715
133.8111
129.7620
131.0353
131.8040
132.4270
133.9321
297.5665
100.4386
131.5155
129.9368
131.2063
147.3275
357.4420
127.5300
131.5749
132.1078
132.4066
126.8023
134.1382
134.0038
103.8153
98.6931
132.9188
131.5746
120.5065
126.2359
128.2687
113.5479
335.9480
119.3913
134.0651
111.2253
5.7580
118.2124
126.2826
53.9784
118.8748
126.6844
130.4452
128.3604
131.2007
133.8237
132.2560
98.8039
116.3740
128.2246
130.5435
129.1471
356.2638
125.2184
126.1470
109.7074
116.1339
126.5653
359.5292
124.5713
124.9794
107.9538
114.8622
175.0369
118.8369
125.6215
126.6395
121.5014
126.3927
121.2006
113.3306
122.4874
123.9583
111.5930
106.3977
122.1616
131.5765
120.2274
118.6959
121.2597
123.0286
115.9901
124.9428
126.3343
122.1874
72.4704
119.3743
108.6061
303.2308
100.4851
111.0608
110.4903
116.6428
74.2258
359.1591
348.6802
117.6140
117.8783
118.7429
115.9585
345.5928
122.4681
127.3219
309.1283
114.0625
108.8564
99.1821
131.7020
300.0139
96.1330
91.1813
120.8951
352.2474
116.4877
131.3025
152.3693
120.7049
125.4870
112.6449
112.8759
116.7590
120.9579
128.3511
123.5900
130.4564
126.9138
123.3258
358.6816
120.1769
121.7232
111.8651
136.9207
123.4783
339.4624
129.1838
127.2723
133.8924
0.1076
130.1049
133.1642
356.1772
351.8828
125.5938
115.6803
114.5628
117.0607
118.0841
118.7011
118.2456
120.0052
123.5920
124.8334
125.9563
119.3798
127.1316
129.9403
120.3867
128.6567
119.2223
126.5081
131.5745
114.8103
119.0473
29.3118
349.8408
124.4688
123.6190
6.6347
112.2853
127.2994
114.2519
132.3846
126.1948
123.8599
115.7667
120.7661
120.4448
113.2691
120.7971
66.2383
117.7069
121.9707
120.7061
116.9540
104.6727
127.2953
118.3461
134.6225
134.2622
122.3098
119.5043
26.3795
4.9420
129.8052
128.1001
117.0661
121.4044
131.0449
146.5515
136.2092
106.5789
124.4430
357.0206
103.3318
98.6247
132.8070
115.9706
114.9183
119.6578
107.2717
332.4865
119.1623
123.9536
354.4712
160.1130
82.9919
125.9165
126.2173
130.7346
131.3157
131.1577
117.1695
128.2623
133.2879
132.6786
132.6306
119.1811
112.1070
115.2031
135.5698
132.8257
121.8176
109.6885
118.0219
124.8495
129.1878
129.5714
131.1609
126.3900
134.5405
134.9049
134.1826
135.4854
135.8005
135.7381
128.3896
130.4248
96.8909
102.7812
124.2352
133.6515
135.5841
135.6092
131.0184
124.1461
131.0117
126.3548
1.4718
101.8545
112.6918
121.0355
133.7281
132.9964
124.8139
104.2062
116.3367
128.3806
135.2741
135.3110
115.8101
117.2185
118.7041
118.4982
119.9377
129.2819
42.1247
103.0169
355.7529
351.7925
122.9393
123.5752
134.7410
135.4465
128.5643
117.3870
125.3028
133.8990
135.0089
123.4925
126.3179
127.9156
123.9624
124.0389
129.4282
130.7912
131.8452
131.4730
114.1624
112.3795
105.6081
117.0264
125.2345
130.0137
134.4724
130.5775
123.3494
126.3655
302.2412
124.5717
30.8366
37.7883
132.8246
132.9732
121.4022
122.3776
127.6504
129.1037
136.0254
135.9901
104.7517
128.5207
124.0846
136.2680
125.7306
124.9525
168.2101
166.3929
132.4776
45.9620
123.1973
124.7954
122.4824
125.0230
338.0667
90.5457
123.7019
130.8968
112.3640
122.8281
304.0786
130.6346
130.2857
355.9071
1.6411
107.2626
132.6942
120.8315
357.2985
353.0025
126.4931
125.5314
356.6192
354.4800
6.5715
79.4299
125.6603
122.7217
125.1917
123.5803
128.5233
129.0545
356.1612
99.9652
133.2424
132.7771
134.3538
135.4345
126.2986
133.5665
133.3552
96.0951
88.3510
130.9282
129.3214
116.1211
106.1431
121.6519
119.5684
12.2720
32.5555
126.1834
127.7984
130.0722
127.7587
132.6937
132.9345
115.2106
113.4803
116.6290
314.9291
128.4793
127.6732
133.9973
135.3315
130.8297
125.8653
135.0930
135.3352
134.4398
33.7478
107.6490
345.0669
89.9811
114.9796
122.7355
354.6619
357.1933
128.7353
131.7958
141.7156
82.7884
116.0961
116.2890
340.5420
343.9569
129.9053
126.5516
119.3102
70.7180
141.7477
131.9737
123.6537
130.8156
117.2473
123.6085
117.8123
127.3645
130.8607
14.1155
21.2124
102.7339
102.6221
118.7593
352.0139
131.4110
133.4878
329.3838
106.8994
58.5446
359.8570
357.3177
1.1900
359.8859
109.3424
110.6295
115.7314
108.1966
125.6927
126.3314
359.1206
78.2855
124.7895
123.1606
122.9405
126.5358
118.0643
115.9282
125.4741
130.2430
138.7284
137.0284
358.6528
121.7272
112.9817
357.1216
121.4195
131.3874
126.7841
357.2725
19.9958
8.1267
117.5050
359.0174
1.2043
352.2695
118.2182
118.9602
114.4894
111.4297
358.5803
359.9921
101.3222
133.7461
129.5877
117.5451
117.3424
124.9285
123.6930
0.2292
0.1480
108.7887
83.5430
348.1586
111.7188
4.9074
122.9920
133.0394
130.5397
339.1064
119.9421
165.4124
353.3968
357.3349
358.7459
3.1147
356.5157
106.5852
110.9944
127.8259
130.0469
354.2251
89.4739
349.5284
0.0700
128.6912
127.8712
351.2438
328.7894
111.9414
0.6477
129.9031
319.6276
93.6337
348.0067
118.2865
104.7068
125.1441
131.3917
116.6888
103.3229
125.8057
131.2467
349.4838
348.2578
106.8303
116.3141
118.9490
129.1854
99.3250
122.7766
119.5514
127.0944
128.4931
128.6088
134.2897
9.8267
11.0243
134.5535
135.1426
99.9569
135.8339
129.8287
137.0654
99.7137
108.6611
12.4274
123.5827
102.7542
9.2269
114.1935
123.2202
129.4260
132.2763
112.0805
298.1289
131.1102
122.7560
89.5534
107.9716
346.7601
341.4808
110.5907
127.5232
120.2184
16.2495
10.3433
111.4536
4.0637
2.2496
3.6747
5.5873
12.0182
16.2991
357.8889
119.6682
118.0977
118.2521
132.1983
133.4860
114.9370
116.7985
125.7802
129.0135
28.0769
127.4060
347.7959
344.7482
1.2434
359.9379
128.9045
122.5050
107.9444
112.2579
132.1718
132.2983
130.2283
349.9918
130.4987
107.2131
86.6160
339.4337
359.1040
2.5313
6.2686
126.9773
119.7804
0.7456
132.1763
80.3232
130.3676
129.9242
359.7975
359.5603
101.1220
128.8639
132.8433
359.8223
357.6252
359.2168
358.1041
81.8376
131.9493
347.8396
130.8285
0.5807
325.2753
358.4340
358.3090
118.1829
124.0796
359.3202
2.8448
116.0981
124.6206
89.0795
122.1787
89.5369
14.8447
116.6772
113.7145
118.6952
121.0661
126.8548
1.4877
13.3407
1.3794
2.8687
165.1253
359.0464
133.5417
112.2769
106.3557
343.8989
302.3498
124.7818
351.8946
130.5249
124.4158
112.9813
121.6347
122.2649
358.9233
81.0014
118.3102
118.6629
1.7028
125.1287
101.0331
114.0828
119.9995
2.4108
359.1407
117.4170
148.7751
135.8933
79.5513
118.4447
119.2883
126.9470
125.5750
3.3801
132.2371
49.2371
114.4343
136.2744
135.3422
130.7515
128.6352
128.4174
125.3050
119.6799
121.5368
127.4255
133.0562
125.3895
126.2933
131.4381
108.8141
107.9849
98.5652
78.7557
90.0116
129.7773
351.7384
110.4264
320.2372
122.8402
137.0050
333.1899
127.3351
154.8952
92.6867
115.9542
118.4532
127.3855
10.2044
109.4197
357.1467
31.3273
286.2449
95.0101
98.7664
8.6438
132.4836
122.5410
105.9422
0.0008
101.9835
359.8373
0.3841
124.3980
2.4373
93.2823
8.6851
341.3741
4.1333
10.8605
89.9522
121.2688
159.5859
359.6223
127.0437
115.8521
355.3437
295.8670
106.3815
117.1052
128.5078
125.9144
359.9559
125.5841
127.0175
115.8252
2.1010
145.1636
137.8627
115.6732
130.5484
130.6309
127.1532
299.7934
20.3307
56.5029
134.8835
134.0652
134.3954
113.3403
108.7477
351.2302
354.6013
130.2946
123.7109
85.9775
10.4805
6.5684
95.3215
108.3996
118.3695
112.4283
135.8027
135.6187
126.7959
120.2328
117.6766
355.8547
356.8283
31.1428
23.6246
348.8088
127.8331
135.0447
2.8427
5.6660
122.1614
136.9834
316.7999
304.0913
110.7016
109.7729
110.4995
2.1437
9.7966
355.1983
358.4901
341.2339
115.0833
117.9392
25.2387
43.0209
139.8637
326.2167
108.9449
99.9610
114.5352
115.5613
359.5132
359.9153
0.0349
1.3947
110.9215
112.8060
357.5296
356.0186
107.9616
98.1615
117.0252
112.8249
111.3105
113.0818
60.9630
105.3719
113.1305
12.7418
89.9374
118.6286
1.1192
92.6197
3.3521
73.0941
90.6863
51.3468
117.1054
2.4316
138.1370
1.9082
16.4284
308.3039
138.0978
135.9171
125.3817
130.9442
352.7937
128.4117
121.5276
1.6623
120.5240
5.6543
0.2336
141.6551
126.4597
353.1956
94.8178
103.4406
104.4216
126.0437
110.3111
109.1193
297.0207
115.8333
120.5235
133.3509
99.2779
97.9394
121.4187
119.5872
114.4601
131.6331
132.7040
124.2212
129.2116
131.3476
125.1384
113.7944
127.4266
131.7237
132.3524
133.7199
135.8102
105.5808
109.9338
0.7647
118.9459
97.5837
114.9636
91.4821
129.1763
128.9574
129.4875
125.4819
120.7591
123.5620
120.8464
109.7979
112.6076
118.7532
79.5865
126.6079
132.1449
115.3734
352.0916
156.0526
126.2176
120.5801
120.8176
122.5759
130.0178
124.5469
120.8137
120.8670
130.4427
277.7148
1.3286
121.9359
118.8801
118.4139
320.3454
125.8965
125.1535
115.8789
349.7600
90.3580
148.2296
114.7203
126.8648
349.8908
121.0836
121.8446
121.6892
117.5623
14.6009
113.8549
109.0313
122.1561
120.7330
119.4361
109.2545
103.9714
1.6914
101.2675
301.8044
354.2915
122.0776
9.7036
103.8227
359.4456
87.6219
130.6956
116.1306
116.4381
112.4570
326.5452
114.1704
35.4358
349.3983
131.4020
116.7924
117.8895
89.7883
333.5190
324.8018
117.9408
355.0973
0.0016
113.1418
77.1257
0.1415
115.1896
120.0685
96.3604
38.9095
124.9491
98.9438
120.3416
132.4789
119.2748
130.9610
357.0177
21.9254
113.3288
121.0355
133.1143
11.0488
119.0244
91.3551
101.1705
99.4490
132.9252
347.4217
132.5871
125.2957
115.8012
116.0910
133.4311
135.2610
125.4603
125.9517
127.4675
126.5813
133.5000
133.2505
110.1471
134.5251
134.8069
112.9411
118.7752
43.2534
98.9323
128.1674
126.2585
135.0120
130.3180
130.7391
130.5404
127.0327
119.8967
132.6006
108.6755
69.4312
126.9353
124.1155
118.6931
120.4541
123.8980
131.4176
353.0045
353.2579
128.1245
126.3129
120.3595
119.8530
7.6960
128.0180
129.6415
101.4861
123.3629
119.7065
109.7276
50.0959
121.2936
122.1553
120.6090
119.9112
126.7894
123.1721
0.1086
91.2326
125.7180
129.9987
131.8972
119.2618
356.1278
341.4872
117.4319
124.2311
119.0190
114.8158
114.0228
122.2269
127.4824
118.7971
6.8377
347.8253
122.9098
122.5430
96.4010
123.4308
126.7699
122.4566
107.8769
359.2934
122.6539
130.0172
118.8288
356.4264
112.4665
87.9125
94.3998
321.3151
126.5821
124.1005
116.4574
12.2477
48.2162
101.1174
114.3967
122.3787
154.8668
108.0065
147.0925
122.7319
106.8324
111.0252
112.8570
101.3930
108.1858
134.9901
105.0330
123.0845
98.8099
124.9942
122.5201
132.9690
132.8736
131.7646
125.0976
117.2884
122.4061
114.9091
96.8331
109.3926
114.8461
109.7326
116.3092
323.7941
119.7955
125.7807
103.3133
135.1355
116.4960
105.0954
120.3913
106.5483
122.0947
121.3511
135.7734
354.8228
133.3611
119.4528
126.2892
106.9291
116.9452
128.1227
93.0891
132.0514
133.1669
124.5415
104.2594
125.7117
131.0892
111.2274
120.3560
128.4809
128.4192
131.8659
2.2899
127.4664
123.9909
131.6107
129.1742
129.3843
133.5392
122.5604
124.0453
8.9584
0.5625
69.3260
355.7922
129.1270
130.6580
127.2449
119.1657
129.6289
131.3938
4.2955
132.4426
113.2787
104.7985
357.2151
83.8466
4.0860
115.6629
7.0325
111.3618
126.8393
126.8062
128.8624
124.6117
355.3540
101.3588
109.9552
97.9112
109.5721
338.8291
127.8300
344.3639
0.6609
98.2364
111.8059
129.6029
121.7857
173.3466
106.9981
359.4630
110.9997
7.3333
128.1925
65.4030
129.5058
137.7627
117.9089
118.6421
112.9365
132.7879
124.8882
123.2330
114.1111
108.7618
306.7610
112.9303
129.8356
91.4773
144.5626
173.9677
106.7555
1.3063
120.8316
123.8687
123.3399
128.9469
143.5210
147.1542
124.9989
83.8813
84.4090
113.3863
123.9075
115.6025
157.5601
119.3086
348.5854
125.4478
126.3328
109.9753
0.3447
123.1075
3.8156
120.2264
122.6425
118.1340
0.7629
112.5647
351.1548
126.1792
124.3124
79.9116
115.2789
135.4726
137.4860
9.6211
45.3117
110.8662
2.5086
114.6418
117.8159
117.6854
1.0653
120.2176
127.9878
124.5035
127.6444
353.5274
304.7962
132.0842
131.9547
129.2726
134.3875
110.0196
119.6160
37.2805
3.9619
0.4024
124.7517
60.0388
4.6436
130.4794
121.4560
129.3527
122.8571
124.1632
120.4883
0.3031
118.9421
112.9680
0.3109
62.5023
7.5322
109.7904
100.4432
0.0921
81.4557
353.8376
124.5445
359.6688
111.8738
0.2600
119.6698
123.8767
359.3410
126.7876
120.5006
112.5665
122.1053
128.7594
122.8989
113.8106
115.2425
75.1196
107.2377
16.1565
127.0771
130.2444
6.6010
294.5576
312.8949
358.2011
117.8572
120.5219
132.3083
87.7374
102.9416
5.4187
109.8262
119.1343
352.2426
123.9531
126.5121
116.8246
123.6255
118.3214
117.8452
351.5050
126.3251
115.5071
107.8864
0.3839
126.7733
128.4048
130.5111
127.0846
344.2442
123.8453
116.6206
340.7870
122.6778
126.0930
103.9289
114.8733
121.7520
8.5491
82.5933
356.5823
130.0429
128.6565
11.6493
131.2707
129.7014
3.3149
37.6918
102.8287
116.8612
118.0706
128.8134
128.6415
125.9022
120.0824
357.9575
60.0234
56.5903
102.7019
5.3253
147.3602
127.5415
116.8037
131.2862
120.1438
91.3795
92.0743
128.6508
119.5923
326.6846
126.7186
130.2375
354.6437
0.4431
357.8305
123.7114
116.0882
118.6944
26.1458
122.4133
354.0878
132.1867
123.8572
13.6923
304.8457
130.6434
131.4953
112.3438
0.8020
2.8129
132.3341
99.7388
99.2437
28.8445
128.6197
128.9422
116.4504
342.2049
110.5255
322.4886
287.4260
133.2813
120.0507
71.2336
121.0456
118.2093
125.4300
116.7332
1.8045
355.5052
125.9323
2.1169
117.1911
123.7790
350.7685
123.2118
121.4132
135.7922
120.9036
116.7813
112.7822
120.6310
98.3485
100.9219
127.9926
341.9571
124.3348
119.3769
297.9743
351.0265
130.2312
113.1763
1.8338
109.2688
123.9817
123.3075
50.7616
131.4865
120.2739
125.8459
344.0363
126.0630
1.8003
117.9999
124.0729
348.4502
119.1129
3.8252
115.4804
118.6049
123.7582
123.7533
125.0785
127.0678
114.7774
121.4389
0.5082
119.3700
60.7154
114.3484
118.8712
128.6292
133.5167
68.2258
73.3773
105.8130
121.6606
324.7642
121.7459
119.3511
119.7822
121.1787
126.0218
127.5159
112.6895
117.3146
119.7386
123.3315
116.8548
344.2221
128.6339
119.4699
351.2271
359.9157
120.7801
350.2299
125.9978
125.3333
127.6574
128.5997
122.1296
116.6147
114.4074
357.7568
3.5593
122.0879
112.3892
290.6771
119.2287
118.5185
2.7864
137.7814
120.7966
117.9125
121.1708
133.0300
359.7232
117.6630
296.7657
125.9298
128.1326
3.5891
115.4325
93.2758
116.1701
119.0000
107.0484
8.0905
110.8502
330.1511
121.2071
125.8815
120.0971
109.1633
359.7506
102.1094
120.5710
118.4639
128.1748
84.5184
111.4744
127.3326
113.7899
100.5703
4.4599
119.4262
125.6111
122.1725
123.5328
106.9119
110.0328
120.8541
354.6436
115.3300
90.4158
141.3589
158.6734
56.9848
358.0749
135.3765
56.0639
314.4808
359.9578
131.1951
86.9753
310.8156
3.2646
358.2139
340.5325
104.4110
122.4912
118.0058
121.6604
117.6200
91.4746
21.3874
359.7568
91.4786
120.6445
115.3886
0.5638
88.3475
125.8982
38.7639
344.1762
106.6623
348.5579
173.9323
129.5030
115.3756
297.9291
86.6491
104.5517
107.2166
84.8404
90.6890
98.0532
129.6262
114.7404
289.1047
359.9583
19.3587
115.9304
104.6763
101.7568
116.4539
2.7505
120.0230
128.2705
36.2625
121.7564
123.9689
111.9729
40.7664
73.5438
98.2424
92.8437
115.9230
347.7688
127.2793
107.1057
118.5897
127.1923
0.3413
359.9319
114.3273
121.8318
116.0617
360.0000
94.6420
0.0029
310.1866
44.6886
131.0544
353.9669
358.4090
125.8419
296.9021
115.2333
18.5606
1.0492
2.8442
348.8514
98.3439
92.3636
314.8001
1.8426
314.8044
112.5260
357.6768
358.2538
20.1396
130.6395
119.0057
359.7651
105.6978
89.2063
3.8428
90.1412
1.2796
113.1820
99.5232
93.1058
124.1353
13.6230
353.3014
349.4779
90.6089
316.4101
131.7198
111.2241
121.3632
90.7295
99.5784
132.4711
353.0075
6.8815
127.5331
21.5415
99.5586
357.6578
103.0138
0.4419
278.5680
11.9462
47.0857
137.5622
120.3737
64.8070
125.2553
347.7111
356.6916
109.8752
127.0670
133.8803
0.1410
120.6918
127.6115
127.3463
122.5390
117.8293
127.4353
307.4907
99.2958
358.1350
97.1251
354.2199
125.4940
128.8689
359.6903
106.3650
100.0067
124.0134
109.5801
0.5572
115.9978
304.6232
355.8983
275.5877
129.6916
101.7785
122.7353
121.8840
107.3246
107.6904
123.4788
115.4126
101.3279
354.0311
102.7022
128.3572
116.8419
6.8745
105.9103
110.7081
113.8352
284.7156
123.1487
125.4502
119.5120
134.3061
287.5372
115.7746
132.6934
124.2401
354.6929
103.9659
108.6091
3.7397
113.7661
106.9234
130.8417
105.3363
359.9999
127.9231
154.7690
270.6799
127.4653
128.7477
0.2241
279.0756
340.6292
109.8169
127.8004
127.2047
124.3230
2.2563
127.1571
130.8250
112.3798
359.9076
134.1307
359.4767
129.4438
32.3692
98.0085
115.3577
121.6911
307.9157
359.9218
133.0737
155.8545
8.4241
122.0724
322.5020
128.9224
128.6127
108.7874
121.1631
121.9542
126.4269
134.5538
128.0052
347.4898
107.5118
119.7144
121.9668
0.7179
16.5565
96.2998
81.6655
126.6138
126.4424
124.5376
107.7616
327.4099
92.3556
339.2237
154.3474
119.9709
119.8570
124.8599
1.6408
117.9031
116.0735
6.8886
121.6821
302.5868
110.5952
135.1718
82.0705
75.2278
115.6050
116.4503
118.0193
127.7641
354.0524
109.9007
117.0106
355.8637
114.9979
109.8465
123.3871
118.2132
115.9303
121.5283
113.3784
1.2126
3.2167
121.6069
108.6079
133.7232
130.7801
128.1222
118.2314
123.5692
117.5385
112.7142
121.7203
117.6899
118.1819
114.7789
127.5691
126.7319
128.2867
115.5917
123.2782
125.3489
133.5371
90.0625
310.9357
120.8041
127.2275
95.8623
97.7289
65.4827
131.4681
134.5618
314.4507
117.0496
126.3120
127.4749
122.5903
104.3623
122.0712
2.7996
316.7550
287.7569
122.4781
125.0726
350.0423
290.6060
4.7349
102.9996
98.2345
355.7163
117.3062
124.9259
121.4388
356.6964
298.5551
346.4100
75.2534
347.8044
3.0112
125.3049
95.8612
117.8192
55.3968
89.5028
294.0520
104.1919
130.0400
121.2168
126.2569
156.5836
134.1620
126.5664
1.9794
13.7672
130.0397
93.6655
102.6587
357.6056
93.2266
126.2100
127.9901
1.4118
127.9569
130.4500
125.5476
120.3943
358.8378
358.0549
104.1916
1.1573
12.9020
10.9230
33.3224
3.2136
316.7703
20.3149
356.7910
282.5854
357.4770
121.5090
119.2409
133.9159
336.6649
359.8555
357.0784
9.6347
110.6035
338.7876
347.5007
88.7119
98.6999
358.5845
132.2885
130.3313
130.3266
354.2296
118.7802
356.6962
3.0521
118.7257
130.8681
126.1471
123.3094
121.7390
125.1617
123.4952
124.0941
127.5463
77.1955
65.1698
86.7826
114.3026
115.9973
115.6878
131.3909
0.0696
77.0231
109.8977
119.5696
130.5403
89.3845
93.2766
349.8520
130.4799
114.2229
116.9146
117.6785
132.4842
125.1341
127.1581
33.1681
36.6619
123.4340
122.8053
133.4419
63.7117
12.1581
126.8942
133.1496
108.9651
121.9549
17.4776
294.0011
113.6374
131.3022
353.2568
1.6349
127.4803
126.5663
129.3754
129.4513
129.6860
126.9475
124.9207
111.8702
111.7040
113.5794
130.5772
129.6007
118.3073
118.0898
346.3593
118.3716
0.0122
95.7693
97.3202
111.9668
103.6598
120.9844
117.4775
127.6736
115.1206
126.8024
127.8913
1.0492
359.1731
99.1233
101.2847
111.7801
124.1562
125.4393
132.0386
134.8355
132.9148
129.2026
134.4627
133.6884
125.5883
333.7496
135.0042
135.3525
120.3496
99.8920
94.0624
0.0000
106.4531
88.8474
121.2764
106.4145
105.8246
116.8950
116.1896
128.3219
121.1094
116.1820
110.8077
121.1502
100.3683
126.6515
125.0456
124.8310
138.8267
112.8686
330.1962
111.1613
121.0637
135.2216
98.6231
118.8525
119.9015
112.1248
120.0933
121.9652
122.0218
115.4955
131.3878
131.8020
135.0061
109.2004
136.3087
130.9448
128.7641
96.3802
298.1220
356.7367
122.8118
122.4961
127.1269
134.9639
132.8674
131.8753
358.6506
0.9007
341.4858
356.4366
119.1915
10.6013
3.1734
112.3038
88.7930
357.8640
123.6080
110.9109
133.1103
135.4307
124.9837
128.5886
353.8991
2.4389
3.9504
101.1089
338.6915
133.8940
121.2208
121.0735
113.3534
126.2437
109.0811
355.9472
354.6432
99.4222
96.7626
128.7797
129.3965
0.5719
351.7001
359.1068
0.7396
4.5865
358.7243
138.7281
128.3654
134.2155
120.9123
123.5887
116.4857
124.8873
323.9258
343.5069
143.5000
323.3323
124.7519
123.3413
126.3592
359.7834
356.3876
358.5637
131.8932
81.1596
136.9915
102.1884
118.8434
10.2233
129.4421
130.1974
126.2088
122.7829
126.2046
123.3599
131.9314
133.2971
108.2361
126.6534
125.1276
128.8973
130.2381
136.1249
133.9787
92.9040
124.9009
101.3573
111.9227
358.8823
124.2508
126.1333
129.4453
129.7392
129.4825
132.4813
118.4187
118.4998
127.4051
132.2156
128.7984
109.2204
129.2783
130.4432
129.9984
126.0515
134.7152
134.6918
127.2300
122.1198
119.7659
122.8446
136.1367
127.9620
128.9174
131.4959
131.0730
134.9221
135.2631
0.4277
358.0362
132.4749
128.5247
118.3668
120.4977
110.8296
108.0496
146.9301
140.4220
135.7191
135.0491
136.6587
136.0353
135.4055
132.9241
132.9359
126.6854
132.7385
1.2165
111.2990
134.0393
131.5758
335.4050
120.1045
126.2358
108.9182
106.5184
134.0965
133.0117
135.4386
133.9681
126.8654
128.2637
122.6999
118.8738
121.0407
133.9050
136.1497
122.9935
159.3405
113.5505
124.7469
133.2393
134.7805
134.1540
119.2157
121.2624
121.7479
127.7525
132.4295
129.5379
132.6547
129.9864
14.5262
111.6843
108.0374
130.3585
124.9279
135.1124
133.2504
29.5456
134.2925
133.0023
133.9459
116.9797
123.8255
135.3601
131.7832
132.1696
128.1869
124.2083
114.8686
116.3669
110.6580
118.6692
117.2524
0.6698
100.0055
304.4338
354.9815
107.8855
93.8267
125.6730
111.6936
107.4404
343.8055
359.2088
136.3455
128.8540
117.6311
117.5459
106.4289
332.3542
300.1453
123.8143
113.9911
105.3111
353.9858
119.8808
10.8769
127.0188
89.8432
97.2678
113.2504
115.1546
118.4331
110.9752
14.6177
317.0892
123.0452
283.9992
128.5353
0.5168
146.9653
0.7446
124.5439
94.8556
115.7323
102.4199
132.1973
120.5140
126.9456
94.1850
134.5677
101.6522
133.7773
131.5042
117.6103
5.1378
127.3018
104.2995
107.3165
0.6523
123.0785
127.8664
130.1795
114.8412
105.2920
135.0580
125.7356
110.4636
114.5091
122.0738
123.7875
113.3419
113.2736
122.1266
120.4266
344.0999
38.6276
125.4798
97.3346
102.4049
112.8655
122.3636
122.4576
5.3325
127.3567
117.2131
76.7254
119.0080
117.2201
334.1587
138.6531
355.4355
357.2816
103.2807
128.9121
129.1474
158.5469
126.5629
128.4955
122.8226
0.2878
325.6445
355.3785
44.9835
118.1502
120.2087
98.1184
346.5080
359.8623
111.7928
129.9932
133.2387
357.1250
359.1152
3.2921
124.5263
21.2235
130.4095
113.7184
124.9478
4.9387
2.6272
285.6638
347.5516
357.4810
119.0738
123.1369
358.7732
140.6431
359.2566
326.0810
322.8525
113.9966
109.5566
114.5430
105.1492
116.6090
13.5265
111.9279
113.0441
351.3143
120.3138
124.6428
127.1109
124.8474
127.7889
142.3058
120.0669
122.5559
348.0698
359.0842
357.8355
298.5010
120.7660
130.9294
133.0594
338.5456
110.2806
74.4319
120.8242
153.8715
0.4791
123.3557
348.1022
111.8546
355.1404
352.3619
5.0802
121.0329
119.8350
144.2767
4.1698
120.7541
125.8173
140.1384
120.2095
138.1307
357.2511
137.9878
124.3088
131.1745
90.1558
114.4568
127.1183
127.9888
117.8476
114.8002
122.3384
116.1214
106.2431
123.0594
121.3761
128.1532
130.8104
85.0104
114.8821
347.5956
354.2433
134.8731
134.8271
122.7977
123.2416
120.5475
129.5334
352.0099
352.3927
112.8464
98.9177
127.7768
125.8184
102.9347
88.2512
132.0051
134.2492
118.1845
115.0301
111.7979
116.3619
115.2845
114.9301
359.2899
116.3557
113.1928
123.3773
123.4223
14.5359
118.1788
135.8701
55.7688
341.5766
112.5378
119.3635
134.7870
134.9128
126.2273
130.1409
119.9039
155.0005
107.8198
145.1433
132.5458
119.6749
340.4460
338.3144
129.3953
4.0307
1.4144
356.0284
354.9858
115.4646
126.7139
119.2797
107.5597
124.9563
357.6602
127.8476
124.6414
108.6904
127.6965
90.0125
357.6006
358.5439
71.6793
110.7364
358.1026
36.5943
124.0295
128.0332
128.0538
120.5202
129.6396
132.0658
116.1415
111.8490
126.0559
130.7718
133.4253
135.7453
125.4697
115.6867
131.1836
132.6721
127.2242
130.1663
135.2558
130.7729
130.7801
135.2949
135.1532
136.1144
106.3485
128.3612
130.7343
1.9381
111.7451
111.6044
34.7961
134.0613
133.8512
135.7722
135.7175
133.6682
133.2352
126.5927
133.5865
134.0373
125.2066
134.8566
133.7681
114.8920
130.1713
131.1538
94.3912
119.2380
133.9868
135.2681
100.1026
357.1451
15.5706
130.8828
133.1833
107.0110
119.3677
118.0349
335.4021
313.7076
129.1486
130.3357
98.8087
90.1058
118.9520
121.2202
22.3962
125.5069
119.1880
127.2339
120.3046
121.7126
124.0898
131.4412
122.4218
131.7186
134.4559
117.3364
119.2496
100.2874
134.7088
4.5603
114.0590
120.5096
125.0242
115.2515
113.8051
352.1210
352.2972
127.6853
135.1907
120.6161
129.0992
323.3254
126.5587
359.4269
348.6939
357.4433
349.3519
323.6888
334.7601
100.1486
131.0714
102.4821
90.7819
117.6577
110.9900
105.3125
87.8750
331.5545
134.8523
104.2472
110.6430
109.1262
1.8131
106.1684
115.4276
118.4521
327.8208
3.4034
326.8490
82.6020
285.0441
359.7510
129.6554
5.0232
128.2680
96.3149
129.2614
95.4996
124.8650
123.7717
67.5787
93.3141
97.8836
139.5625
110.7324
129.5104
106.6415
68.8446
112.2221
22.5975
130.2568
105.2784
125.9595
126.1458
359.6308
120.4302
3.9279
127.4089
359.5125
357.7063
126.9108
49.2180
302.5436
359.7901
127.3800
0.9098
130.1761
121.3488
336.6253
123.6979
2.0824
354.2275
11.3442
111.5965
291.0072
103.8847
