332.6216
35.9553
22.6215
88.7171
359.9997
113.2091
359.8774
359.8777
108.2157
121.0009
314.0874
130.9955
52.1366
126.3938
122.5395
94.9026
0.1383
8.3099
179.9940
359.4518
1.2705
3.1820
56.8615
114.8212
281.7610
0.7027
280.4352
270.0387
2.8244
4.5118
0.0129
127.1657
122.6360
343.4538
55.1701
115.6042
32.1757
358.9880
0.5759
298.5241
356.0426
125.1783
104.0881
127.1968
122.9068
324.1512
100.9814
359.5475
118.1466
297.0881
96.3474
85.2376
91.3652
102.7982
89.9173
8.3138
123.8190
123.0792
124.8515
122.9143
124.6099
121.3142
3.5608
7.3688
50.3211
113.0994
97.2269
39.8690
111.4583
0.4905
129.4787
118.5735
113.4058
113.7946
116.6960
119.9391
351.6475
87.1705
5.7872
350.8585
119.1351
50.0148
357.0038
43.1998
118.4723
0.2786
0.4878
100.0703
96.4906
359.3240
4.4888
342.9500
125.8127
121.4223
124.9019
359.5645
133.5757
104.7602
112.4037
359.8274
1.0146
7.2045
5.4154
117.3579
135.8506
130.8720
120.3510
128.0077
131.4524
132.2197
13.4783
120.7891
127.3619
122.8352
131.1700
130.8435
0.2556
119.9834
359.6811
115.2921
56.0241
117.6196
91.1529
91.5621
359.5285
358.9130
3.6259
0.2566
0.2964
0.5806
134.2481
133.8976
103.9642
115.1255
119.5399
89.3595
121.1470
106.1926
137.4932
129.2470
134.4023
135.8156
116.8614
115.5122
103.9766
102.4565
355.6268
355.7619
102.8014
123.9097
127.3853
128.1453
107.9712
83.5233
100.9032
75.4333
5.7822
14.9768
283.5629
358.6011
358.8038
125.3927
89.1241
122.2263
117.3136
357.6156
359.7228
114.0596
349.8906
112.7699
113.2017
5.7865
12.5443
117.9777
142.0992
113.2291
110.7427
136.5647
329.6901
92.8990
102.0478
1.1409
3.3147
307.7269
108.3801
358.4004
359.9273
131.9593
359.9420
143.2208
359.0860
117.1536
116.1306
129.6090
118.2175
118.2802
359.9413
359.8895
126.8453
125.6418
91.6832
98.5846
109.3479
356.7745
123.3716
2.4914
134.2105
127.1896
0.4808
1.8607
126.2334
124.5677
139.9159
133.3335
133.5379
129.9724
130.1860
127.1856
128.6224
128.2501
122.6249
129.8173
119.4958
106.2124
130.2799
124.6013
123.2205
130.9142
126.6417
126.8761
132.1319
130.8388
132.2116
128.3807
359.8541
129.7298
135.8115
130.4805
132.7860
117.8692
126.6478
112.2738
134.6641
133.2667
132.3054
131.7122
132.1385
133.5280
299.4478
132.1855
120.7233
122.9863
125.1293
130.1640
123.7531
129.8447
133.8686
124.6294
129.7206
124.3133
127.5212
126.2384
122.3792
128.4723
122.9887
354.8999
6.0852
100.7141
14.9073
43.3582
85.6085
353.6817
339.6714
105.4562
106.9532
313.3540
9.7245
28.8674
55.2813
116.5180
124.9786
124.3124
82.4096
102.7886
120.0120
121.3024
3.7183
6.0593
120.8534
114.7812
117.9982
121.5351
68.3688
115.8326
359.9939
85.0893
119.5610
118.7094
303.7120
94.7258
93.9672
124.8562
121.3809
114.4500
124.5555
122.1263
121.8006
118.8814
104.0604
5.0784
116.3868
131.9675
133.0254
120.2743
105.9183
97.8997
107.3021
114.3327
148.9524
151.0138
96.2308
120.1885
118.9194
128.5791
27.9214
2.6540
111.4574
118.4557
349.7036
332.3737
123.9340
320.4879
133.8580
131.6106
317.6754
335.7902
118.6519
121.9398
75.2536
96.7030
128.7941
131.4437
358.9625
357.2778
118.2508
111.8184
354.6850
359.8789
358.7326
126.6862
114.1511
113.0403
116.3899
67.2906
122.5995
331.1307
309.9737
125.5545
123.3982
123.7961
109.2055
356.8401
58.7285
129.8574
126.0653
133.6340
118.8643
332.5993
348.0832
318.6814
143.5092
92.9593
0.0506
349.5621
354.8861
359.6577
0.8320
131.3972
130.3038
95.7699
102.8824
128.9772
125.7571
123.5454
106.2752
121.8583
4.1655
114.9217
117.7811
135.1318
122.4144
359.8763
10.2375
108.0506
111.6351
130.5721
290.5155
336.0571
127.5386
359.8328
358.2969
353.0640
3.0066
357.1640
9.0860
132.5960
105.3631
120.9512
122.5902
128.7013
141.7238
9.0644
139.3551
129.0736
132.5993
134.7326
120.5606
116.4731
123.3642
118.1486
128.8914
133.4350
132.3646
123.7267
4.0334
13.4627
135.9856
128.2021
122.3778
128.1937
359.4251
109.5424
129.4701
132.5613
126.8315
131.7764
52.3158
130.5591
107.7356
97.8370
126.2703
125.1088
129.2343
359.9919
118.8493
116.9479
129.9633
134.0264
119.7211
123.5167
115.1506
123.4874
52.2966
125.4050
43.8025
131.6201
131.9822
126.7777
346.2327
114.1337
352.8735
122.1282
139.8262
126.4290
129.5456
128.6663
142.5183
125.1334
98.8805
125.8237
119.5715
1.1631
14.7027
86.1365
96.4837
93.8793
116.5157
3.2906
15.3036
130.1627
343.7559
113.1197
133.1164
123.5565
124.7499
132.4297
129.7751
87.1274
103.9441
106.4415
113.9107
132.7541
111.7282
0.8116
2.4271
130.4873
128.1317
84.2999
85.3343
122.5997
121.1678
121.0677
118.8456
130.0736
107.8380
129.0709
132.9065
301.8768
141.7923
356.6687
115.4697
118.1461
356.1972
69.0353
128.4063
128.3608
353.9031
0.6312
98.1717
136.1550
135.6171
115.7189
1.7309
125.5527
134.9518
124.4103
117.0001
106.4742
125.9285
169.4286
120.6325
137.2962
0.6759
358.4527
133.8470
122.2809
127.8068
126.8025
62.5601
10.9123
346.6672
118.1814
21.9088
113.2927
331.6475
331.0478
116.3877
129.1868
115.9870
122.8481
125.8148
348.2713
349.2147
99.5234
107.9360
138.6339
346.9809
125.5978
345.3655
104.1240
120.7330
117.4388
119.7171
357.2558
345.7170
129.6081
127.1758
128.2028
96.6818
125.1735
124.3479
120.8312
134.9075
134.9988
103.3566
132.6891
129.7778
130.0311
135.4451
279.1568
103.1445
128.9126
122.8395
133.9046
349.1402
337.4340
128.5435
132.5151
135.5025
127.3633
127.8330
132.6972
125.2353
103.5181
104.7445
132.7182
131.5503
105.6890
130.1543
297.7247
113.4283
135.0361
118.7428
132.5795
114.3381
10.9032
122.9789
105.4712
88.7673
118.4548
124.1000
128.5756
129.0832
130.2327
135.5223
127.1522
93.1659
121.7138
126.9112
130.4685
130.3997
358.8408
125.7156
123.6785
121.5350
117.5123
136.7421
359.9050
125.7085
126.9107
114.7584
117.6148
169.7043
342.8951
124.7285
119.7117
128.4494
124.6903
124.5242
120.1339
123.6934
126.5883
120.5228
7.3338
135.4659
131.4164
120.2392
109.0957
124.5922
123.5533
120.9672
124.3354
127.4387
125.6414
109.7009
309.9107
102.5712
295.0368
115.6417
111.2153
292.1287
116.5134
59.3996
359.9799
359.4267
116.5516
122.7817
139.1310
108.1771
351.1329
127.8232
129.4191
121.1098
107.6137
109.4367
106.7119
155.4376
349.0143
104.9698
111.7549
128.5649
356.6547
358.8931
127.8610
130.9936
343.8184
127.0301
111.1528
111.5927
124.1858
133.6911
116.0467
126.4842
156.6313
345.0654
124.0941
358.9752
122.9720
123.8635
104.5354
136.8920
348.4385
349.3051
133.2102
123.5415
134.1274
0.1729
128.4272
132.7114
137.2712
359.3808
101.5399
116.5768
114.5113
116.4521
118.1517
117.0916
118.7547
116.9693
123.3324
123.5620
313.9908
120.0073
126.8037
127.7020
136.2948
135.2286
111.5163
125.7172
131.7057
110.4416
124.2902
17.1351
352.9907
123.8408
123.0883
68.1981
9.7865
127.0475
119.1109
129.1686
132.8280
113.3758
112.8601
121.2425
122.2101
123.0225
120.5065
77.9143
119.2255
121.5634
118.4565
354.4738
135.8750
119.2248
118.1218
132.3954
129.6211
324.1902
334.3999
17.9325
2.6794
128.3812
126.2445
124.0004
122.0848
119.5363
142.0459
114.3239
105.8305
131.5513
154.1813
108.5498
113.1419
313.5025
114.9266
111.6509
356.5658
117.1361
21.4533
110.2481
118.1538
358.5970
354.0241
108.6604
123.6258
120.5613
134.9083
127.9222
126.5384
325.6817
147.9745
132.7237
121.1817
125.7787
119.6601
114.5157
116.2177
131.2658
135.8288
112.9283
6.4586
118.9191
123.6396
133.4591
114.3340
129.1815
113.6158
121.6726
133.0751
134.3919
134.5038
136.1011
135.2280
125.7068
120.5176
97.1704
110.8713
84.9094
133.2322
128.2723
135.9171
131.0712
113.1615
130.7469
131.2562
0.1752
111.2078
119.8309
124.3016
122.3993
128.1970
2.1358
15.4317
121.2694
129.7681
134.4388
132.9760
113.1127
116.6068
118.1207
117.9746
83.8895
126.2123
89.8480
115.9103
358.7560
358.9640
125.1889
120.6507
135.9194
128.6560
120.8617
113.1933
126.1508
132.2298
136.5846
121.2839
335.6195
154.0148
122.6841
112.7631
125.9833
129.9508
132.6360
129.9075
129.3196
30.8871
95.7168
115.2138
349.6810
332.9994
133.4130
130.4843
121.0654
121.0586
302.7576
122.7668
72.4635
4.5818
133.2339
130.6440
115.6932
115.0458
136.3170
129.0129
135.7850
135.4030
300.7935
128.2685
123.9785
134.6915
125.6220
122.7850
146.0775
357.5255
133.8683
112.0615
117.3523
135.8253
127.7735
125.2695
123.9089
91.7741
118.2978
125.3444
116.6282
3.3506
353.0274
129.5768
128.7557
336.4683
0.2372
108.6582
133.7057
119.7663
147.3586
353.4502
119.7719
116.1179
355.6461
108.1668
2.9084
52.7164
122.0973
121.1455
127.8220
122.2647
130.4913
130.1134
102.4687
112.1345
132.6651
131.2478
137.6094
146.5642
125.3632
132.2022
139.9762
105.1104
100.3949
130.4271
128.6548
0.6121
2.3500
118.8291
297.4711
5.2818
138.0757
126.3092
125.7160
130.6232
122.2616
317.4242
314.0994
293.4159
290.5038
357.4284
351.7501
129.4036
135.5716
118.4307
136.2002
124.3408
118.9209
347.9752
355.0845
134.0030
17.9262
76.9765
354.8988
90.0192
114.1664
348.4898
119.7403
87.8063
129.1595
130.3073
351.8701
28.0633
112.9630
110.4325
128.6893
126.7718
123.8108
120.2808
65.1506
29.4934
121.9980
0.2009
153.7578
347.1824
128.0924
131.4280
118.1362
108.7349
125.7006
23.7082
7.1965
102.5396
102.2622
116.6500
354.5583
131.7842
127.3861
351.7000
356.0676
23.1491
1.1123
107.1622
359.5005
0.2064
14.5432
13.9941
113.3491
104.7216
121.5765
130.7347
357.0660
57.5374
127.3695
105.0376
110.5591
126.3327
122.0224
122.9423
125.1666
128.0896
134.2257
134.3742
0.1309
116.8640
93.8413
154.8596
123.9909
137.9641
131.4923
6.2174
90.1493
113.0588
115.7857
359.6632
359.0917
345.9568
120.2529
119.0412
91.8381
95.8185
155.4283
2.1254
110.6174
110.2845
133.7416
123.3536
125.9140
327.2306
130.0973
0.3102
0.3541
115.0741
10.7875
120.5044
120.0090
5.8740
37.7348
130.5306
129.2936
357.2500
124.0608
149.3069
30.8222
358.7407
358.5793
3.4734
355.3792
119.4578
114.8375
106.4548
135.0704
357.9590
100.4380
359.4000
0.0684
311.5438
311.4873
355.7422
351.7835
2.3524
359.2243
349.6373
352.6403
358.6447
355.0357
125.5085
129.3032
125.4833
134.0841
122.5174
118.4796
126.9993
128.6024
109.7534
356.0663
116.6350
132.2781
350.3377
134.4922
114.2440
122.4165
119.4119
128.8829
121.0046
116.3081
129.4730
4.2760
4.4977
129.8988
130.5212
101.7915
136.1371
133.6051
134.1218
109.5481
120.3060
7.2167
121.8529
102.8090
5.6263
135.1972
135.6876
116.9610
133.1693
293.2756
299.8842
130.4118
115.7986
109.7929
117.4457
358.1620
102.0638
108.8637
127.3960
123.0810
24.4995
14.7946
127.8446
4.7670
0.9028
358.0282
26.2623
103.6147
7.9112
356.4721
322.4965
103.3954
133.3285
133.7467
135.3248
113.3593
118.4779
123.8325
129.7363
105.7596
116.9129
112.8635
117.7514
145.3250
72.9242
125.9945
348.7935
73.3317
280.7638
125.2517
130.9667
129.8418
344.6725
130.7931
112.5800
109.2968
352.0327
95.3162
1.1645
1.7016
124.2943
121.5936
359.8745
130.4514
127.6228
354.7412
138.7813
359.8681
3.4943
116.6369
129.9200
128.1296
359.7845
359.7542
0.9912
353.3495
94.2545
128.3655
135.2367
132.2799
0.0530
359.2311
161.8085
358.4703
119.1553
138.8588
140.4079
83.2001
104.1324
123.3274
107.4885
121.6608
13.8112
14.2677
303.5444
299.1142
117.6188
122.8108
350.2890
4.3903
29.4891
8.8665
2.9349
12.5633
126.9466
99.2310
99.0727
89.2030
81.9063
306.2878
122.3010
0.6006
133.9293
125.3508
114.2471
97.7290
104.3274
0.0950
63.8667
101.9385
16.9266
72.3847
155.6488
102.4052
310.9230
311.7225
4.8305
354.7945
122.2643
124.2135
134.0328
76.3740
111.2198
117.9630
121.7615
128.7278
1.1006
135.2931
81.8665
114.6713
136.4163
134.4751
142.6521
122.3546
126.2491
123.9649
117.0965
123.3427
120.3506
130.9199
123.4091
123.3060
136.5730
106.6177
346.7207
97.4255
69.7111
90.0063
127.2295
354.9339
117.8953
313.3319
120.5003
132.5349
354.2138
312.6111
351.5727
72.6712
292.6013
122.2561
124.6777
126.9840
107.7760
345.1210
7.3930
104.9261
80.9714
12.9617
109.2756
130.5281
122.9865
112.4273
89.9960
101.8333
359.9340
0.2144
108.9957
34.9899
98.1547
30.6498
133.1969
2.9082
32.8088
89.1595
116.1445
341.1341
359.3138
129.1831
144.4778
359.1000
306.8626
101.3790
117.0136
131.9730
125.8242
0.0819
126.3757
127.6433
124.5799
63.9085
353.1226
347.9474
115.4234
127.7954
130.1234
327.8285
303.2838
10.2329
104.8399
134.5356
133.0891
136.1301
107.5464
7.1523
344.6046
118.9994
130.1759
124.6951
3.9097
3.0141
118.5719
81.0626
115.0959
117.3128
116.7385
136.5193
136.5564
131.9875
112.6678
121.8913
352.2898
17.9320
76.4555
6.3851
309.5240
127.6278
354.3128
6.2686
50.3321
128.8626
347.5004
340.0488
329.9070
88.7787
105.6440
111.0183
0.3053
6.0647
350.2219
58.6638
358.7669
337.0548
116.7862
6.7191
43.6854
335.7343
348.9381
119.4597
95.4281
1.6437
359.9134
359.6759
359.8280
0.0662
1.5610
111.6927
122.7496
356.8671
332.0196
95.4476
115.3580
117.9736
95.8060
117.1690
359.9506
3.0512
122.4115
22.2699
0.1907
92.2677
121.1626
0.3806
14.8219
2.5374
14.1272
9.0260
37.7507
359.0982
62.0810
359.7207
2.2513
0.7519
6.1311
93.4946
130.6312
131.5940
127.7625
358.0311
132.4313
125.0195
0.1863
123.1877
60.7517
69.9560
355.4511
355.7112
356.5935
105.6492
79.2860
74.8169
118.7603
124.7412
118.6644
117.9856
112.4978
123.9345
133.2006
98.0214
96.3603
120.8224
123.7649
118.9845
135.7388
118.3481
111.2520
132.8651
131.9088
99.5329
98.7717
127.2944
127.6623
131.9943
127.3714
136.3245
107.9941
108.9132
0.4961
151.7688
126.1375
116.2069
90.4122
128.4706
125.7641
128.2433
116.3371
130.9975
118.9489
22.9075
83.8337
121.7845
118.9584
101.5959
119.5323
142.0115
97.9701
132.8359
118.0956
112.5579
117.0520
124.9960
124.0324
129.6070
124.6993
114.3198
119.6625
133.3075
277.8710
359.3016
119.3816
115.1290
52.0113
350.8616
318.8120
119.7721
37.1074
358.4351
90.4255
130.0334
117.1135
113.4228
330.9676
116.0340
116.3619
294.6968
3.9196
9.4445
114.6733
126.4469
121.2828
109.5843
115.0585
112.3698
99.8649
81.6477
2.9996
343.1457
115.9280
346.3160
16.4179
124.3925
1.9925
99.8923
331.4125
112.5531
123.1809
110.9116
340.0346
110.0506
16.1091
354.7599
134.5930
117.1575
121.4969
116.7282
347.6824
132.8886
129.6917
358.1454
0.0066
117.1528
36.1837
9.6779
131.6771
117.8157
10.0534
5.1345
124.7738
54.0865
121.0859
338.1684
119.3805
126.5576
357.9173
0.9812
143.5027
127.0864
119.1364
120.6333
118.4365
91.1887
101.0956
99.5218
132.7720
356.7867
349.6084
136.4261
121.3423
116.1754
133.9803
136.2225
330.1404
123.4637
127.5321
126.5631
130.8348
126.3522
109.8537
133.2788
133.6033
112.1848
2.1303
12.8222
41.9296
130.7929
114.9009
134.5677
126.2291
129.0371
125.5014
121.8946
122.6927
133.6808
106.8229
81.2780
125.3519
123.3924
123.7933
113.9715
121.4430
126.3838
161.2564
351.6244
110.4328
111.5248
118.6169
116.5297
15.3070
127.9024
132.8407
118.5613
122.3580
117.8160
1.5753
15.8949
119.6133
119.3086
118.2363
357.5283
124.5519
116.8183
0.0073
91.0330
125.8246
128.8949
128.9959
349.1925
358.5477
334.2208
118.1189
122.2339
115.5197
112.0387
343.3715
122.6006
126.0604
117.1735
28.6223
149.0843
121.8380
119.4055
91.2447
121.7545
123.6320
118.2416
107.6966
359.8757
121.3158
129.2870
115.1610
356.7132
115.4596
94.9782
11.4598
330.9374
125.3065
299.6076
115.1239
67.6628
7.4559
4.6959
112.7147
126.6582
349.7482
108.2817
356.3175
119.4326
84.5234
26.8811
112.2097
98.2800
102.2071
347.9444
103.8214
123.2827
96.8680
119.7431
117.1710
132.5634
359.2678
131.6814
123.7638
113.4600
351.2150
116.6915
96.7724
111.6789
117.7699
110.2146
116.1230
344.9748
115.9718
119.5532
105.0125
135.0101
117.4777
109.6037
120.5271
106.8460
339.2246
145.2878
136.0516
119.0219
132.8094
153.9053
124.4568
359.4604
120.3031
128.9715
94.0173
131.9197
132.5659
125.0523
124.7077
131.1673
133.3396
118.9063
121.0480
126.8338
131.0336
128.5248
0.3818
127.8556
127.9766
131.3249
133.1413
133.4994
131.4827
126.2371
123.8489
7.1140
0.3353
78.4483
357.5319
125.4052
127.4272
129.5825
120.6951
126.0095
132.2426
3.6581
135.0278
104.3200
107.4822
358.0943
91.0453
0.6176
120.5249
5.2996
113.4797
129.1768
128.2670
132.0582
125.7855
357.6532
104.7448
106.3939
97.8030
119.0139
346.8020
132.0193
355.9392
3.0232
101.4300
115.4586
135.2738
122.5046
357.6891
107.4309
359.6394
110.9543
5.3669
128.9552
34.8547
129.4205
122.0148
124.0228
128.5021
121.0606
134.8406
125.2391
124.5347
109.9067
112.8196
101.7204
112.3375
123.8666
270.9288
340.3873
357.8102
108.6206
0.6139
120.1790
123.9657
123.9967
128.6700
355.8863
356.4025
125.7760
89.3326
65.1898
113.3652
124.9616
359.1894
130.3657
122.3609
115.9757
128.8433
128.1858
116.0030
0.2994
128.1199
49.1262
120.9737
120.8192
118.9819
103.2169
105.8623
353.0989
95.7831
38.1715
93.9392
116.9709
337.6703
158.3146
2.8252
2.7799
114.0303
0.3556
119.2965
121.2684
120.6080
0.5342
118.7941
125.9733
125.3669
122.1405
351.0987
318.4292
132.6848
131.6405
130.8913
127.9186
108.4668
119.8165
24.0136
1.2036
0.2201
124.7594
16.2411
1.9144
130.2539
129.3470
128.6338
124.1766
123.3567
126.9652
116.9643
115.8569
112.7579
0.2837
56.1214
3.5926
117.5931
110.0148
0.5009
109.2577
137.3666
124.5517
359.8252
105.9313
359.8645
116.3479
108.7590
0.2832
122.0856
121.7655
118.4018
124.6508
129.1148
130.0895
105.5079
112.9527
80.6806
96.8980
6.0251
125.9367
126.5940
355.6601
300.8430
348.8502
359.3023
118.6882
120.9144
130.4371
115.6244
114.3671
6.3096
120.0860
122.0974
127.0894
127.1463
128.8704
122.2765
124.6176
122.8698
123.5514
125.9490
129.9195
114.9735
111.7497
1.2464
98.2787
130.5272
131.9141
121.9874
100.0276
122.3263
118.7284
350.6602
91.1578
132.6870
105.9960
113.3058
120.8394
3.6136
75.7049
359.7474
127.8210
124.8802
3.8045
136.3291
133.7105
2.9593
30.1691
95.5643
121.3562
124.3673
129.6718
129.0312
130.0872
123.5184
358.5221
114.6031
63.8661
90.4061
0.9443
59.5948
123.9331
117.1425
126.2532
120.3382
90.6173
359.9521
129.8424
120.1025
121.3930
132.2274
130.6263
122.9591
0.1920
359.5315
120.2693
113.6484
126.5487
121.2511
127.5104
0.2222
134.0834
132.4094
127.6344
307.7694
119.3989
130.7752
113.2148
0.2098
4.4309
135.0537
94.6896
51.0934
16.6052
128.7652
128.1641
115.9287
117.6405
106.6566
346.6672
285.6687
133.5909
126.4494
83.6980
123.1171
123.7377
114.5495
115.7392
105.7016
1.7809
131.3502
1.3864
130.7029
112.8010
344.5665
128.6466
131.0176
134.8617
122.8577
122.6265
111.8185
119.5172
113.4978
109.0777
131.1310
352.0231
126.6728
119.9483
117.2898
357.1285
134.0749
129.1399
0.9681
110.5330
124.0493
127.1320
107.9212
121.1396
119.6455
352.9563
358.4472
124.2908
1.2260
123.1449
125.6514
358.5506
125.7008
1.0597
122.7099
128.1104
125.9677
128.5738
126.7890
130.5226
115.8007
122.0467
0.2060
120.0611
96.7609
128.7665
131.2456
129.5426
134.3630
103.1788
101.8037
92.5646
127.7979
125.9546
122.1772
124.4159
109.1204
124.4559
122.9992
329.7536
113.2884
116.5103
119.5650
97.6871
339.6978
354.9018
130.1262
125.7235
121.6178
359.9591
118.1371
344.5769
121.7616
124.9520
124.0658
130.0201
121.3490
120.6264
348.8347
355.5734
2.2353
119.8567
104.2368
293.3088
119.0302
117.6089
4.0315
130.1103
118.2071
97.6960
121.8918
132.3387
359.6479
123.1640
92.0100
126.8167
122.2738
4.3328
114.1567
81.7009
116.4452
117.5517
106.5300
113.6797
115.7777
350.8589
120.9529
130.3128
127.5170
120.1960
0.0147
101.2755
127.7641
129.8709
127.6677
96.0053
110.8045
127.1665
98.2782
351.2350
0.9189
118.3663
130.2182
125.6991
117.3187
101.2159
358.8041
128.4909
356.6417
114.8133
90.2599
129.6871
353.3627
69.0238
301.5563
134.9019
56.9448
350.4400
359.8181
129.1147
8.1327
309.0869
1.6228
359.0428
342.5269
111.3935
131.0464
118.0352
125.8808
117.3606
91.9845
37.2449
359.4030
58.6856
120.1498
110.2321
293.8394
92.2332
69.5831
48.9050
314.7579
106.3863
352.9051
358.5769
128.5790
115.7345
120.5295
77.0508
109.3694
110.4934
38.0330
93.8432
98.2745
316.7990
114.8017
310.7840
359.9847
61.6745
122.8256
99.3090
101.1852
123.4929
3.4464
123.3070
128.6206
5.5241
121.6292
123.9667
112.0937
70.8228
15.9505
281.1402
99.8827
101.0978
353.9192
126.8730
317.1664
117.0599
127.1227
359.9617
359.7690
122.3343
122.1331
115.4188
0.1716
92.9520
0.0527
337.5776
56.0823
131.4857
355.8974
358.7474
118.2179
292.0765
112.8528
18.9512
0.4169
0.3290
358.3994
278.9784
90.0307
322.6269
45.1151
133.7233
119.9186
357.5530
358.3752
78.5145
130.7339
111.5888
179.6637
113.8224
90.3954
7.4643
81.8684
11.6714
357.8807
117.9315
104.0320
121.9792
22.8283
356.3605
352.3344
87.8218
132.0243
120.4964
293.2138
120.3857
91.3656
107.3922
131.6358
0.6369
2.1749
128.0197
13.4536
106.8619
3.2009
343.3734
0.3226
281.3819
30.6353
60.6197
137.2752
122.8128
85.9546
135.6072
128.8024
0.9456
113.5080
126.1112
134.0907
0.0482
120.9366
128.6144
125.9125
122.2754
120.2987
126.4289
336.6072
98.3325
359.3487
98.0404
353.9311
125.0280
114.7913
359.8061
113.8981
285.4799
119.6666
117.4141
359.5755
124.5012
125.5800
359.0222
274.9286
129.6615
48.8986
122.2487
111.7166
111.1290
108.7411
130.5344
121.0115
107.4778
90.3114
102.7814
128.0733
117.5698
7.0813
108.0889
111.9541
88.8791
106.3498
121.8312
130.8177
120.9565
124.4503
339.2459
128.5419
132.9439
129.5190
358.5424
93.2159
327.2590
43.2746
119.0848
115.7151
130.8966
120.0759
359.9999
126.6378
357.4015
90.8257
126.8474
127.0918
359.6279
82.8344
310.4967
103.8448
124.9699
123.4936
123.0554
1.1247
326.4614
122.3959
84.5416
358.9904
145.9015
160.7012
357.8279
30.6414
100.9448
119.8485
347.8866
122.5328
0.0243
133.6168
350.8914
354.3730
121.9275
352.5450
129.9914
132.6149
118.0014
122.7822
128.5781
127.5153
127.3981
118.8388
135.1852
110.1679
126.1697
127.6451
3.8891
13.2536
97.5601
105.9243
130.8622
123.0672
126.3853
128.0792
349.3406
92.9147
135.4204
135.5210
118.3038
122.8693
100.1393
0.6057
129.0110
122.1193
5.9627
125.5403
303.9805
107.6112
103.9292
108.9048
94.5623
103.4042
114.8600
112.1109
121.6607
129.5878
107.5028
96.3906
359.5228
93.8625
86.7402
122.6022
114.1140
110.6947
129.5806
125.3626
0.2839
354.6733
109.9598
109.3264
132.8022
133.1122
105.4746
126.4140
125.4391
114.0025
108.6900
117.2887
117.6325
108.6430
34.5269
128.4921
125.4005
133.6647
121.3404
127.8906
135.7691
133.3464
90.0272
309.0887
122.2620
117.7040
124.3449
114.4995
18.5319
131.7129
135.1761
338.9675
108.0176
126.5407
130.2971
357.9108
112.1635
126.8047
355.9876
349.3559
290.1533
127.7229
108.2525
4.2015
286.8844
6.3570
100.1715
109.6808
353.5064
109.9175
121.2196
121.6893
359.5939
309.0308
353.9230
64.6241
359.3512
9.3984
128.4123
78.6072
304.8685
65.0997
85.4504
305.0037
104.8598
160.1101
111.1723
124.0098
126.0928
324.8114
123.4464
1.3678
19.5167
127.7491
20.2237
12.2743
350.2189
93.6654
125.0114
126.4481
1.6012
128.4482
132.9054
343.8462
124.4811
345.3521
358.7868
107.3155
358.7392
94.2309
3.0451
78.3465
1.7956
315.4468
34.1299
359.1391
281.6930
357.7506
355.0997
115.5681
131.7976
292.0998
0.0684
356.0739
5.7038
107.9551
353.5522
311.8934
35.8122
110.3389
359.1273
132.2465
130.6599
126.8870
88.8948
106.2781
120.6456
89.5942
118.0414
123.5759
172.1834
122.4858
121.8884
110.7654
110.2148
124.3394
121.7517
76.5004
3.9761
114.8700
122.1032
120.6350
96.6747
175.4951
359.9169
75.1821
64.7912
126.8556
135.1562
88.6841
50.5199
349.4633
127.1342
116.3122
119.0417
111.4374
135.8829
127.4392
125.7662
115.5048
111.0200
120.0723
122.8672
132.0659
359.4479
2.2477
126.4935
135.3537
110.1141
131.4747
9.9494
293.8289
305.5925
130.4237
359.8402
1.0068
131.1856
131.0058
131.8737
134.6333
125.5841
126.0933
113.3399
123.4393
114.6390
102.8950
124.7403
121.1231
295.0608
298.2113
351.2215
5.3910
359.9989
94.3372
98.0340
108.5963
99.3219
63.5850
116.4529
117.6515
107.8679
127.5381
126.3304
7.1007
102.0054
104.9094
98.7111
94.0834
120.8868
359.5564
128.7697
135.2324
134.3061
105.0757
135.8967
128.4723
121.1023
357.7984
133.9548
133.5380
117.0857
165.4643
348.8381
0.0176
114.0570
109.1023
121.8513
105.6594
98.6467
111.1651
105.6102
118.1210
105.6235
109.5551
104.9739
131.0046
98.2213
126.4811
341.2306
121.1390
16.7142
92.1511
342.0179
93.8148
113.7548
134.7571
97.3978
117.2290
116.4908
107.1133
121.6158
120.8928
120.5265
114.1214
105.7072
127.5609
134.2837
111.7502
136.2797
136.7162
121.6711
96.5973
301.1464
359.9368
312.4876
122.7064
126.3330
108.7073
131.2315
132.3652
63.9775
0.3967
26.5508
352.0827
112.7178
30.1826
37.8245
124.3671
90.7496
359.5002
351.6508
358.2061
132.8991
132.3393
130.6680
326.5397
357.7447
1.7589
138.3580
100.8301
343.9974
135.2526
302.5742
308.8243
101.2167
126.0838
117.4914
355.8588
356.2734
101.4096
93.2483
115.5746
123.2811
0.7946
357.7010
118.0833
0.0520
6.6618
344.3276
127.3506
118.6478
136.1343
346.5519
340.4897
354.6406
120.6365
356.7279
357.8973
347.3125
352.5199
123.9813
125.3402
117.3216
359.5902
356.8262
67.5503
132.5593
93.3804
355.0572
1.6450
118.1985
25.0967
158.8361
123.3185
123.4455
302.2906
127.4508
122.8227
130.6331
133.6242
106.8909
122.4431
345.7758
124.3422
128.3325
134.4042
135.3863
115.3839
125.1510
107.4788
129.7514
0.0795
131.6700
128.1526
133.1957
130.6247
135.5003
134.3476
124.2501
119.9959
134.2499
343.2760
131.1026
107.4706
136.6244
111.0905
134.1135
119.2748
135.4513
134.5755
129.1894
123.3263
120.7436
119.6594
133.8258
118.8825
132.5935
130.7749
130.1678
131.2907
134.9954
359.4282
359.4883
128.6377
115.5521
122.6616
120.7415
167.9851
105.5698
66.7866
351.6597
135.8054
136.1786
136.2141
134.4498
129.9314
128.2409
133.3165
131.6172
128.7120
0.2491
109.8430
132.1789
131.1072
354.2412
131.8554
131.1692
95.1074
99.3137
129.3709
120.2433
134.5321
131.1512
111.2437
127.1210
95.4686
120.0126
115.8825
334.1534
136.0507
128.7669
130.0911
106.9674
348.7760
128.5938
128.8170
131.3861
124.9546
108.8362
101.8090
127.2206
132.8581
128.7796
131.6089
115.1671
15.1466
300.4067
114.7368
127.7122
138.1894
135.0503
130.5963
2.1256
126.2923
125.8550
122.4266
169.0716
168.2569
135.4728
126.7220
132.7539
126.1539
124.7072
126.9575
125.1158
131.6111
32.3092
57.3854
354.8079
8.6155
312.5533
307.7524
105.8145
123.0576
122.6663
119.6434
115.4410
346.7731
357.1334
122.4206
134.1014
125.7028
105.4367
119.8126
355.2070
298.9522
111.9723
100.0956
91.3490
356.3801
337.0919
0.7970
133.7074
107.6610
77.4949
130.5643
125.4217
354.5629
338.5673
2.1937
137.0522
119.7352
284.4046
133.2433
359.8629
135.3279
2.0458
122.3843
115.6166
109.8732
109.6502
129.5148
126.9032
131.6921
96.3046
132.8568
97.4507
133.9740
129.6899
108.0955
12.9324
113.3650
355.4897
97.5140
0.1251
124.3380
123.5956
128.0863
114.0419
95.5588
135.8791
132.8885
112.7136
117.7489
124.1371
123.4833
121.4037
130.6702
121.3127
120.1889
123.4335
16.0080
306.3607
98.2448
114.3925
14.4539
133.1513
123.4633
8.3813
126.7892
124.5243
75.6578
141.1743
116.2460
115.7306
342.4219
358.6386
359.3710
15.1029
132.5904
128.6847
95.6764
132.2052
117.4895
119.4358
0.0646
307.4126
137.4948
12.7078
124.0719
122.3963
104.3185
354.9452
359.7412
88.5392
321.6060
330.3400
3.5297
6.0389
8.8285
125.2408
118.3502
128.6889
112.6881
119.7420
85.6381
1.3332
281.3482
136.9265
357.1058
116.7231
316.3631
154.1261
356.8701
359.5488
344.7366
346.2368
112.2751
109.8293
124.5522
104.3204
117.8466
89.2151
115.3400
117.9402
331.5282
124.1926
132.7742
133.0630
113.5745
128.7564
349.8838
346.2135
354.7562
354.1381
359.5337
359.4375
115.6932
121.8281
127.0833
127.6240
118.4196
102.5058
114.2242
356.3458
358.1724
359.0347
121.4609
354.9708
110.1938
357.5649
359.4948
358.3056
136.0505
95.7907
355.1294
6.7789
103.7494
350.7112
145.9791
120.9185
347.2351
155.3650
132.3779
118.3401
126.9197
24.5334
123.7367
127.2659
315.0213
110.2315
78.6823
120.6515
115.5916
101.3933
123.4426
111.6489
125.4986
125.3700
104.8830
118.9511
357.3712
357.3303
133.9772
132.0501
123.9601
118.0586
109.4452
129.2209
156.4752
352.1325
119.5640
43.2329
116.9236
123.5157
105.3652
90.3835
136.1676
136.2869
125.8202
123.1624
103.2465
92.8830
120.7756
119.6515
5.2583
115.4321
113.6141
116.6219
114.2332
15.4886
138.5835
137.0311
324.4965
351.0784
114.0903
110.9644
134.2792
133.9168
8.4508
125.7273
107.2573
351.1236
111.9008
101.3174
130.0915
125.4304
134.9562
322.4459
133.5528
3.3277
0.5156
153.6168
157.2063
120.3264
126.9309
19.2263
91.5043
15.6801
352.3016
130.1775
130.2599
107.0265
316.7063
270.1151
359.9866
359.4464
7.2770
111.8607
123.6043
118.3165
128.8069
134.8773
124.2264
115.3893
133.8362
132.2381
134.8978
104.3869
130.7098
131.0760
121.0586
135.1227
128.7673
121.5141
134.2031
132.6581
132.0745
130.5909
134.8239
133.2084
131.4579
133.9159
134.0239
135.8540
124.5870
122.6158
127.8933
62.2979
116.4110
111.6967
10.1837
131.9794
132.1269
129.6788
134.5794
134.3722
133.9002
133.2497
135.8603
133.8034
119.9283
132.3284
127.3233
111.2360
128.1702
126.9233
77.3777
7.7816
124.2102
134.4497
128.7289
125.2623
76.0101
121.2934
132.8939
16.8289
117.4634
108.6732
350.9700
320.3144
132.2673
132.5723
93.5582
102.9798
121.3691
302.0344
126.1521
123.8111
69.4389
130.5492
125.5867
126.2203
123.6880
130.8870
116.6708
124.9779
133.2485
104.4680
113.2192
98.4960
326.0335
359.8977
112.2645
116.9298
123.3215
292.1849
112.2697
356.6692
354.1002
126.2652
135.6693
126.0073
341.1211
148.4317
129.1534
359.8075
355.5990
352.5775
135.5442
135.1304
114.0581
97.7872
124.8771
106.3132
94.1089
116.2415
107.8811
101.9200
114.4591
355.6832
125.9866
111.0505
110.6725
105.4031
5.6408
113.8303
114.8604
115.8314
320.1980
5.5297
291.0875
111.4323
287.1289
1.4123
126.8019
334.5241
130.3033
71.5142
129.2133
98.3525
119.5149
119.7198
79.0541
91.4357
58.9925
353.4654
111.7527
131.0787
103.0171
91.6975
111.2200
14.0455
135.2477
102.6938
123.6714
122.3655
0.0362
121.0455
0.3908
123.3947
359.9638
358.9814
119.0182
36.5682
318.1104
359.8473
128.0275
0.0700
135.5797
121.4671
127.3330
122.6294
1.6805
131.7924
13.8142
102.7216
295.7998
121.7012
