338.3361
60.2583
19.7289
88.9894
359.9992
111.3649
359.8169
359.8173
95.9930
123.8437
130.2624
129.5524
62.7390
126.8926
123.9444
95.5689
359.3842
20.1323
90.0254
358.7148
2.1137
4.7520
42.4469
115.7876
100.9845
2.3069
276.0153
90.0249
3.2408
3.6351
359.8393
133.3358
120.0877
337.6628
74.8351
113.9382
35.0995
358.2277
0.2167
304.6431
352.4364
124.0075
103.1941
126.9048
120.0276
329.5808
102.4545
7.5269
118.4221
295.5497
97.4966
93.0126
91.7698
104.6210
89.9071
10.0117
123.9947
123.4083
125.3571
123.9449
125.2959
122.1758
4.1014
9.0755
70.2897
113.4839
97.2737
115.7558
116.2248
0.5347
129.5036
116.7283
113.0222
113.6710
117.1133
118.7615
356.4208
87.1893
8.7514
344.1795
119.6229
32.8515
354.7940
68.9838
116.6573
0.3591
0.6266
102.0469
100.2735
358.1444
3.6665
354.3086
129.5774
121.9641
125.2052
359.2081
133.9151
111.3004
116.7985
1.8805
2.3393
17.1932
13.3764
117.3719
134.8127
129.2147
120.6797
125.2728
131.7317
132.1524
20.1508
117.0581
126.6657
124.8899
130.9434
130.8609
0.7054
119.8141
359.1431
115.7870
71.9501
119.0268
91.3802
91.9997
358.9753
357.9359
3.7787
0.5737
0.8836
1.4578
134.2497
133.7563
105.4506
113.0045
119.8775
76.5606
117.2212
116.6756
137.2765
127.4319
135.0139
135.8316
117.2057
115.9517
103.8629
102.3037
353.6483
171.9454
105.0262
125.2693
127.1867
127.8723
110.9268
105.1628
90.6348
69.5983
9.2654
20.5293
281.8273
356.4305
357.0829
126.9294
100.0206
324.3601
117.3499
357.2686
359.7378
115.7116
338.3324
114.1966
114.7606
2.9671
13.8041
122.7157
129.8380
110.5396
110.3410
136.5060
120.6221
97.9708
105.9830
1.8654
4.2318
302.9473
113.6260
359.1561
359.9650
130.7507
359.8785
127.1774
357.3537
118.2588
118.0962
132.4356
118.5542
118.4239
359.8736
359.7887
130.6730
127.1046
92.3582
99.2117
110.2830
351.0635
124.9860
4.3804
134.9040
125.7590
1.1266
3.7415
126.6005
125.2729
150.8958
133.3016
133.5485
129.9952
130.2452
127.7279
128.8917
128.6759
119.9541
130.9461
126.0567
105.5530
129.7124
124.5680
122.1303
130.6819
126.6535
126.9615
132.0743
130.5942
132.2172
130.3038
359.6775
130.6076
135.0912
129.9915
132.5369
118.6915
126.3938
112.9982
134.2010
133.6307
132.4877
132.0061
131.9306
133.1146
124.3096
131.5363
124.6206
121.9642
128.6989
130.1390
125.3761
129.3261
133.5810
124.4917
128.0387
126.0029
127.5234
127.4637
119.3483
131.4076
112.4244
354.6135
32.5314
92.4444
27.7250
26.0583
83.0340
347.1188
136.4082
111.7319
112.2247
304.0866
15.0255
30.7326
56.3199
116.5922
124.7517
125.2190
101.4880
99.3906
117.2254
120.9546
6.8940
3.0710
120.6125
114.4798
117.7149
121.3047
38.0822
118.8173
0.2109
38.1779
120.0354
120.2165
296.5465
94.5852
94.0989
125.2999
122.2662
114.5484
124.4973
120.9482
122.0865
118.1566
107.5906
357.9109
115.7378
132.5960
132.6191
120.2985
107.7563
104.3693
110.8798
114.0734
120.3427
133.1855
97.2713
120.5098
118.9678
125.8564
99.6026
2.9686
111.4437
116.0099
320.1478
327.0131
124.6421
133.6998
134.2264
133.0749
300.3285
112.2921
118.9629
123.1675
84.1613
97.0287
132.8603
128.0302
359.1859
357.0753
114.0834
110.6168
174.1368
359.0617
358.6030
128.3016
114.6919
114.2507
116.4637
108.2878
126.5310
308.3913
125.4139
125.2144
123.6975
126.5538
110.9940
1.5657
58.6937
130.8779
126.7412
136.9777
118.5433
136.0981
336.5120
124.2295
135.2597
91.3391
0.1275
161.0655
349.6766
358.9301
0.2348
131.1392
130.4375
96.8464
101.8683
127.7295
126.7134
125.4895
110.5734
124.9149
354.2308
122.6546
118.9253
134.5318
123.9874
359.4761
37.9877
111.4602
111.3981
129.7955
293.2914
317.5271
128.1516
359.6158
356.3295
347.1911
4.0399
352.3025
21.5020
131.0875
107.1274
121.2158
122.0451
131.3874
155.0824
9.0533
131.0257
129.5273
130.8457
134.0638
121.1137
117.4002
124.0213
116.7621
126.9958
132.0420
124.0254
121.8809
5.4190
11.6471
136.2540
126.9413
124.4084
126.1046
358.9779
111.3874
128.7979
131.4689
128.7735
132.8341
86.2154
127.2190
108.6972
103.1429
126.0222
125.2208
127.8438
359.9894
123.1165
119.0730
130.6343
133.0028
126.2068
119.7169
108.5660
123.5311
67.0571
124.9263
46.0301
131.8609
130.3624
127.1152
121.9201
114.5589
343.1295
122.6589
137.2799
127.2477
128.4528
129.3291
129.0529
122.1869
93.6053
121.4916
119.9494
4.3596
24.4947
85.1637
100.6889
79.1160
113.3616
9.4128
62.1106
153.1083
341.8631
111.3604
132.1501
124.5236
126.0713
133.8320
131.8740
81.1039
107.0189
107.4383
113.9055
131.8214
117.4708
1.0747
1.4955
130.2166
128.8392
86.5319
87.5659
121.2087
118.7728
120.0932
118.8992
141.3026
110.3619
128.1481
132.4923
112.5909
120.2843
354.3936
115.4094
150.7194
351.7534
103.9355
125.4946
127.3828
357.0039
1.4336
109.1875
136.1683
135.7005
115.9174
2.4291
127.5168
135.0747
123.2801
112.7872
101.4447
157.1579
170.2985
121.9305
136.1582
1.7423
358.1282
132.6133
126.0829
127.7028
126.6358
85.2288
17.9304
339.6694
118.4714
62.6850
113.6829
320.4449
314.9514
117.8470
128.0839
118.0510
122.2246
123.8226
332.6191
332.2114
101.2760
111.3670
152.0142
347.8718
126.3711
312.1113
108.8438
126.7867
121.0735
122.7548
339.2533
343.0912
129.7331
127.2966
125.8173
101.6672
121.9872
124.2798
118.2069
134.0678
134.9099
111.1550
131.6385
131.0532
131.0016
134.9852
278.2540
99.1333
129.3216
125.5952
133.2121
341.1688
346.0687
128.3961
132.0193
134.7375
129.6124
127.4411
133.1073
128.8411
103.4807
103.6859
132.7685
131.5634
113.2924
128.3368
119.0878
113.4770
137.4359
119.0170
133.7548
113.4599
12.2169
122.2262
113.4404
78.9178
118.1378
124.7542
129.1092
129.1259
130.4533
135.4405
128.7004
94.3734
119.5523
127.1384
130.5242
130.2596
357.9432
125.5001
124.8399
118.5406
116.4414
136.5223
359.8174
125.4777
126.4170
111.6608
117.0917
174.0441
311.7223
125.1931
121.7455
126.5291
125.1686
123.5382
117.7810
123.3277
125.5135
118.7889
27.5199
135.4834
131.4578
120.3289
110.0648
123.4178
123.4111
119.0513
124.6939
126.5572
124.2916
97.3823
121.8463
105.2100
298.2132
105.1400
111.0322
111.1233
116.5793
68.1918
359.9104
358.2803
116.7611
121.5140
125.8393
113.0250
348.2795
127.4914
128.8960
122.6475
111.4945
108.2182
103.7582
140.6367
347.1209
99.4603
103.8433
128.7020
355.2428
350.4973
129.1195
133.4607
333.8703
126.0502
112.0614
112.3763
121.8311
129.3733
119.8509
125.2371
140.9097
144.9622
123.8141
358.7317
121.5977
122.9315
107.2231
136.9149
156.8763
344.5259
131.9744
125.8001
133.9123
0.1900
129.3610
133.0016
159.1394
358.5765
111.8355
115.9226
114.5151
116.7479
118.1033
118.0565
118.4482
118.5570
123.4914
124.0201
128.7234
119.8041
126.8979
128.3297
133.4616
132.5389
114.1124
125.8650
131.6671
110.3501
123.0022
23.7732
351.1741
124.1324
123.2776
14.3706
19.8389
127.1287
116.5551
130.1975
130.6585
115.9834
114.2028
120.9517
121.0962
121.4358
120.6707
74.1046
118.5266
121.8167
119.6712
163.7580
110.3403
122.0801
118.2506
133.0542
131.9222
316.7822
319.6761
22.2852
3.8050
129.0049
127.1400
120.7420
121.6052
125.5364
144.2870
123.0360
106.2101
127.1534
351.2255
106.1597
105.6029
131.1168
115.3964
113.3691
351.9812
112.0519
51.9687
113.7880
120.1043
357.3100
344.1047
106.0612
124.1971
121.9295
133.9665
129.5245
128.5076
118.2625
135.7199
133.0354
127.1754
128.6727
119.5396
113.3981
115.7843
133.0205
134.9620
115.5805
68.0297
117.4621
124.0708
132.0180
122.1730
129.8350
118.3879
129.7360
134.0462
134.4250
134.7740
135.9564
135.5006
126.6351
124.2137
95.5990
108.4085
109.8469
133.5063
133.1452
135.7939
130.9852
118.5057
131.0895
129.6566
0.4145
108.9326
116.2392
123.4497
127.3915
130.1201
1.0230
39.0919
119.0808
129.0141
134.9848
134.2500
114.2314
116.8886
118.2294
118.0624
97.7660
127.6904
67.9614
112.3552
357.8518
357.7102
124.7320
121.4617
135.5779
132.7710
122.7831
114.8718
126.0731
134.3351
136.2015
122.5348
135.5551
134.7062
122.8962
117.1060
126.7994
130.1092
132.3182
130.8676
120.9087
53.5621
99.2230
116.2068
333.5881
136.5406
133.9809
130.5119
121.4339
121.8784
302.5280
123.8140
49.0813
10.3423
133.0543
131.8767
117.9090
117.6561
130.3127
129.8350
135.9777
135.9021
297.2288
128.3403
123.9649
135.4166
125.6850
123.7063
162.1736
354.8774
134.3730
98.2878
119.8313
134.4129
126.0979
125.1829
125.1570
91.3719
120.8386
126.2061
115.9071
0.2168
338.3689
129.9074
129.2781
333.8732
0.7932
107.8972
133.5106
120.2121
346.6279
352.3333
121.6511
119.0749
356.4753
114.5337
4.4670
62.3223
122.8953
121.2621
126.0825
123.0935
129.3991
129.4891
91.4959
109.9303
132.7954
131.6198
135.4926
139.8074
125.5699
133.2961
135.7857
103.2882
97.7610
130.5264
128.8575
1.2326
4.4446
119.8012
117.7155
7.4970
138.4994
126.3011
126.8358
130.2896
125.7024
311.5315
310.6869
293.1570
290.8961
354.3757
344.4669
129.0365
135.7599
128.0350
136.0740
125.8665
120.1038
340.4785
347.4959
134.1068
23.6198
83.0309
350.9487
90.0150
113.5215
131.3687
353.8364
17.1206
129.0972
131.0988
153.8523
32.8075
114.2207
112.4848
132.9696
133.4165
125.7792
121.5152
77.7864
33.5661
125.0913
357.1240
132.6958
139.6948
123.9055
129.8157
117.9898
115.8098
127.2760
18.2082
12.3443
102.6271
102.4737
117.4249
353.3110
131.6657
129.6645
343.8198
349.9437
36.1491
0.9904
2.3941
359.4867
0.2960
82.8418
105.2360
114.1052
106.3486
123.3973
130.0311
357.0184
70.4538
126.2578
110.7459
114.3837
126.3661
120.8518
119.8089
125.3805
129.2214
134.6394
134.6758
0.0805
117.9310
97.8472
349.5831
123.6102
133.0276
129.2747
6.7806
69.4186
91.9154
116.4197
359.4289
0.4488
346.3092
119.6887
119.0381
100.6005
99.3752
168.8923
2.1444
105.6814
114.2590
132.7513
121.7457
124.0579
314.0999
127.6848
0.3836
0.5801
113.4628
29.9893
129.1477
118.5966
5.3831
92.3988
130.9978
130.3762
353.6594
123.4943
158.8553
1.7296
357.9595
358.0541
4.0673
354.7773
114.5193
112.8869
114.4810
134.0568
356.4051
95.0431
358.5682
0.0833
308.2148
308.7087
352.8734
343.2743
7.1735
359.4004
345.9704
342.9353
357.3083
352.0841
122.6146
123.7562
125.7965
133.0153
122.0082
117.1679
126.8272
128.9017
118.2591
353.1532
112.5455
131.0179
111.0796
133.6080
108.8741
122.5456
119.4504
128.3947
125.2524
120.7604
132.4969
6.2481
7.2729
132.3588
133.1213
101.2104
136.0022
132.9891
135.4495
105.3878
115.8833
10.0586
122.5262
102.0619
7.5062
131.2575
133.3804
123.2282
132.9126
292.3861
298.8379
130.7813
118.8370
102.1921
115.4816
356.1228
122.5352
109.1512
127.3629
122.7108
20.6948
11.6062
127.5277
4.7444
1.5297
359.6691
14.3379
97.5986
11.9257
355.4021
317.6211
106.8926
133.2195
133.8345
135.0391
113.9772
117.7461
125.9841
129.6200
71.5688
120.0493
121.5690
121.5365
343.7504
40.1570
127.7093
158.0704
100.9883
283.3394
127.7498
131.2761
130.0734
340.9288
130.6635
111.4876
106.0664
348.7527
31.7437
1.9108
3.0178
125.5539
120.8677
0.1517
131.1540
121.5002
164.9997
133.0950
359.8096
2.5770
115.4634
129.6953
130.3616
359.7503
358.5830
0.1421
356.3849
89.6529
129.1151
136.7423
132.2926
0.1273
357.8795
351.3859
358.3331
118.2991
128.2088
154.8137
14.5477
105.2923
123.5642
100.9714
121.8486
29.4251
18.8884
118.2818
117.1149
118.1812
122.5859
338.5932
4.1541
25.2153
10.7277
3.7281
4.4133
126.9065
103.4259
100.0789
90.9311
83.0371
303.0482
123.3426
354.7929
132.5874
125.1839
113.6616
101.1406
109.7488
0.0613
73.7898
106.0578
38.0142
10.3581
133.7712
101.5677
301.1570
304.0348
3.9868
357.0076
122.1742
127.6981
133.7243
77.9082
112.8582
118.5766
123.6702
128.1499
1.9728
134.2045
74.0488
114.5515
136.3693
134.8098
135.5934
125.2342
127.2495
124.6058
117.8983
122.7994
122.2160
131.4017
123.2686
124.8244
132.7225
107.1509
308.7948
97.6701
73.9301
90.0084
128.2950
353.1042
114.9792
312.5638
121.5781
134.0250
347.8101
309.6211
345.2406
81.1900
114.2504
121.8197
125.8842
5.4798
108.4419
348.6645
17.9074
285.1536
87.1629
50.5639
72.9736
131.5165
122.7703
109.3891
0.0029
102.1769
359.8949
0.3039
116.2086
15.2903
94.4265
13.8226
140.0322
4.1295
21.6367
89.6637
118.6580
333.0056
359.3730
128.7922
124.3514
357.9290
301.1222
103.2331
117.0636
130.5476
125.8782
0.0597
124.7983
127.3669
122.6065
64.1995
344.5497
154.7480
114.9171
128.9063
130.1228
316.8445
302.0289
16.0187
100.6702
134.6753
133.5254
135.4947
109.5685
64.4914
345.3301
347.5233
130.2193
124.2870
11.8178
5.5160
323.6242
88.7567
112.7171
117.8962
114.7589
136.3956
136.6083
131.7384
116.8128
120.5557
352.8491
9.1082
63.7137
22.4071
324.1514
127.8875
347.1956
6.7457
20.0759
126.4155
333.3880
330.9300
322.9005
91.9108
107.2961
110.7430
0.6542
7.1604
350.6548
39.3571
357.4536
317.3109
117.3360
11.7751
44.4711
325.3655
338.4072
116.3005
96.2411
3.7761
359.8427
359.4115
359.7235
0.0948
1.9787
110.8795
120.2244
356.9700
345.0865
97.8794
109.1860
117.7405
103.3791
114.6771
92.9654
8.9563
120.3935
85.4451
1.6750
90.5112
120.5282
0.6480
40.4900
3.9075
25.3359
15.5052
39.7554
358.3933
31.9694
358.8491
0.9273
1.4601
14.3142
127.7379
132.7735
129.0124
129.2469
356.3810
131.7593
123.8646
0.4218
122.7887
25.8626
37.6636
350.8969
351.3743
355.0365
101.0579
87.9390
88.0401
121.4030
120.2368
116.7708
297.2189
113.7112
121.4950
133.2637
98.4651
96.9994
120.8778
122.9212
118.1079
135.6145
126.5783
115.7779
131.7929
131.8465
106.5296
107.5352
127.3403
129.3695
132.0530
130.7800
136.1439
107.0148
109.1755
0.7524
134.0192
121.5070
115.5073
90.7419
128.2982
125.7720
128.6651
118.8989
129.0878
120.7157
114.0501
93.7968
118.7475
118.8306
92.5260
123.0254
137.3223
99.7871
143.4895
127.0484
116.7501
117.8897
123.2489
123.6716
129.7790
124.6438
116.8152
120.2667
132.5234
277.8244
359.1225
120.3463
116.2275
109.8057
342.1557
315.2700
121.8504
99.4420
356.6399
90.3859
132.1419
114.9502
117.9479
331.5568
118.7042
117.1508
113.7618
112.7498
12.4187
114.2229
121.5949
121.7564
113.3232
115.3018
110.9451
102.6951
54.5815
90.5147
328.3181
125.5938
329.0479
15.4199
115.7176
1.4679
93.3670
314.1968
114.5612
120.1044
111.4183
332.3322
112.0302
24.4181
352.3025
133.7932
116.9262
119.8190
111.7831
344.7043
136.4444
128.4740
356.9052
0.0037
115.3291
53.2658
4.9747
127.2784
118.5392
48.9560
10.5757
124.9106
90.3998
120.7749
147.9646
119.3132
128.6782
357.1686
2.8456
122.6219
124.3959
121.6728
117.2176
118.5695
91.2454
101.1214
99.4958
132.7978
353.9959
335.9613
128.8153
119.9862
116.1465
133.9084
136.1445
121.4163
124.6984
127.5093
126.5696
131.5874
129.1872
109.9556
133.9321
135.1257
112.1634
110.6136
21.8246
68.5595
130.4507
121.8057
134.7432
128.1837
129.3916
126.9644
124.5833
121.6224
133.2403
107.6162
73.7687
125.5667
123.5082
120.9880
115.0199
121.8909
127.7904
348.2497
354.5808
116.3263
116.7125
119.0615
117.6558
10.1221
127.9449
131.7722
112.4522
122.5582
118.1352
4.3842
31.4905
119.9598
119.9976
119.1204
354.2467
125.0895
118.5187
0.0192
91.1472
125.8040
129.0603
129.5065
122.7961
357.4119
333.9355
117.6574
122.6535
115.9318
112.8569
297.0388
122.1254
126.3567
117.5575
16.6784
338.7240
122.0566
120.5899
91.9784
122.1912
124.4072
119.8171
107.7268
359.7437
121.5474
129.4595
115.7924
355.5662
114.3551
91.0417
18.7381
322.2957
125.7919
121.7470
115.4777
52.5910
27.0345
13.6035
111.8816
125.2244
343.5543
108.1456
171.4748
120.7533
97.3626
44.4498
112.4424
98.5440
102.8592
333.7054
104.1504
123.2070
97.6242
121.1184
118.0610
132.7298
357.8536
131.7124
124.3221
115.6755
327.7807
115.8310
96.7923
111.1600
116.9113
109.6682
116.2342
337.1898
116.6602
120.7912
103.9776
135.0768
117.0954
108.1316
120.4797
106.5557
151.5924
129.7641
136.0313
320.8430
133.0333
138.3510
125.1599
357.4807
120.0026
128.8802
93.6580
131.9387
132.6525
124.8634
121.9117
129.3176
132.4735
115.3304
120.7692
127.1977
130.0247
129.4968
0.7113
127.8019
127.4005
131.3560
132.5931
132.8283
132.5966
124.8227
123.9233
8.3499
0.4564
73.7011
356.6011
126.8989
129.3362
128.6672
119.0554
127.3032
131.8904
4.1053
134.9027
108.5850
106.3637
357.5599
88.7968
1.4297
118.4653
6.3115
112.3765
128.2257
127.6083
130.8983
125.3125
356.5956
102.7628
107.0202
97.8130
115.5902
343.6865
130.2399
352.3906
3.1891
99.5484
114.1884
134.1961
122.3808
356.1433
107.2694
359.5337
110.9728
6.8339
128.6557
50.8131
129.1839
125.9040
123.0874
127.5493
120.0735
134.7071
125.1034
124.0440
111.7670
110.7791
112.0800
112.5574
126.7008
271.1293
151.8931
356.3947
107.7996
0.9187
120.4666
124.0057
123.9157
128.7927
351.3789
351.8911
125.4326
87.2493
73.9937
113.3716
124.9125
358.1699
141.0016
122.0474
117.6397
128.5502
128.0337
113.1165
0.3546
126.0237
44.1288
120.7053
121.4765
118.6372
85.1677
105.7940
351.7359
110.2224
86.5747
89.9568
116.2721
324.6258
146.4666
5.0628
9.7747
112.5410
0.7391
118.8877
120.8008
120.3228
0.7847
119.3598
126.9864
125.0412
125.3727
351.9813
308.9731
132.3934
131.7803
130.1979
131.1345
109.1126
119.7353
31.4876
2.1554
0.3096
124.7902
30.1971
3.0151
130.3496
127.4710
128.9871
123.7261
123.3627
126.7390
351.6505
117.2362
112.8457
0.3348
60.5323
5.3341
115.1510
105.2459
0.4385
105.9166
147.8650
124.7230
359.7497
108.6625
359.7885
117.0698
116.5230
0.0081
122.7718
121.2369
117.1328
124.1728
128.9708
129.3701
108.7125
113.7024
80.3094
99.7334
10.1295
126.1051
127.2489
355.7046
298.3924
334.5836
358.8761
118.5816
120.8691
131.4010
112.0648
111.4991
6.2229
118.1034
121.5100
347.6079
126.8111
128.3611
121.5620
124.5312
122.3387
122.8532
135.3567
130.0860
115.1959
110.5375
1.5597
99.8049
130.2944
131.7380
124.4764
102.6309
122.9754
117.8092
346.6945
110.4732
131.9853
105.1715
113.8438
121.2617
5.6284
80.7900
359.3585
128.4689
126.4708
6.7265
136.4948
132.8754
4.9006
35.0403
96.3360
120.5763
123.2220
129.5568
128.9902
129.4359
123.2292
358.1559
113.4094
68.9386
95.5820
1.7731
77.9441
125.6760
116.6527
126.7162
120.2721
91.1072
0.2909
130.1185
120.0659
122.1481
130.6398
130.4763
125.5661
0.3320
359.0705
120.9993
114.7681
123.8141
114.2154
126.9479
359.2976
133.7671
131.0033
349.2619
304.4500
124.0200
130.9126
112.9958
0.3953
4.7785
134.7162
96.4031
92.5057
23.4387
128.7415
128.3597
116.1314
118.9245
107.7193
338.2154
285.3150
133.5520
125.6234
77.3529
122.8851
123.0554
121.2520
116.1944
73.3170
0.5398
130.2855
1.7990
126.8277
113.7922
347.2690
124.3621
128.7944
135.2368
122.4540
120.9820
112.1926
119.9976
112.3736
106.7242
130.6172
350.6132
126.3697
119.8852
117.2516
354.9733
134.4316
122.7882
1.7887
110.1181
124.0372
126.5731
97.9882
122.9765
119.5192
345.1308
356.4160
125.3751
1.5584
122.4679
125.4557
353.3387
123.2588
1.9975
121.3965
126.6803
125.6518
127.7264
126.5850
130.0876
115.2691
121.8130
0.3279
119.5979
80.3701
126.1634
128.9751
129.4967
134.6055
100.5284
91.4123
96.5146
125.8443
130.9267
122.1564
123.4374
113.7751
123.0071
124.0991
133.4316
113.0385
116.6378
119.6086
105.8732
305.9038
353.3056
129.1503
125.0322
133.2157
359.9401
117.9866
343.9742
123.1499
125.0362
124.7282
129.4455
121.4936
119.5439
124.6596
355.8658
2.9559
120.2388
107.4496
292.1635
119.0893
117.9741
3.6853
131.5614
118.5094
107.1348
121.7527
132.5342
359.4973
123.0861
106.2199
126.7151
122.5798
6.1680
114.5237
85.5305
116.2828
118.0675
106.7485
50.9107
114.1586
343.5408
121.0506
129.5795
124.5883
116.5690
0.0085
101.8254
124.3538
126.3220
127.7808
91.8035
111.1170
127.2318
101.9068
356.7186
1.8325
118.5143
128.2095
125.0679
117.9077
103.4318
359.2366
125.9130
355.3354
115.0388
90.4171
134.3990
352.9665
61.3849
317.6862
135.2507
56.2949
340.7863
359.8818
130.0759
32.1933
309.2412
2.2675
358.6356
339.1783
108.7945
126.1004
118.0267
124.1086
117.5108
91.9473
36.4642
359.6318
79.0561
120.2868
112.6515
291.9830
90.9546
86.1496
47.4223
334.0342
106.5623
350.6050
177.2916
129.0178
115.6002
299.2236
79.4518
106.7654
109.0520
79.8696
91.9534
98.1905
313.9389
114.2449
291.0203
359.9746
42.9921
120.6746
101.9874
101.4593
121.0942
3.1653
122.2461
128.4906
12.0228
121.6803
123.9670
112.0186
64.9991
37.9494
279.8920
97.9014
106.2468
351.1861
127.0298
110.1504
117.6794
127.1487
0.0106
359.7354
119.5290
121.9459
115.6756
0.0837
93.6796
0.0491
321.3390
58.6523
131.3296
354.8781
358.3647
120.3733
293.4480
113.5879
20.7898
0.6853
0.7792
356.4954
98.6256
90.4756
318.4907
25.7720
133.5852
116.7770
357.6393
358.0293
75.1282
130.7697
114.9246
359.8117
111.3283
90.0321
7.4704
89.0593
8.0611
353.7202
100.8349
101.6167
122.7500
18.0401
355.1095
350.5393
89.2839
312.5485
126.7823
111.9125
120.5995
91.0838
104.7531
131.9398
359.0018
3.9274
127.6548
17.8817
103.5006
357.3363
340.3649
0.4324
280.4326
20.3259
53.5111
137.6367
121.3737
84.0196
133.4746
135.4407
359.6166
112.1559
126.4748
134.0159
0.0818
120.8486
128.4286
126.5994
122.3844
119.6946
126.8839
320.1660
98.7191
358.9027
97.4830
353.4491
125.3151
119.1821
359.7520
111.1308
283.1826
121.7111
115.0219
359.6845
122.7274
123.8829
358.1259
275.1188
129.6721
69.4830
122.4378
116.2015
109.4061
108.3898
130.4255
116.9729
104.3775
95.1668
102.7515
128.1779
117.3254
7.5691
106.8513
111.3818
95.9473
104.4607
122.1916
126.8796
120.3344
125.5296
309.0346
123.9783
133.0429
128.2063
357.3302
96.2511
300.5460
6.8758
116.4390
112.5994
130.8802
115.3047
359.9999
127.4525
353.8973
90.7537
127.0878
128.0084
359.6150
85.2174
320.4432
106.5484
126.3084
125.1985
123.6328
1.7118
133.2203
126.8258
97.2291
359.2207
139.7742
352.3258
354.4012
36.0492
100.3564
117.5174
323.8303
303.4103
0.0307
133.7173
346.1048
355.4347
121.9902
343.9227
129.3023
130.9576
114.6938
121.7529
125.5410
127.2688
131.1988
123.2033
139.5599
109.2631
123.8543
126.1648
5.7115
15.3182
97.1886
100.8312
129.3851
123.6894
125.6463
121.6213
344.3422
92.5740
136.7896
136.9670
118.5253
122.2834
99.6269
1.0127
127.7601
120.3595
8.2558
125.4598
303.2133
108.2306
116.5271
106.1855
92.4798
106.7309
115.8791
114.6383
125.3380
144.4760
107.8206
100.4510
358.9240
105.8917
92.4957
123.0393
114.7728
113.3525
127.1545
121.8725
0.5447
357.6594
112.5595
108.8860
133.3534
132.4759
114.1144
123.1338
125.1482
114.7776
110.5548
119.8113
117.6686
111.9578
90.3894
128.3716
125.6227
132.7709
119.0824
125.3183
133.7469
133.4269
90.0332
305.9669
121.8502
119.6364
122.9346
108.8623
31.9786
131.6259
134.8618
331.0331
109.0322
126.4145
129.1686
355.0394
108.0543
125.6726
353.7260
338.0582
288.5251
127.2741
113.1409
2.8472
287.2411
7.4160
101.4432
106.1916
352.8520
113.2935
122.5544
121.6047
358.6837
303.8131
350.2579
67.3536
358.2689
7.1793
127.6170
86.0856
294.2120
59.7343
88.3592
296.7158
104.4714
143.5459
115.5122
124.8039
149.8498
320.7633
124.5066
1.7672
20.5635
128.5218
38.9371
49.0236
356.3494
93.4444
125.5899
127.2808
1.5815
128.1407
133.1033
321.1598
123.4953
352.3348
358.3072
105.6513
0.1939
88.9856
6.1706
67.2624
2.5468
312.3083
42.2711
358.3829
281.8750
357.0792
350.8927
116.1697
132.5809
299.7896
0.0023
355.9700
8.0175
108.3923
348.0907
324.9471
86.0816
109.1586
358.8199
132.2608
130.9032
128.3871
79.6818
110.3384
136.3363
80.8796
118.2871
127.3098
161.0482
122.9661
121.7397
116.2880
115.4871
124.1883
125.3027
81.4251
12.1389
107.8201
120.6320
118.0913
109.8150
168.0526
359.9333
76.1421
92.9100
125.2696
134.5772
88.7483
64.1710
348.5531
127.7929
115.0624
118.0920
112.1719
134.8604
126.9848
126.1724
101.5631
81.2270
122.0118
122.7728
132.6877
0.9399
4.4161
126.5723
134.6263
109.0045
124.6526
14.4957
293.8765
118.0206
130.8003
358.9300
1.4131
130.1567
128.9455
131.1286
132.9343
126.4282
125.9545
120.3685
115.9859
111.2381
107.7805
126.9098
123.1920
116.1392
296.1506
348.8700
9.4134
0.0015
94.6507
97.7769
109.0977
101.1617
113.6704
117.0952
123.0112
111.9031
127.1147
127.0201
1.8908
122.0330
101.4139
99.7019
96.8229
121.8056
358.7033
130.2493
135.0930
133.9523
110.4014
135.6769
129.7744
121.9576
354.7103
134.1561
134.0153
118.0036
157.2526
347.4212
0.0162
111.4696
107.2480
121.9355
106.1347
103.5817
113.6733
111.4515
122.3961
112.5748
112.9299
103.9968
129.2550
99.1863
125.8334
129.2335
122.6472
358.7089
97.7549
335.7532
95.9628
114.7024
134.9633
97.7436
117.8285
117.6402
106.6376
120.8276
121.1186
120.8053
114.7206
116.6909
129.5080
134.9623
110.4774
136.2833
136.8383
123.8678
96.4813
299.2717
359.1186
125.5746
122.7972
126.6646
118.6941
131.7143
132.2766
20.8764
0.6117
354.1051
354.2083
114.7044
29.0041
26.1294
119.6537
89.9348
359.0431
329.2518
355.6410
133.0221
133.5607
129.3776
136.8513
356.3098
2.1742
357.8227
100.9403
341.8606
134.9459
120.7533
301.5759
107.8448
126.2371
113.6519
355.7431
355.4546
100.7760
94.8947
120.5982
126.6577
1.1786
356.0628
351.6992
0.2954
7.3120
353.8436
130.5203
121.9836
135.7541
141.3499
137.1799
344.8480
122.2311
351.5071
355.3296
336.0614
343.0125
124.3743
124.7039
121.6251
359.6732
356.5559
31.8154
132.2558
88.6249
346.9002
5.1246
118.2581
23.4823
140.8556
125.3182
123.9171
302.5174
126.7966
123.0526
131.1682
133.5616
106.7345
124.2270
318.3599
127.2156
129.6155
135.4959
134.9667
108.9974
125.0702
103.7083
126.7120
0.1568
129.7889
128.0157
132.7732
130.5226
134.5198
134.0506
121.4686
118.3437
134.2882
329.8417
130.4665
107.9055
135.5769
121.4630
133.1860
120.2217
135.3339
134.5946
128.9451
123.0231
120.5626
119.7291
134.8977
124.3823
131.3997
131.1572
130.7264
133.2405
135.0408
0.0631
358.8304
129.6796
120.0006
121.0839
119.6089
130.7802
106.1178
105.1327
343.6081
135.8112
135.9436
136.2881
134.9946
132.9208
130.7010
133.1665
130.7041
129.7486
0.4689
110.5548
133.2784
131.5466
349.8572
128.0931
129.7737
97.4380
100.8394
131.8022
126.5696
134.8417
132.3320
117.6852
127.9388
114.2466
119.4026
117.7831
323.2826
136.0917
127.3046
150.7330
110.7213
332.6630
129.3083
131.6434
132.6779
122.3107
112.2174
108.5560
127.4390
132.7133
129.0658
132.2836
121.4451
15.8460
114.6576
110.1059
129.2908
129.2476
135.0748
131.2957
5.1734
129.9364
129.4440
128.2459
152.5328
161.1642
135.4376
129.4699
132.5867
127.1124
124.4242
126.1611
123.9587
129.7621
76.4576
76.1443
358.5370
16.1870
302.5871
314.1859
106.9338
120.4176
123.9925
117.8705
111.4947
345.2829
357.8075
131.6082
132.2387
124.5457
109.7315
117.0725
349.6232
299.3685
115.1449
104.0846
95.1773
355.3058
133.1290
3.8219
133.2712
101.0460
82.6983
127.9037
121.3278
140.7310
112.4973
5.0129
138.3098
121.4179
284.2242
133.0746
0.0341
136.4626
1.4683
123.1622
107.8240
112.5038
107.4899
130.3663
124.2919
131.8191
95.3984
133.6858
98.8232
133.8456
130.6299
110.7588
12.0359
116.0378
354.1427
98.7931
0.2637
124.0948
125.1765
129.0834
114.3995
99.4430
135.6597
131.3322
112.0328
117.2953
123.6420
123.5520
117.6452
126.2026
121.6349
120.3211
130.8261
25.9824
305.8337
97.6921
111.4277
77.6078
131.2084
122.8966
7.8600
126.9894
123.3159
76.2976
126.5278
116.7437
333.8855
331.7439
357.5739
358.8013
49.1434
132.0665
128.7596
99.8797
130.5857
122.3188
120.7037
0.1307
311.2055
164.5787
19.1349
122.2712
121.7183
101.3037
352.0604
359.7335
98.5940
134.0214
319.4350
359.3966
2.7774
7.2001
124.7990
109.2090
129.4684
113.1927
120.8657
27.2309
2.2895
283.3698
143.8889
357.2413
117.9151
130.4268
165.7384
351.6653
359.3996
335.8818
335.3049
112.2203
110.1437
120.5522
104.7837
116.6495
76.1803
113.4871
116.6704
332.9622
123.3447
130.1866
131.7587
119.4413
128.6129
348.0258
341.0398
346.4286
350.8445
359.1861
358.9727
116.3066
121.5616
128.2058
129.3080
123.7635
105.1090
109.7979
353.9354
356.1530
359.0917
122.4119
351.6967
111.1722
356.2661
358.8935
356.4673
121.8008
105.2446
353.2786
5.9484
110.2254
338.2837
140.9473
120.5254
340.6078
345.5362
135.9833
120.8548
127.9683
29.2285
120.1802
127.1979
131.6090
113.6537
103.7536
121.6763
115.8277
103.0692
124.0353
116.6512
127.1883
126.6154
94.1977
118.3404
354.9315
355.6372
134.4233
133.5352
123.5733
119.3280
113.8135
129.2368
345.5525
352.2979
118.0971
63.6549
123.4440
124.6587
103.9018
89.1233
135.9079
136.5798
124.9714
122.2477
108.3480
109.3426
119.1694
118.2159
2.4059
115.6266
113.3612
120.5391
119.5887
14.8897
121.2843
136.3773
315.9127
345.4714
113.6462
113.8990
134.3609
134.1066
122.3901
126.5215
109.4603
349.4004
110.6376
121.4242
130.7201
123.2670
326.0252
329.3722
133.1695
5.2763
0.9148
346.3864
348.2419
118.5374
126.6176
52.0303
93.7369
19.3804
354.0323
128.8678
129.1303
107.8429
314.5128
90.0803
359.6881
359.0054
16.1829
111.0425
121.4084
116.1861
127.5706
132.8815
124.9969
116.6226
132.9014
132.2833
130.1440
106.8236
128.2195
130.0362
123.7177
135.2747
128.2088
120.1085
133.2818
133.6094
131.0333
130.5226
135.6476
131.6188
131.7672
134.5158
134.5549
136.9180
117.6681
125.8331
129.2644
54.7337
115.2461
111.3089
17.9240
133.5889
133.2713
134.3814
135.4293
133.9297
134.0798
130.3682
136.5708
133.9995
123.0910
133.3122
130.2908
113.0676
129.1799
128.2788
80.4250
11.6863
131.4839
134.8773
125.1103
157.4371
63.9379
125.8106
133.2344
38.0740
118.3017
112.6567
344.8112
315.9812
130.8659
132.0026
93.9654
98.0206
120.6652
301.4286
125.7328
124.5215
87.6251
129.0974
122.8641
124.2133
123.9488
130.7918
119.1409
128.0009
133.8085
109.9778
114.8452
98.7513
137.5766
2.4778
112.3983
118.1246
124.1356
113.9185
112.6019
354.8048
351.5190
126.7554
135.6861
123.2799
316.2844
325.3149
127.6819
359.6690
352.8714
353.4321
139.4444
315.4684
113.9672
97.3801
126.8246
104.4452
93.1384
116.6269
109.9947
101.6971
111.2921
351.4321
130.2165
107.4717
110.6509
106.5071
2.7249
111.2391
115.2111
116.7655
318.7508
5.9749
293.0129
104.1089
286.3243
0.8303
127.8007
349.4770
129.7573
85.5900
129.1649
97.9783
121.9025
120.5098
81.0805
92.0970
80.6433
345.0785
111.5927
130.7960
103.2438
89.4934
111.3904
22.3360
134.4633
102.6392
123.9999
124.3625
0.0534
120.9723
0.9070
123.7444
359.9142
358.2434
120.3694
48.4969
308.7474
359.7165
127.6833
0.2043
134.6431
120.7665
136.9462
122.8369
1.9312
156.2576
16.7947
104.9302
293.5604
116.8491
