339.5951
68.2739
18.3200
89.3525
359.9989
110.3557
359.7967
359.7972
89.8267
125.6252
129.3957
129.1610
66.0991
127.0430
124.4535
95.8739
358.6281
27.5434
90.0147
358.2507
2.4498
5.2961
32.1996
116.3455
100.9410
3.9352
275.5432
90.0166
2.7740
3.1556
359.7101
317.5685
119.9055
332.9782
78.7298
113.4286
35.3799
357.8736
0.0745
317.8503
350.7599
123.6656
102.8927
126.8353
118.9587
332.2113
103.1694
12.2935
118.5434
294.7355
98.0891
96.0854
91.9839
105.4008
89.9056
10.6356
124.1056
123.6043
125.6333
124.4252
125.4848
122.5811
4.2094
9.6496
79.9278
113.7269
97.3064
116.7124
117.4176
0.5140
129.3675
116.0083
112.8263
113.6019
117.3221
118.1840
357.3737
87.1373
9.5904
341.2725
120.0845
28.6708
173.8757
84.6084
116.1256
0.3581
0.6387
103.1295
102.1338
356.8093
3.2121
356.7651
312.1056
122.2271
125.4082
359.0526
134.1113
114.3444
118.8098
3.7442
3.2498
23.6696
18.9963
117.3867
133.9617
128.6754
120.8132
124.0726
131.8609
132.1150
26.5794
115.0699
126.4722
125.6592
130.6304
130.8438
1.1621
119.7262
358.6577
116.0965
76.8616
119.8188
91.5213
92.2545
358.6043
357.3249
3.6850
0.7719
1.5293
2.1573
134.2411
133.6510
105.7343
112.1045
120.0917
71.2241
114.4109
120.9011
137.0733
126.2665
135.2108
135.8247
117.4359
116.2416
103.8146
102.2608
352.7380
168.0980
106.2121
125.8791
127.0468
127.6905
112.1726
109.5195
81.2017
66.0399
10.9750
23.4012
98.4759
354.7021
355.8189
127.6932
105.2411
335.9733
117.3717
357.2837
359.8661
116.7266
332.0965
115.0707
115.6739
2.3820
13.3441
124.6529
128.0910
109.5165
110.1794
136.4815
118.5795
100.4136
107.5865
2.2622
4.5976
302.1108
115.6946
359.3300
0.0067
130.0092
359.8442
126.2457
356.1654
118.8912
119.0747
133.3489
118.7558
118.5075
359.8310
359.7259
132.2225
127.6517
92.7330
99.5283
110.8474
345.8506
125.7932
4.9194
135.1832
124.9977
1.5936
4.8544
126.8246
125.6816
156.5439
133.2804
133.5538
130.0100
130.2830
128.0157
129.0623
128.9315
118.9367
131.4789
128.2587
105.0767
129.4349
124.5441
121.3703
130.5075
126.6587
127.0185
132.0404
130.4690
132.2210
131.6298
359.5695
130.8584
134.9355
129.6439
132.3662
119.2168
126.2286
113.3457
133.9170
133.8475
132.5969
132.1702
131.7995
132.7420
125.9490
131.1966
126.0254
121.5226
129.9237
130.1276
125.9491
129.2616
133.5317
124.4420
127.1526
126.5028
127.5112
127.8825
118.1321
132.1243
110.9552
356.3807
70.8307
89.8394
33.1218
20.0975
82.5444
343.8540
132.7248
113.7066
114.1550
302.4048
16.4214
30.8953
53.7343
116.6098
124.6309
125.6043
105.5944
98.4649
116.4481
120.6949
8.5957
1.4941
120.5753
114.4125
117.5407
121.1121
17.3088
120.2385
0.3824
24.4852
120.2030
120.8103
115.6146
94.5283
94.1382
125.5596
122.7442
114.6164
124.4546
120.1180
122.2527
117.7546
351.0409
356.3560
115.3689
132.8718
132.3745
120.3140
108.6634
106.4092
111.8439
114.1850
115.7841
129.7144
97.6979
120.7298
118.9996
124.8417
101.4037
2.6014
111.5281
114.7018
309.9749
325.2883
124.8664
131.3843
134.3070
133.5131
118.9704
113.1900
118.9934
123.9104
88.1809
97.3297
133.5869
126.1851
359.2906
357.0292
110.9791
110.4740
174.0835
358.4139
358.5748
129.4511
114.9214
114.7890
116.5003
109.5147
127.4993
305.2368
125.0805
125.0453
123.8680
128.5115
112.0736
3.1778
56.8717
132.6210
127.4571
138.2389
118.3516
134.2716
331.5772
122.9840
133.0307
90.5584
0.1837
157.2734
346.7921
358.4795
359.9037
130.7998
130.4930
97.3325
101.7154
127.2499
127.1905
126.1586
112.5562
126.1027
347.9656
304.7630
119.9286
134.0585
124.4595
359.1195
66.8188
112.3927
111.3906
129.5516
294.6201
310.0996
128.3302
359.4649
355.0195
344.0308
4.1157
347.5586
30.3144
130.1021
108.0721
121.3211
121.9428
132.1256
166.6069
8.3696
126.9628
129.8274
129.4828
133.5340
121.3547
117.6794
124.6492
115.2788
125.7877
131.4031
119.5462
120.8970
5.6395
10.6267
135.9879
126.2632
125.2427
125.7515
358.7469
112.2747
128.5335
130.9642
129.3802
133.0547
91.1393
125.4556
109.1739
105.3624
125.9598
125.2111
127.1555
359.9889
125.1848
120.3345
130.9749
132.6128
128.3233
117.5544
105.7594
123.5884
70.1301
124.6811
47.2237
131.8492
129.8500
127.3492
120.8855
114.7485
337.6366
122.9876
136.7331
127.4112
128.1057
129.5798
126.5425
121.7033
89.1266
119.9332
119.9776
7.7423
30.1220
85.2628
102.4958
72.0654
111.1193
14.6837
79.1624
160.4419
341.6822
111.0253
131.7272
125.1117
126.7243
134.2296
132.5240
78.0080
109.0959
108.1030
113.8930
131.3741
120.3056
1.1571
0.9276
129.8372
128.9781
87.4746
88.6461
120.4318
117.4920
119.5880
118.9321
145.2990
111.3668
127.7425
132.2178
112.2127
117.7743
353.3679
115.5536
7.9411
349.9819
117.4151
124.3064
126.7809
359.5097
1.9736
113.1062
136.1783
135.7623
116.0567
2.3575
129.8026
135.2227
122.4985
110.1949
98.8708
163.1288
350.3331
122.7771
135.4437
2.3775
358.4646
132.0900
127.1820
127.6322
126.5595
91.1926
20.9889
338.8971
118.5797
83.3478
113.8671
316.8908
311.9051
118.5741
127.4445
119.0622
122.0844
123.0659
325.4632
323.0079
102.2629
112.6020
157.4766
349.0098
126.8142
307.1970
110.8440
128.4694
122.5272
123.7912
318.0427
340.8001
129.8154
127.3802
124.4801
107.9802
120.6551
124.2318
116.6438
133.7697
134.8211
115.1632
131.4247
131.3343
131.3704
134.7664
279.6597
98.3512
129.5833
126.7025
132.8414
337.9232
349.2001
128.2996
131.8828
134.2944
130.3887
127.2794
133.3102
130.2036
103.4660
103.0089
132.7954
131.5683
115.3905
127.7301
121.7720
113.4949
139.0268
119.1129
133.9402
113.0327
11.6403
121.7544
116.7363
74.5435
118.0346
125.0960
129.3755
129.1358
130.5869
135.3544
129.4446
95.0744
118.7292
127.2783
130.5511
130.1665
357.5496
125.4228
125.2179
116.9343
116.1119
135.5889
359.7709
125.3379
126.1573
110.6036
116.7762
174.4661
304.8416
125.3256
122.7598
125.5355
125.4093
123.0642
116.7487
123.1544
125.1084
117.7500
54.6964
134.6189
131.4797
120.3261
111.3259
122.9143
123.3391
118.2823
124.7779
126.4528
123.7580
91.2463
120.8490
106.2995
299.5212
103.4192
111.0225
110.9000
116.5987
70.2068
359.8466
357.3286
116.8848
120.8531
123.1891
114.0520
347.4507
127.0767
128.6058
123.5630
112.3019
108.1758
102.7095
137.2110
346.3150
98.2706
100.7384
128.6084
354.7405
327.8165
129.6463
135.1616
323.6277
125.8503
112.2622
112.5485
120.7376
127.3948
121.6686
124.7853
137.0239
138.2093
123.7007
358.6882
121.1678
122.6021
108.3099
136.9201
148.7136
343.0138
131.3505
126.3054
133.8956
0.1809
129.6000
133.0597
165.7326
358.0174
116.2967
115.8245
114.5269
116.8412
118.0957
118.2763
118.3790
119.0065
123.5262
124.2086
127.7251
119.7107
126.9454
128.6460
131.5210
131.5017
115.2646
125.9582
131.6468
110.7740
122.2915
25.6075
350.7209
124.2260
123.3563
10.7302
28.7962
127.1661
115.8297
130.6722
129.6685
117.4144
114.6486
120.8878
120.8663
120.5701
120.7124
72.7341
118.2940
121.8704
119.9995
152.3269
107.9396
123.3089
118.2823
133.3761
132.6228
314.0936
314.3659
23.4880
4.1461
129.2184
127.4143
119.6752
121.5242
127.3000
144.9681
126.7539
106.3253
126.2125
353.5519
105.3624
103.4097
131.3719
115.5569
113.8524
344.5990
110.5263
50.0388
115.4119
121.0037
356.6991
342.5478
103.8424
124.5239
122.6769
133.3956
130.0296
129.2722
117.2464
133.0933
133.1242
129.0947
129.7686
119.4757
113.0291
115.6279
133.7170
134.5315
116.8698
94.2400
117.4279
124.2538
131.3813
124.5570
130.1315
120.3716
131.6840
134.3350
134.4106
134.9107
135.9106
135.5762
127.0388
125.7562
95.3201
107.2316
114.2320
133.5591
134.1763
135.7465
130.9881
120.1451
131.1043
128.9364
0.5658
107.9052
115.1418
123.0064
129.2467
130.8737
113.1881
55.1721
118.3203
128.8121
135.0997
134.5889
114.6094
116.9745
118.3143
118.1390
103.4401
128.1564
59.6876
110.5489
357.4368
356.9321
124.4385
121.8763
135.3998
133.8963
123.8635
115.4549
125.9714
134.5810
135.9944
122.8636
131.7584
131.0817
123.0471
118.8500
127.2671
130.2050
132.1968
131.1048
118.5998
68.4535
100.7451
116.4701
143.0613
133.6995
134.1385
130.5273
121.6519
122.3752
302.4448
124.0666
42.6346
14.1604
132.9902
132.2194
118.7416
118.7511
129.2570
129.8988
136.0058
135.9738
295.6847
128.3763
123.9726
135.7588
125.7058
124.0337
164.4843
353.4118
134.4211
87.3396
120.7356
133.2801
125.3087
125.1416
126.2001
91.2432
121.6645
126.7275
115.4579
354.6353
325.5295
130.0684
129.5142
339.8786
1.0140
107.6942
133.3943
120.3766
350.4146
352.2358
122.6078
120.4696
356.5441
134.2162
5.0168
66.2680
123.3148
121.4265
125.7547
123.2818
129.1145
129.3425
84.9755
108.5761
132.8682
131.8205
135.0755
138.3014
125.6929
133.4694
134.9198
102.3739
96.6056
130.5850
128.9547
1.7195
5.9193
120.2222
118.1742
8.4372
138.8704
126.2738
127.1397
130.2151
126.4226
310.9263
310.6987
113.5885
291.4694
352.3060
340.7259
128.8988
135.6453
130.4383
135.9893
126.7301
120.8448
337.0994
341.8962
134.1634
25.4458
86.1908
349.3917
90.0120
113.6328
126.2253
354.5002
6.5469
129.0127
131.3186
148.5424
34.4891
114.7026
113.3718
135.9534
138.4023
126.6742
122.2492
86.4405
36.6747
127.1132
351.2993
129.0342
134.7442
122.2666
128.8803
117.9401
118.7995
128.0653
16.8237
14.5011
102.6580
102.5235
117.7776
352.9407
131.6159
130.6181
340.2405
336.0461
40.8961
0.7947
359.1338
359.6315
0.2983
96.0232
107.4008
114.4551
106.8804
124.0063
129.5836
357.4290
73.0407
125.8520
113.4522
116.2409
126.3941
120.2852
118.7161
125.4180
129.5478
134.9368
134.8852
359.9947
118.5500
100.1736
352.2806
123.3628
132.2668
128.5552
5.9049
57.4355
52.2652
116.6742
359.3337
0.7172
347.4308
119.4053
119.0331
104.1692
101.4352
172.3036
1.8536
104.2881
117.2007
132.2425
120.9301
122.9965
310.6258
126.7258
0.3797
0.6405
112.6022
43.3387
136.2332
117.7044
5.2372
108.5884
131.4923
130.6925
351.4164
123.0881
161.1254
359.0008
357.6791
357.9903
4.0828
354.8869
112.4450
112.3094
117.8667
133.4613
355.7439
93.3825
357.9718
0.0843
128.0050
308.2944
352.3619
339.3927
13.5025
359.5819
344.0105
337.2502
356.4186
350.9897
121.4362
120.5449
125.7892
132.5994
121.6402
116.3066
126.7147
129.1095
127.9558
351.9355
110.7205
129.7794
112.2801
133.0501
106.4499
122.5986
119.4700
128.1475
126.3238
122.6793
133.2419
6.9906
8.2701
133.0706
133.8290
100.9487
135.9547
132.5899
135.9108
103.8778
114.1040
10.8406
122.7959
102.0891
8.0417
128.4959
131.8490
125.2687
132.7881
292.2601
298.5726
130.8818
119.8981
99.1642
114.3232
354.9064
343.3715
109.3343
127.3626
122.4611
19.6952
11.1157
127.0474
4.6342
1.7375
0.4947
11.4197
89.5532
13.2285
355.4000
135.3357
109.0570
132.3602
133.8255
134.8543
114.2193
117.4886
126.2619
129.5462
54.1144
121.6048
130.4127
125.1547
350.0717
22.6079
128.1089
150.3914
102.1234
284.8902
128.8145
131.4466
130.1261
340.6601
130.6181
110.8067
104.1382
347.4206
10.5725
2.1713
3.6412
125.9647
120.5894
0.2897
131.4209
116.8960
157.3224
131.9950
359.7947
1.9642
114.2111
129.5468
131.0804
359.7542
358.2712
359.8656
356.9960
87.7739
129.5584
138.3390
132.2414
0.1782
356.6994
353.7633
358.3157
118.1781
126.5507
342.2450
9.4325
106.6482
123.7077
98.1278
121.9272
39.4165
19.4287
117.6242
116.2726
118.3406
122.3447
330.5337
3.6487
22.7725
10.4036
3.7780
359.9334
127.3852
108.4067
101.0670
92.1436
84.2980
302.6802
123.7331
353.7184
132.0666
125.0814
113.4677
103.8177
112.3496
359.9834
75.8495
108.6074
75.0356
6.1080
129.6704
101.2932
298.8755
302.6052
3.6013
357.6536
122.0474
130.2154
133.8391
78.3807
113.9118
118.7942
124.4351
127.8043
2.3429
133.7577
71.0547
114.5159
136.3486
134.9396
134.0086
126.2323
127.5744
124.8055
118.2847
122.5413
123.1842
131.6658
123.3438
125.2493
132.1688
107.4161
293.8481
97.8370
75.0882
90.0093
128.6874
352.6244
113.8697
313.2820
121.9365
134.6528
344.5010
308.8848
342.6099
84.1052
114.7793
121.4477
126.2904
7.7497
108.6901
350.4602
22.0442
285.2854
89.3159
70.3338
48.2559
131.8198
122.7025
108.4068
0.0017
102.1838
359.8804
0.3300
118.5915
10.3901
93.6720
11.2684
144.1081
4.4085
18.2884
89.7681
119.4393
153.6051
359.4211
128.5448
121.0532
357.3631
299.7413
103.9967
117.0770
130.0159
125.8905
0.0402
124.7791
127.2682
121.4835
63.2612
339.9354
149.4554
114.9531
129.3317
130.1590
313.9712
301.6043
17.6155
97.1742
134.7288
133.6755
135.2311
110.4418
93.5828
346.0712
351.6999
130.2369
124.1395
20.0999
6.6593
356.0518
90.6514
111.7037
118.0488
114.1012
136.3107
136.5271
131.3402
117.9049
119.9395
353.3178
5.7529
56.5077
26.2071
331.8804
127.9024
341.7695
6.2787
14.3359
125.3832
147.8726
327.4168
319.6811
94.6405
107.9322
110.6667
0.8625
7.6474
351.2338
29.0094
356.6605
306.4008
117.5140
14.2008
44.3156
143.1706
334.3556
114.7520
96.6917
5.5993
359.8229
359.2958
359.6979
0.0979
1.9940
110.8459
118.9106
357.0626
348.8309
99.5012
106.5118
117.6152
105.8839
113.7707
110.8742
14.2706
118.9615
99.7406
2.7162
90.1442
120.1960
0.7569
56.2521
4.3549
31.4098
18.9448
40.7266
357.4082
23.1336
357.8899
1.1188
1.8742
19.9716
133.6867
133.5752
128.0539
129.7307
355.6124
131.3008
123.3443
0.5727
122.5297
17.1129
20.8887
348.0548
348.4829
354.5144
99.5231
91.2211
92.5167
122.5193
118.1353
115.6406
296.8936
114.2204
121.1211
133.2867
98.6494
97.2365
120.9339
122.4104
117.5738
135.3806
128.7626
117.8270
131.2689
131.7654
110.2034
109.5719
127.3596
129.9896
132.0935
131.7140
136.0647
106.6393
109.3133
0.8247
127.9064
118.2252
115.3298
90.9032
128.4921
126.4152
128.8543
120.3071
127.9426
121.4034
117.0106
98.3422
117.4992
118.8032
89.3355
124.2307
135.8771
101.4259
149.8498
132.2034
118.7950
118.3475
122.6042
123.4789
129.8406
124.6213
117.8180
120.4484
132.2187
277.8037
359.2273
120.7426
116.7637
112.7126
337.7432
313.3575
122.6581
106.8177
355.5858
90.3767
133.5694
114.4881
120.0365
333.3724
119.4520
117.6689
114.8412
113.9423
13.1831
114.1036
119.4758
121.9025
115.0768
116.2602
110.4612
103.1624
34.5157
97.5051
321.7558
136.7341
312.2462
14.5304
112.4393
1.0718
91.5553
129.8942
115.0739
119.0669
111.6772
330.3787
112.6159
27.2914
351.4768
133.3372
116.8789
119.2654
108.7519
343.0014
138.1628
127.2532
356.4316
0.0030
114.6547
58.6535
3.5226
124.9246
118.8642
71.1209
13.7604
124.9602
93.8401
120.6633
144.4475
119.2995
129.3481
356.9939
4.4053
119.0227
123.5229
123.2643
113.5096
118.6419
91.2696
101.1323
99.4851
132.8149
352.6638
328.8756
127.4454
119.2556
116.1343
133.8600
136.0818
121.8513
125.0675
127.4998
126.5722
131.9607
130.2403
109.9984
134.1166
135.2213
112.2508
113.9930
25.9305
78.1757
130.1482
123.3235
134.8115
128.8063
129.5984
127.6798
125.3278
121.1937
133.0782
107.9056
72.2249
125.7097
123.5815
120.1526
115.7196
122.1661
128.5077
349.8840
354.4539
118.9816
118.9721
119.2955
118.1534
9.2968
127.9620
131.2921
109.8570
122.6761
118.3550
7.4128
37.3386
120.1610
120.3698
119.4539
351.6280
125.3806
119.4327
0.0280
91.1734
125.7917
129.1680
129.8202
120.8208
356.9419
335.8021
117.5737
122.8956
116.3588
113.2531
113.6723
122.1181
126.5278
117.7682
13.3106
341.5353
122.1861
121.0552
92.4619
122.4171
124.8199
120.4417
107.7462
359.6701
121.7003
129.5564
116.3262
355.5088
113.9140
90.0573
24.3919
320.5666
125.9817
122.4299
115.6598
43.2104
36.5763
23.4961
111.6299
124.5845
341.3040
108.1010
168.2341
121.2531
100.4851
59.9899
112.5377
98.7426
103.3195
147.5249
104.3287
123.1775
97.9140
121.7445
118.5625
132.7911
356.5685
131.7247
124.5221
116.2004
310.8462
115.5622
96.8011
110.8708
116.4997
109.6579
116.2616
333.9279
117.0816
121.5236
103.7426
135.1178
116.9474
107.4841
120.4599
106.5158
146.2139
126.5524
135.9925
344.5925
133.1160
132.5060
125.4330
353.5586
119.7833
128.8159
93.5195
131.9511
132.7093
124.7881
120.0908
128.5112
132.1371
114.1906
120.6657
127.4062
129.6236
129.9753
0.8940
127.7662
127.0220
131.3779
132.2276
132.4000
132.8884
124.2744
123.9525
8.6029
0.4902
72.3947
356.3393
127.4743
129.7825
128.3164
118.9919
127.8274
131.7623
4.1898
134.7922
109.9165
105.9587
357.4322
87.7774
1.8708
117.7344
6.5533
112.0662
127.8731
127.3900
130.4247
125.1369
356.2515
102.3030
107.4067
97.8209
114.1862
342.5668
129.6086
350.7501
2.8855
99.1094
113.6608
133.5615
122.3046
355.5137
107.2052
359.5079
110.9797
7.1180
128.5042
55.2610
129.1150
128.1798
122.4829
126.8510
119.3962
134.5819
125.0511
123.8507
112.3946
110.1789
116.0868
112.6454
127.6095
271.2127
149.5726
355.8323
107.5184
1.0226
120.5647
124.0223
123.8604
128.8342
348.7080
169.0194
125.3157
86.4373
76.7417
113.3746
124.7627
357.3762
145.4186
121.8252
119.8348
128.3360
127.9216
112.2268
0.3606
125.2780
37.3519
120.5953
121.7454
118.5102
28.0008
105.8978
351.4647
114.7344
102.4111
88.0474
116.0181
321.4643
143.4308
6.0429
15.0903
112.0789
0.9681
118.5902
120.4883
120.1265
0.8653
119.5731
127.2825
124.9133
126.2378
352.3542
307.3600
132.3045
131.8273
129.9555
132.1126
109.3510
119.7052
33.3982
2.5618
0.3369
124.7884
36.9633
3.4218
130.3838
126.4345
129.0930
123.5024
123.4184
126.5450
358.9859
117.6986
112.8772
0.3384
61.3285
5.9238
114.0041
103.7723
0.3748
104.1558
333.9326
124.7149
359.7261
109.5766
359.7804
117.4579
118.8173
359.8593
123.2253
121.0503
116.4122
123.8848
128.9176
128.8557
109.9818
114.0581
79.7540
101.1689
11.6964
126.2140
127.6307
356.4654
297.4286
327.9625
358.7079
118.5096
120.8377
131.6848
109.6430
109.8479
6.0668
116.9004
121.1638
349.9778
126.5754
128.0705
121.0800
124.4679
121.9714
122.3754
322.6116
130.0941
115.2757
109.9808
1.5595
101.2719
130.1312
131.6182
125.2523
106.0146
123.2028
117.4931
345.2749
113.7784
131.5134
104.8624
114.0817
121.3978
6.3635
81.5476
359.0802
128.7953
127.1085
7.9164
136.4871
132.3325
5.4789
36.0479
96.8709
120.0941
122.5295
129.4795
128.9602
129.0256
123.0165
358.0759
112.3472
68.9154
97.3766
2.2435
95.7322
126.2114
116.4828
127.1244
120.2438
91.1997
0.7613
130.0208
120.0383
122.6779
129.8582
130.4300
127.8399
0.3844
358.8329
121.4119
115.1330
122.6485
109.6772
126.5668
358.5853
133.5685
130.1052
358.0399
304.2499
125.7976
130.9948
112.8802
0.4841
4.5368
134.4681
97.1560
95.6515
25.2296
128.7264
128.4633
116.2089
120.4075
108.2740
334.8743
285.3354
133.5255
125.0637
75.5766
122.7233
122.5889
122.6691
116.3422
26.1509
359.8308
129.6553
1.9059
124.8935
114.9158
348.2250
123.8660
127.5422
135.4002
122.2199
120.1776
112.3363
120.1645
111.5636
105.5106
130.2924
349.0273
126.1655
119.8419
117.2409
354.0725
134.4714
120.2658
2.1192
109.9266
124.0298
126.2080
86.6315
124.1447
119.5046
339.5044
355.0620
125.6305
1.6407
122.0127
125.3223
351.8365
122.2549
2.4088
120.5905
125.7449
125.4445
127.2081
126.4448
129.7921
115.1238
121.7227
0.3732
119.3481
74.3864
124.5705
127.6115
129.4597
134.7227
98.5178
86.8609
98.4361
124.9385
133.9745
122.1264
122.8519
115.4569
122.5025
124.5498
130.8867
112.9487
116.7196
119.6335
109.8333
294.1529
352.3591
128.9665
124.5472
141.7788
359.9336
118.1340
344.7650
123.7569
125.0837
125.1318
129.2322
121.5812
118.9911
119.4202
356.2523
3.1516
120.4758
108.6193
291.7732
119.1177
118.1137
3.5535
132.3623
118.7475
109.4991
121.6698
132.6296
359.4736
122.9194
109.6802
126.6437
122.8500
6.4479
114.7064
86.7779
116.2448
118.2793
106.8263
17.2815
113.4246
340.4322
121.0885
129.1171
123.4543
114.9418
359.9947
101.9284
123.2378
124.7033
127.8453
90.2866
111.2168
127.2566
103.9861
5.5350
2.3128
118.6135
127.4830
124.6938
118.3283
104.3101
0.1958
124.7843
354.9920
115.1163
90.4261
136.3171
352.6701
59.8134
328.3161
135.3133
56.1854
335.6098
359.9033
130.4300
52.7439
309.4577
2.5157
358.5077
338.7535
107.7604
124.9867
118.0226
123.4566
117.5643
91.8927
33.9688
359.6767
83.2848
120.3564
113.4418
292.8890
90.3973
95.1827
45.8680
337.8902
106.5970
349.9712
176.6709
129.1682
115.5473
298.8256
80.6584
106.1510
108.5474
83.5889
91.5304
98.1577
312.7217
114.2703
289.4914
359.9707
36.6356
119.7603
102.7974
101.5463
120.0295
3.0498
121.7617
128.4390
15.8400
121.6992
123.9673
112.0027
61.3019
48.8090
279.4918
96.9531
108.3646
350.2779
127.0900
108.5176
117.9072
127.1590
0.0563
359.7517
118.3068
121.9074
115.7711
0.0579
93.9189
0.0416
316.7236
57.6568
131.2588
354.5941
358.2970
121.4696
294.2642
113.9350
20.8152
0.7859
1.0678
355.3519
98.5392
90.7589
317.4548
18.5925
133.6966
115.6489
357.6629
357.9958
71.7057
130.7566
116.0717
359.8054
110.2241
89.8251
6.9439
89.5102
6.3691
342.7451
100.1911
100.2421
123.0727
16.8925
354.6751
350.1258
89.5888
313.0261
128.4539
111.6657
120.7368
90.9983
103.5725
132.0658
358.1308
4.6744
127.5967
19.0912
102.3788
357.0923
339.9419
0.4544
280.0071
17.7480
51.5340
137.6852
121.0373
82.5319
131.9871
141.0086
358.9233
111.6215
126.6170
133.9849
0.0955
120.8126
128.3012
126.8328
122.4306
119.3699
127.0384
315.7007
98.8684
358.7234
97.3616
353.5742
125.3771
121.3010
359.7347
109.9829
282.3928
122.3739
113.8809
359.8135
121.7265
123.7857
357.6822
275.2121
129.6765
74.9595
122.5104
117.7489
108.8311
108.2383
129.8605
115.9451
103.4508
332.5703
102.7394
128.2198
117.2193
7.4926
106.5398
111.1940
99.7855
284.5376
122.3740
126.2698
120.1105
126.2977
297.6302
122.0113
133.0311
127.5138
356.7665
97.8701
296.1037
5.5568
115.6219
111.2216
130.8723
113.1815
359.9999
127.6400
351.5180
90.7319
127.1826
128.2487
359.6777
86.5366
325.4634
107.4687
126.7547
125.7576
123.8267
1.9010
130.7846
128.2287
101.4335
359.3738
138.0913
354.8618
351.3865
36.4560
100.0154
116.8531
133.1940
304.0368
0.0261
133.5798
344.0416
357.1196
122.0127
339.2306
129.1659
130.3286
113.2777
121.5441
124.5135
127.1313
132.3271
124.6137
322.8504
108.8935
122.8849
125.3928
6.0113
15.8181
97.0086
97.9382
128.7435
124.3384
125.3621
118.4766
341.5002
92.4988
137.5396
138.0550
118.6752
121.9334
99.4294
1.1751
126.7577
119.4791
8.5496
125.3169
303.0154
108.5894
122.0306
103.8551
91.0339
108.4591
116.0898
115.4471
126.1681
334.7613
108.0453
102.8292
358.5408
108.2707
95.6995
123.1519
115.2841
114.1051
125.9950
120.1489
0.6749
359.1130
114.0294
108.7684
133.4789
132.1574
117.7469
121.8716
124.9613
115.2168
111.1718
120.4411
117.6761
113.4072
100.9643
128.2905
125.7618
132.2074
118.2082
124.0229
132.4918
133.4564
90.0369
304.7186
121.6338
120.8018
121.5343
106.6295
38.7492
131.5889
134.7704
328.2227
110.0314
126.3815
128.7331
352.4050
106.9849
125.0588
353.0485
332.6390
288.2347
126.9256
115.6623
1.2726
287.5520
7.3150
101.8814
104.5744
353.2017
114.4358
123.1189
121.5672
358.2425
302.1893
349.0108
68.2893
357.4426
6.1351
127.1974
88.5987
114.6561
58.3823
88.7658
295.6027
104.3781
138.8568
117.0657
125.1455
152.6333
139.3562
124.9771
1.8667
19.8022
128.8639
50.3164
76.8534
356.8503
93.3785
125.7731
127.5055
1.5464
128.0763
132.8838
314.1003
122.9460
354.3888
358.1810
105.2324
0.5222
83.9620
7.4743
61.3203
2.7574
312.2424
39.3007
358.0331
281.9801
357.0097
347.6745
116.7425
132.9346
305.7118
359.9676
356.1153
8.6616
108.8631
345.6996
331.1875
89.1205
108.5717
358.7380
132.2669
130.8969
128.9275
75.5219
112.2870
149.2586
62.2898
118.3878
128.3876
153.0643
123.0800
121.7285
118.5518
117.5905
124.1557
126.0792
81.0494
19.6696
104.2931
119.7499
117.4175
111.9572
162.1870
359.9539
76.4164
99.2017
124.3608
134.1459
88.7916
69.1902
348.6645
128.2163
114.7327
117.7613
113.0606
134.3552
126.7131
126.3755
84.3918
62.3571
122.4859
122.7664
132.9066
3.8594
5.5548
126.6310
134.3057
108.8900
123.5702
15.8577
293.9113
116.5363
130.9323
358.2154
1.5262
129.6406
128.2584
130.7690
132.1678
126.9230
125.9743
121.9309
114.5133
111.1885
109.4401
127.8627
124.3374
116.6425
296.3726
348.1410
14.5170
0.0033
94.8469
97.6652
109.6242
101.8465
117.0983
117.2301
124.4727
112.9380
127.0113
127.2568
1.5449
351.7895
100.6229
100.1212
98.6164
122.2619
357.8765
130.7659
135.0330
133.7616
113.5305
135.5307
130.4869
122.4867
352.5282
134.2766
134.2711
118.4621
146.0248
345.9066
0.0136
110.3531
105.9268
121.8434
106.2331
104.4139
114.5568
112.9840
123.9756
114.9423
113.9283
104.5222
128.2465
99.5068
125.9765
125.9080
123.2014
337.7641
100.7166
334.0373
97.4479
115.3569
135.0331
97.9320
118.0735
118.1464
107.2158
120.4680
121.2487
120.9737
114.9252
120.9953
130.1828
135.0532
110.1026
136.2858
136.7803
124.9165
96.4516
298.8823
358.5816
124.5181
122.7493
126.7841
122.7504
131.9655
132.2224
8.4347
0.6896
348.9180
354.8963
115.6505
26.8952
19.9472
117.7738
89.6472
358.8147
137.3471
353.5503
133.0516
134.0461
128.6574
134.1740
355.7460
2.2721
0.4146
100.9820
341.1304
134.7681
120.7868
121.0568
109.5797
126.2856
112.3353
355.7718
355.2171
100.4682
95.4805
122.6507
127.5632
1.2684
355.3364
355.3041
0.4043
7.1441
355.5279
132.1177
123.4582
135.5267
132.8146
131.6723
332.0977
122.8753
347.5265
353.7312
332.0043
337.8974
124.4935
124.3817
123.0391
359.7043
356.4967
16.1444
132.1563
86.7871
340.9026
9.1993
118.3443
21.7034
136.5505
126.3336
124.3369
302.5949
126.6127
123.1350
131.3682
133.5005
106.8332
124.8216
131.7489
127.8299
129.8623
135.7423
134.7647
105.7619
125.0334
102.6628
124.8275
0.1883
128.7911
127.6890
132.4808
130.4508
133.8452
133.8613
120.5766
118.0584
133.9841
324.6252
130.1617
108.1701
134.8557
124.6765
132.6638
121.0561
135.2592
134.6067
128.7771
122.8582
120.4520
119.8471
135.3115
125.6680
130.8603
131.2634
130.8467
133.7730
135.0691
0.1921
358.6042
130.2107
122.0730
120.3695
119.4188
121.5164
106.4256
133.5751
338.6017
135.7994
135.7804
136.3346
135.2321
133.7175
131.3938
133.1071
130.1549
130.2909
0.6025
110.7752
133.5404
131.5949
347.5577
126.3162
129.0762
98.9055
101.7174
132.5529
128.5978
134.9787
132.7682
120.1569
128.1473
117.1874
119.2355
118.5790
320.0636
136.1067
126.4794
154.5758
111.6900
322.6995
129.6939
132.5590
133.1036
121.3831
114.0369
111.7038
127.5210
132.6495
129.1782
132.4283
123.8239
15.6854
113.3457
109.4165
129.6579
127.5578
135.0880
131.6578
7.3779
131.1421
130.5701
130.0906
141.1303
156.9556
135.4211
130.2708
132.5042
127.4146
124.3532
125.5412
123.1966
128.4205
93.3645
85.7595
359.2935
20.2841
302.0963
320.2649
107.2390
118.3092
124.4620
116.8963
110.2539
344.8468
358.1465
133.4792
131.4443
123.7922
111.6020
115.2847
346.4380
299.5426
116.6851
105.8402
97.3807
354.9679
126.8887
5.2936
132.9075
97.9116
85.3334
126.1758
119.7315
123.2483
111.7385
6.6629
138.1584
121.9245
284.1628
132.7095
0.1345
137.2324
1.2610
123.5000
104.5470
113.4058
106.4477
130.7613
123.3036
131.7072
95.1056
133.9442
99.4468
133.8209
130.8993
112.0981
10.7958
117.6852
353.6443
99.7115
0.3373
123.9492
125.8245
129.4031
114.5223
100.9574
135.5473
130.4356
111.6791
116.9885
123.3708
123.5905
116.1112
123.8681
121.7631
120.3563
136.9143
29.5567
305.7134
97.5693
109.8191
97.7742
129.8927
122.7529
7.2648
127.0741
122.5342
76.4432
123.8323
116.8899
334.4846
328.0335
357.0976
358.5158
70.7434
131.6862
128.8077
103.8383
129.7953
124.2140
121.2403
0.1655
313.5370
349.0478
22.3666
121.3959
121.3957
100.3616
350.9042
359.7523
101.8522
132.5336
137.1034
358.5691
1.7114
6.2297
124.7041
91.6449
129.6917
113.3484
121.4995
14.2577
2.6330
284.0305
148.3385
357.3083
118.2691
128.3554
169.8855
167.5107
359.3557
332.9186
331.3569
112.4566
110.1738
118.9123
104.9025
116.2745
63.6280
112.9999
116.0049
334.9808
122.8480
129.0124
131.0216
121.2394
128.4812
347.0936
335.5598
338.5619
349.7005
359.0555
358.7533
116.6545
121.4188
128.7571
130.1066
128.8795
106.2782
106.6687
352.1939
354.8639
359.1906
122.6974
350.6237
111.4035
355.8506
358.5109
355.5277
120.9632
109.0849
352.4772
5.5042
112.8815
328.3148
140.3395
120.4193
157.3315
348.3840
136.7208
121.7777
128.5255
33.0505
118.7729
127.1738
130.5067
114.7583
107.0105
121.9040
115.9099
103.8333
124.2146
118.1156
127.6093
127.2930
91.2041
117.8929
353.6635
355.0339
134.5584
133.9428
123.4016
120.0459
115.5555
129.2828
347.7615
352.3314
117.2385
72.3260
124.9356
125.0081
103.5727
88.8302
135.6766
136.6870
124.3747
121.6073
109.5223
112.0224
118.3909
117.5374
1.4844
115.7539
113.3026
121.4865
120.8739
14.7654
119.0351
136.2194
313.8034
343.3999
113.4271
114.8791
134.4127
134.2204
123.2914
127.0703
110.8518
348.6616
110.0644
126.1615
131.0532
122.3756
329.5583
331.4279
132.8141
5.7153
1.0805
349.6936
350.6504
117.6823
126.4873
81.2858
95.2312
28.8820
354.9295
128.5340
128.4424
108.0981
313.4362
90.0628
359.4467
358.8196
22.4470
110.9180
120.3179
114.8769
126.9235
131.9092
125.4868
117.3083
132.3732
132.2920
127.3300
107.9778
127.4412
129.6908
125.2868
135.3715
127.8626
119.3458
132.8446
133.7386
130.4349
130.4793
135.6677
131.3098
131.6321
134.7281
134.7275
137.1810
114.8098
126.6587
129.6970
46.3677
114.6495
111.2973
21.5139
133.8208
133.5176
135.1065
135.6152
133.8378
133.9049
129.3246
136.6219
134.0408
123.8141
133.7158
131.2832
113.6217
129.4786
128.9038
82.1597
17.2521
132.8804
135.0045
122.6776
346.9510
58.0150
127.3037
133.2853
54.4090
118.5940
114.1175
342.3738
315.1149
130.3818
131.7030
94.6621
96.0535
120.3193
301.3377
125.2922
124.8253
96.3299
128.5867
122.0610
123.5217
124.0386
130.9546
120.0305
129.0414
133.9967
111.9678
115.7386
98.9527
136.3361
3.1537
112.7061
118.6838
124.3935
114.3555
112.7908
354.1016
350.9809
126.9698
135.6685
122.4690
131.8084
324.6336
127.3220
359.6126
351.8383
354.2249
142.4439
315.9713
114.8978
97.4911
127.7319
103.8236
92.7105
116.8194
110.3130
102.2533
109.4725
349.1489
131.7694
106.4576
110.6477
107.0761
2.3911
110.0953
115.2864
117.1579
319.5188
5.7068
297.0050
100.2324
286.0064
0.5639
128.2510
354.5229
129.4775
89.0398
129.1526
97.7262
122.7254
120.9836
80.6974
92.3806
86.3949
159.9978
111.5070
130.6052
103.4183
87.9038
111.4967
24.5734
133.9607
102.9232
124.2265
124.9073
0.0483
120.9220
1.2523
124.0024
359.8794
357.9561
121.2183
50.7272
306.7079
359.6620
127.5876
0.2973
134.0792
120.5166
141.7340
122.9627
1.9861
163.3836
16.6245
106.1271
292.8111
114.3810
