342.5652
277.8890
10.4834
110.9194
90.0323
96.1518
359.7066
359.7073
328.2252
336.5902
128.1162
128.0487
81.7714
127.5826
126.3448
352.5092
115.9472
71.3358
90.0066
344.1897
4.6371
8.1069
0.3318
306.3332
101.1228
79.1613
94.6545
89.9658
348.4055
0.4690
358.1945
350.2893
124.1664
103.5593
91.8497
112.1892
31.1419
355.6528
359.0902
24.8061
340.1531
121.6156
101.6623
126.5683
113.0201
345.9966
108.6860
40.0380
119.3452
103.3686
101.3097
124.8439
94.8501
109.7510
89.9075
125.2891
129.5393
130.4224
128.4998
127.8285
126.1698
126.3087
3.4086
6.8757
107.7311
119.5144
103.1863
120.1358
120.2429
0.2370
126.7976
112.7232
111.0199
112.2134
119.3569
106.8572
359.7496
86.5278
1.3519
122.1537
123.8213
14.9427
167.8650
128.0917
117.6240
97.8466
0.0593
124.1120
127.2746
116.4107
0.4698
0.7307
355.1811
329.8218
129.0304
357.9046
136.0029
128.5071
129.6780
8.3851
24.9300
100.8877
68.8678
112.4589
130.4364
129.6261
122.5463
119.5673
132.1934
132.5101
119.7642
117.8433
127.7297
126.7000
115.4756
128.4802
92.3339
147.8658
121.5344
121.4201
105.9701
127.1057
102.0533
104.0476
98.3463
102.2005
1.8542
3.2802
102.8572
103.7471
128.8428
130.4970
110.9094
111.7826
122.8884
10.3649
16.3609
134.8747
135.3430
114.1030
131.9870
133.0916
123.2094
123.2335
105.2332
105.3616
101.7620
100.0320
122.9011
130.7347
120.0119
124.1995
117.6145
118.0262
2.2452
3.4913
115.5862
118.9279
44.7216
130.0961
318.2272
133.6793
127.1178
138.0620
117.2953
359.2796
5.4960
133.4360
113.5365
130.9907
129.8600
0.6685
1.5197
145.4080
134.9248
123.3538
109.1402
136.3115
122.0636
115.8844
98.6365
97.6267
40.7803
122.9134
122.2504
359.7483
0.2352
315.0613
121.7321
127.5336
156.5905
132.2116
134.0229
139.8731
123.7304
112.2859
357.5423
356.9505
135.6416
129.9626
98.4447
106.1765
118.6323
125.8209
129.8888
132.2172
136.7851
117.2118
112.3023
102.9122
129.0961
128.9904
1.6085
129.5318
130.3551
129.4621
130.2715
129.4989
131.1257
129.8563
119.3020
134.4480
135.4522
46.4352
352.4389
114.9937
91.0644
117.9177
128.3921
130.4628
131.8335
129.7312
131.8733
347.4383
82.8538
131.9518
134.3244
104.6982
128.7580
123.7557
305.0613
115.4954
130.6674
135.6124
133.5010
133.2927
130.9554
108.6979
131.5280
129.6657
130.8024
116.1697
134.5657
131.6692
128.8142
131.2540
133.4218
124.1899
94.6155
131.3660
127.2924
129.8557
113.0466
132.9161
108.1840
22.8062
95.2173
82.0577
77.7465
353.9919
82.4583
115.0584
127.7787
120.5589
119.6412
118.4065
0.3697
40.6049
11.8761
116.6002
122.2284
127.7732
113.4137
97.1917
114.9953
107.5497
77.0656
354.6581
120.2487
114.3466
112.8158
97.8777
329.8385
128.5113
2.9146
2.4985
120.9800
123.8183
114.2348
94.2758
93.7833
127.8787
126.3920
109.4511
121.5434
103.0828
124.2782
108.6909
358.5412
351.0259
107.4636
133.7388
118.4052
120.6124
115.5449
115.3105
116.3524
116.4591
101.2329
126.2001
99.5439
314.8860
120.6735
121.8107
107.0198
352.7406
110.5047
108.2409
123.2740
129.1439
118.9231
120.1418
134.3678
134.9334
118.0012
116.9690
130.5114
131.7398
118.2085
114.3928
134.2163
115.2205
355.8637
357.5201
58.9482
112.8727
175.5718
167.7448
358.3894
155.5211
115.4136
116.9026
117.7691
111.3984
130.8635
122.4426
125.0569
123.5960
125.6629
358.1335
155.2082
7.5471
351.9388
350.6383
346.0116
139.4065
115.4073
132.9515
135.9934
122.2015
125.2660
92.3738
1.5897
131.5590
129.2725
353.8538
358.0383
123.6162
126.2745
100.9395
0.9556
124.7861
129.1173
129.0664
122.8613
134.9789
327.5219
310.3774
5.1587
109.5995
125.6362
353.3543
116.4975
116.0531
110.7360
128.8592
122.9322
127.4426
128.9240
115.7758
120.6750
134.3119
357.9796
131.0191
117.6205
100.7670
124.1265
121.1046
122.3685
134.7175
14.1965
0.5373
105.9276
123.6356
93.0904
78.0222
121.7832
117.4875
22.7494
25.6364
108.7507
11.8859
96.4412
103.6887
1.1022
0.2493
122.1461
116.5149
129.8295
124.5067
105.3280
115.1665
128.7135
128.5021
132.4743
133.9653
102.1075
110.1629
108.7989
114.9722
125.4360
123.6894
113.0483
359.9890
133.5614
132.7394
133.4797
130.7491
134.4478
97.6058
95.5831
116.1733
49.8097
124.1332
5.7359
126.7097
127.0020
129.0439
117.2651
294.8583
125.0158
123.5830
133.8871
130.7429
126.8569
128.9696
122.5546
123.5683
17.7870
111.7284
119.9928
60.8550
76.1270
78.5189
110.0349
10.6613
24.6604
83.3881
97.5505
1.6032
347.8280
118.5313
118.8559
132.5918
133.0167
135.0587
134.5343
340.1375
138.2499
111.4853
113.4821
130.3399
131.1184
0.0079
354.9711
126.5910
128.5025
101.0302
102.0636
118.1079
111.7427
115.4177
116.9908
340.0640
121.8240
126.2858
127.9851
113.5437
109.3938
138.5651
118.8242
10.9342
139.6200
101.4710
117.7470
311.2720
3.9638
41.3404
131.7571
135.7500
133.5074
126.6456
112.7852
336.3332
327.0603
102.1411
89.3851
90.5739
354.2209
351.5343
129.3034
132.1963
5.1585
8.4184
129.4622
129.0541
95.0367
116.9555
138.2749
129.2415
327.7461
121.0098
61.9062
119.9456
128.9969
128.3725
128.0172
125.6587
127.4017
121.4168
118.0106
99.9947
106.9018
135.3296
129.7848
353.1713
354.9211
125.4798
118.4603
115.2068
130.1763
130.3664
130.4841
130.0240
122.0357
128.8113
122.9197
106.4918
139.4734
122.1086
113.0163
100.4506
133.4915
133.1809
131.5779
130.0879
130.6413
133.7376
133.6247
301.6093
95.6134
134.0275
133.1488
130.7898
129.8301
0.9458
130.4918
131.8373
131.3690
132.6480
128.9660
134.8665
136.4945
26.2953
130.8148
133.0031
131.7503
120.8581
124.1270
129.0296
113.5919
353.4338
124.6881
134.2559
110.4071
1.3538
106.5086
128.9595
23.2676
123.3013
129.7331
132.4865
127.2605
130.9442
117.4180
134.8027
101.9678
112.9283
128.9443
123.5629
140.7773
355.1582
124.3868
126.5437
100.9736
119.8030
110.2121
359.8972
122.7044
122.9552
112.3535
113.5338
356.4582
119.0428
125.4099
127.3733
120.3301
125.4023
118.7090
109.2203
123.0493
123.6221
116.2807
111.3210
90.3877
113.5909
121.3045
123.0064
121.2422
122.5551
116.6048
125.1621
126.4711
124.2371
65.2909
119.4294
108.8680
125.7972
100.0182
112.9725
112.3367
116.4876
77.1091
357.0601
342.7719
118.1416
116.7165
114.4502
116.7619
344.7794
112.8747
124.6245
326.2244
116.3553
109.7799
95.6580
128.8814
113.8481
96.2660
109.7589
104.3700
336.7765
111.5002
132.2188
350.7401
123.4182
125.4093
114.3558
119.7450
119.3943
120.5927
127.6971
121.7631
129.0739
126.1460
122.9591
358.8028
118.6768
121.1003
115.2430
136.8983
117.6795
151.2388
129.3578
126.1308
134.0234
0.0428
131.1949
133.7347
357.8800
99.9275
128.8294
117.4103
114.5188
117.3685
118.2019
119.2343
118.1139
120.8097
123.6184
306.5811
125.3054
116.5045
125.8518
131.1826
120.1413
128.5161
129.1522
128.8609
128.3617
117.7339
118.7410
30.6246
349.4991
124.6396
123.8750
3.1576
121.7527
126.8124
112.1372
131.1073
124.6414
125.6878
116.5660
120.7541
120.3888
21.4420
121.0364
56.0648
118.3662
121.9429
120.8303
110.6603
103.7668
127.3318
119.0996
135.0330
134.5666
116.2312
114.2304
28.3631
5.3787
130.2487
128.5624
117.6887
120.6677
134.4133
146.0970
138.4589
102.3005
115.6238
357.1434
102.6738
96.6721
132.7137
116.1458
115.2478
117.9076
285.7330
117.5668
118.4988
124.3115
353.9365
341.3973
91.5147
127.5909
128.7702
122.9427
131.3580
131.9974
118.3665
127.8142
133.2658
132.4252
134.2639
122.5597
112.5326
116.5204
136.6034
138.2626
116.1072
113.6326
118.2737
127.7461
128.6158
131.0407
131.4198
128.4889
134.5627
135.0298
145.3970
134.3569
135.6599
135.9382
127.7948
131.3664
90.0820
107.3502
129.5862
134.0779
135.6762
135.5292
130.8802
126.6718
132.0486
133.6884
1.0262
19.1946
109.3679
119.6587
134.8144
134.9982
132.3698
117.7660
115.6908
127.8841
135.0134
135.6013
117.8301
118.7943
118.9319
118.7255
127.4887
130.6988
10.4980
97.2963
357.1047
351.0291
120.2604
123.6266
134.2152
134.7616
129.7284
117.8034
124.2517
132.7779
133.4975
123.4883
125.0222
127.7219
128.8119
132.4137
129.7209
132.3712
132.6725
132.7781
113.4702
111.6373
114.2245
119.6054
124.1807
131.5653
135.0321
131.1812
119.9088
121.0813
303.1295
124.8042
13.9693
27.9760
132.5636
133.5670
123.9596
126.0300
129.2919
127.1681
136.0141
135.9318
89.8010
128.3722
123.4381
135.7043
126.5257
126.4084
357.0340
168.6504
130.8247
346.0607
121.2434
121.2723
121.2648
126.8325
4.5495
88.9251
125.9295
132.3205
107.0743
123.7020
122.5209
129.9690
130.0672
359.5341
2.1803
106.4528
131.2929
121.1518
0.8301
357.7542
128.9656
130.0973
356.2174
354.9786
7.7892
90.9080
129.7776
123.4343
123.8447
122.5665
128.0874
128.8841
354.8117
128.4262
133.3611
134.0043
133.6859
133.6730
126.0446
133.2191
133.5941
108.3703
113.8983
131.3012
128.7823
120.7352
120.9060
121.7894
120.3095
49.0494
34.1609
126.0622
127.7867
130.3123
127.3651
132.7002
133.3245
116.1690
114.6827
119.3637
120.7787
128.1123
99.4391
134.4363
134.9777
131.7383
131.3603
131.4236
132.1159
134.4803
40.0657
108.2414
342.7016
89.8501
115.8392
123.0987
357.2015
357.0924
127.7095
131.3364
140.2949
112.6723
115.7968
118.0216
357.7807
354.6689
130.4408
126.4031
127.0877
107.3427
158.8447
122.9585
122.8535
131.0696
114.6374
118.6007
118.6580
130.4657
133.3679
12.3921
25.0115
101.5334
102.3111
123.9532
347.7726
130.3557
134.4589
333.4565
104.5253
109.6356
357.8646
355.6783
359.7314
359.3171
109.8321
111.1815
118.2648
108.6382
126.2026
121.9163
359.3181
66.1784
124.1761
127.3462
125.2913
123.6188
115.9637
114.6927
125.5338
128.8978
170.5574
151.0769
121.3544
121.1776
125.1750
359.2182
118.1233
128.9106
125.4161
338.1342
13.7128
5.0188
118.3020
358.7039
2.3772
356.5378
117.3069
118.1529
117.2418
114.6740
0.2099
0.2138
98.0146
132.1623
130.5348
122.5962
117.3001
123.1754
123.9466
0.7378
358.9364
54.8375
75.8002
0.3810
105.2902
5.2457
125.2062
132.2233
122.0285
137.4841
119.0189
353.5702
353.4008
352.1535
356.2166
359.5991
356.3453
95.5908
110.2703
129.9269
130.1112
107.1594
86.4438
102.5085
1.6562
129.3790
128.1474
5.1786
350.1445
117.2520
0.0335
122.8018
121.0366
107.8368
351.3342
120.5856
97.3922
126.1656
129.0894
70.4035
22.9275
122.0122
337.0001
350.3351
160.9976
107.3587
103.9956
121.9868
126.6426
116.9288
122.9550
119.6558
119.1009
126.7467
129.5046
134.1788
16.0411
13.0044
135.1114
135.5455
98.7612
135.7313
119.8970
137.4059
99.7920
107.4079
13.0477
124.0745
103.3972
6.8788
102.1574
112.2894
129.5451
132.3234
112.0326
298.1258
131.2478
124.8100
91.3279
104.6275
121.6743
336.5735
112.6449
126.7772
114.0677
3.1343
359.7845
2.1697
1.2711
0.9807
5.3666
4.4909
1.7055
7.9909
0.6546
119.8634
103.9787
104.8889
91.2557
125.0411
114.6373
116.5104
124.2262
126.5619
19.0712
131.2496
346.8841
161.0373
1.2123
359.4535
123.4526
131.0469
127.7464
128.4466
133.7189
134.1238
130.1616
358.3542
130.4006
120.4843
73.3290
117.2887
356.4968
2.5943
6.5149
127.2583
119.2741
359.9742
130.9423
329.8209
116.0447
128.6862
359.8077
358.1855
116.7048
126.9059
133.3229
359.8583
357.5435
358.9506
358.3049
76.0496
136.5775
358.9206
127.9162
5.3518
0.2089
0.2618
356.8113
124.3377
123.8695
1.0406
2.1171
129.1451
132.4712
120.3751
127.9387
106.8325
6.4921
116.5641
113.5075
120.2400
121.9816
133.7182
2.0280
10.6578
1.9002
2.4353
350.5975
8.8874
324.0181
127.5495
128.4365
354.3168
304.0765
125.0605
356.1583
95.3761
125.4001
113.2117
123.8288
127.5025
356.9442
83.8506
303.4300
118.1718
357.6508
124.2456
103.2281
122.9516
119.4475
1.3461
359.7865
26.8332
352.7272
33.9478
77.7568
121.1670
120.0738
128.7616
125.1583
151.0696
139.7097
9.6987
113.6783
136.1948
135.6921
128.4160
128.0223
129.0016
125.6358
121.1014
121.3478
132.1580
130.1675
132.5826
127.1213
131.4285
113.6884
111.6169
278.5714
83.4387
90.0136
130.1820
351.5159
107.6273
326.1447
123.3500
140.5301
144.1693
126.6123
145.4562
95.8978
116.5816
115.0984
128.1640
9.4437
109.5297
0.0125
37.0288
290.8927
98.7805
107.8988
359.9233
132.5800
121.3508
98.1157
0.0001
281.4068
359.8011
0.4005
126.5057
0.6361
96.1185
5.6310
347.1990
0.9341
4.4905
90.0011
122.1804
155.5213
358.9427
124.6746
111.7844
354.7063
112.8399
107.4454
116.8371
126.8384
126.1584
0.0529
126.0300
125.8148
110.2482
310.7670
138.3821
132.3568
116.3817
132.2016
131.4096
124.1686
119.0609
29.7375
36.0678
135.2118
134.8674
134.7322
115.2696
111.7659
357.3498
356.3523
130.3502
123.3624
107.8673
10.4537
131.7269
97.9392
106.1347
119.0088
112.0736
135.4127
134.9314
108.0419
120.4550
120.5687
359.7445
359.3777
22.9434
8.7258
355.6430
127.9253
125.1917
0.7440
1.4703
121.2855
132.3732
133.0609
295.5945
293.4298
111.2393
111.7343
5.5829
13.7349
358.5753
357.2762
119.7199
115.4942
117.2526
52.0789
36.6067
137.2694
140.3947
110.5312
75.4825
119.5468
116.7455
113.4086
0.7471
359.7243
359.9591
111.8817
110.7621
357.5862
356.8721
121.5401
96.7828
117.6319
114.7257
110.9352
119.6049
92.6604
94.5989
119.1109
94.7521
68.4895
120.0343
1.4762
93.6431
99.4693
103.3937
113.3590
110.2137
117.4668
348.5335
118.4399
2.2876
116.7338
325.8564
327.0895
141.0020
123.6416
131.6027
353.0764
125.9439
120.1750
5.1670
119.4980
6.4558
358.3248
122.3185
105.6008
351.9514
89.7907
113.7993
109.4516
129.2032
101.3477
110.7048
37.4221
118.2616
120.9448
133.3955
99.9228
98.5228
117.0443
123.8863
106.8774
111.2756
134.6783
125.6674
127.1298
131.2813
131.8834
116.1087
127.4972
133.3044
133.3517
134.7030
136.1626
105.1094
110.2583
0.3676
118.5466
88.3187
114.6325
91.1135
128.2527
131.7044
130.9555
127.8208
124.0108
124.9290
122.8638
117.7630
112.1442
118.1379
322.4733
124.5742
130.7957
130.3675
358.9360
358.8388
129.6917
119.4929
119.9277
121.0030
130.1599
124.4740
122.7370
121.3305
129.1261
98.1827
5.4266
122.0955
120.9142
121.3810
121.6890
121.7076
127.5436
119.5665
347.7401
271.0353
355.6861
115.0305
130.3658
17.3352
121.1125
339.4725
128.8379
122.5335
16.4592
115.1281
101.8467
121.5026
125.7745
122.1411
119.2040
94.6439
3.3606
102.0550
107.8891
0.0795
127.9682
359.4250
104.6634
358.3492
81.0385
133.0618
117.4769
115.9629
114.7326
327.1908
115.3938
42.1570
352.7102
125.8461
116.9216
114.9472
94.8387
149.0728
348.5453
97.7932
354.5887
0.0012
111.8450
111.2233
0.3411
108.7178
121.2927
99.2048
91.2258
124.0839
101.1341
120.0828
122.3147
119.4857
129.4097
7.9583
31.3456
111.3143
121.7283
351.0833
355.0726
120.0435
91.4480
101.2110
99.4124
131.7808
121.2328
130.1795
125.6474
115.6654
116.0444
133.5351
134.6465
127.9179
127.4181
127.4343
126.5904
134.8247
134.9532
110.3036
135.0706
134.3896
112.8701
120.4038
70.1704
101.8829
129.6303
127.4987
135.3670
132.7153
132.0114
132.8516
127.8693
121.9808
132.2066
108.7131
68.1677
130.7967
121.8693
118.6373
124.7485
129.3853
133.6676
353.4142
354.2187
130.0211
128.6444
121.3923
121.0165
6.7462
128.0720
127.2984
95.6916
124.5767
121.7907
113.7577
52.4023
122.8222
124.1502
122.0061
118.7190
128.2039
126.0436
359.6342
91.3216
125.2896
126.5235
138.2533
119.7357
357.9487
343.6268
117.3095
126.1239
122.0731
116.6170
115.8231
122.8765
128.7297
119.7606
5.2504
354.1295
124.9029
124.9370
104.5846
121.0148
128.5282
123.1642
107.9795
358.4606
123.6362
130.3838
121.7801
356.4374
111.0403
86.6499
125.5794
324.0036
127.1321
125.1706
117.4991
2.3725
37.8248
111.3186
327.8114
111.3086
149.8161
108.0117
127.2771
123.9460
110.1426
108.8369
113.1758
106.5199
119.0103
130.5299
105.8707
122.9999
99.6035
125.0852
126.6967
133.1068
113.8936
131.8023
125.5591
117.8789
122.8206
114.5182
96.8698
109.6137
112.8135
109.8194
116.3182
137.2511
120.5563
130.1493
103.1458
130.8188
116.1235
102.3097
120.3194
106.7242
130.9865
126.4718
135.4649
356.5932
133.5659
113.1480
127.0612
105.0836
109.6321
126.1277
92.7063
128.5254
131.1985
124.3004
98.6930
124.8259
130.1651
109.0924
120.0927
130.9457
124.0564
133.2496
99.6080
124.7442
108.2849
134.0462
121.1657
122.8500
133.9250
121.0222
124.1309
8.9335
0.5961
67.3078
355.5721
130.0096
129.8573
126.3199
119.4487
131.5793
131.1072
4.2674
127.9866
115.5646
103.9021
357.1754
78.9081
8.6761
114.0422
7.2557
110.9541
126.0007
126.3789
127.3585
124.1666
354.7233
100.8496
116.4552
99.8014
105.2596
334.7449
126.4663
336.5479
357.1173
97.8110
109.7264
116.9709
117.2025
170.9554
106.8036
359.4534
111.0158
6.9856
23.0337
71.9417
43.3369
8.9761
124.7960
110.0743
110.6468
125.4000
124.7413
122.6582
115.4058
107.8916
313.2727
113.1995
130.8614
91.4545
141.8093
172.0478
106.2015
1.5183
121.0287
116.1056
116.8169
129.0303
127.2991
123.9889
124.7674
81.5621
90.5864
113.4007
124.2219
106.0367
345.0562
104.4974
356.8931
106.0552
101.4375
108.4152
0.3018
121.2851
350.7480
119.8573
123.5292
117.8199
357.4173
124.8976
351.3287
115.9227
101.3829
67.8607
114.6792
132.5334
134.6194
13.6857
68.5344
109.9587
5.5058
86.1888
113.9435
14.0963
1.1849
120.7671
128.4307
124.1171
127.9817
354.5505
303.8393
131.9377
132.0496
128.7372
135.2800
105.8819
119.5413
39.0859
5.3710
0.4420
124.6929
76.1978
5.7018
130.5497
116.6306
129.5233
122.6811
123.6586
18.9131
356.0749
119.8535
113.0413
0.2517
62.6508
8.7391
107.3446
279.2975
359.7737
22.2837
357.6779
124.2711
359.6338
113.2118
1.4622
120.6935
121.6134
358.8792
120.5168
120.0076
110.8363
121.2388
128.6271
110.4229
109.2774
124.4384
69.6515
106.5284
19.0368
314.9903
355.1263
37.7060
291.5032
308.7790
358.4658
115.7460
117.1659
128.0639
14.6923
116.3319
4.7602
103.7695
116.9617
357.7034
116.8339
124.9379
111.2287
117.7002
111.3905
111.6115
355.2654
23.0564
115.6959
105.4572
359.3143
156.4366
119.5355
125.9610
128.0437
339.7298
124.3508
115.9579
336.2151
125.4707
74.7877
103.1279
115.6020
122.0020
10.4280
82.7282
347.3099
128.8189
125.2193
14.7270
84.9144
129.3964
358.5742
38.0893
122.5728
111.9267
110.3632
127.4102
127.8565
116.1102
120.4691
357.9539
20.4661
37.9671
105.9163
7.0939
146.7495
128.4231
123.9564
140.7052
120.0355
91.4790
104.4237
127.2099
118.0095
1.1514
124.9371
128.2081
9.1373
2.2635
350.7656
118.5063
116.7645
356.0397
23.2356
98.0396
352.3062
131.5739
115.3038
16.8140
306.2110
133.5632
132.1314
115.2099
0.7519
1.4715
128.8906
99.2888
100.8994
30.4815
127.4095
129.6314
116.6707
355.2695
112.0034
127.5779
348.6623
132.9575
123.7523
68.1934
120.0192
112.2001
126.8402
117.0175
354.4896
351.7311
124.1923
2.1972
107.6056
127.7792
352.5583
123.0373
116.1318
355.3122
119.2243
113.6929
113.1793
120.9915
14.5946
292.8218
125.5546
340.3303
119.1205
112.3359
340.8603
348.0193
128.2168
110.8728
359.0478
105.6130
122.4738
94.8962
40.1306
338.0367
121.2277
121.1361
323.8212
126.1610
1.8666
113.8554
122.6827
346.7980
118.2767
5.1779
112.8347
114.6972
121.3909
121.2469
120.0858
117.7284
114.5472
121.1795
0.6218
118.9201
82.1015
110.3206
115.2443
122.6958
32.9617
8.6575
300.5207
113.2399
118.6665
349.8507
121.7681
115.8557
120.7773
121.4641
126.7445
127.3245
112.4805
115.6680
116.5506
126.3161
119.6713
153.1996
128.4799
109.7966
358.0033
359.9017
12.7440
359.4934
128.6272
125.7502
129.3427
128.0738
120.8158
111.5468
116.3682
0.8731
3.7360
123.9476
120.2107
289.7755
119.4577
118.6164
346.3249
331.2144
124.7022
122.2187
121.9078
133.6480
0.0019
13.8106
297.5968
128.2576
333.8791
352.4529
116.9795
104.9070
116.3076
50.5080
107.2251
9.0493
110.3060
321.1663
121.3144
121.6465
118.1329
106.0728
333.2195
102.2616
120.3449
115.9204
129.2763
92.4786
111.6544
127.3990
117.4289
108.3958
6.0087
119.0133
123.5420
119.5235
161.3547
108.7047
114.1698
119.2581
354.6472
115.4927
90.3714
325.3520
96.2599
55.4065
10.0073
135.4357
58.2242
125.4788
359.9369
131.0838
84.1584
314.8878
3.2013
358.3622
347.2993
102.1354
121.6507
118.0060
120.5217
117.7561
90.4433
9.6687
0.0834
97.2131
120.9951
117.1037
17.1821
86.8713
136.4140
31.6519
350.0069
106.8931
347.7944
169.4889
130.0573
115.2140
297.1337
97.8432
102.8552
106.4169
82.1520
90.2717
97.9574
129.1835
115.3834
110.0122
359.9469
8.5362
106.6709
106.0861
101.3400
110.5112
2.8219
113.9641
128.1104
60.6860
121.8049
123.9712
111.9744
19.1690
82.0664
96.5216
87.1319
120.4793
345.8288
127.4489
106.4004
119.1617
127.2235
0.9024
359.9079
110.2239
121.7929
116.3120
359.9051
275.1784
359.9368
311.2936
21.0637
130.9045
352.8719
358.4918
126.6823
298.8641
116.5992
15.9773
3.4093
4.7146
341.2544
98.2355
273.3426
311.3365
359.4627
307.7837
111.8426
357.8639
358.9172
0.3384
130.4954
120.9419
359.6805
81.1700
89.0195
1.0063
90.3190
358.6546
111.4265
99.4837
82.6800
124.8347
8.4524
350.8552
348.6625
93.9189
325.3742
133.2805
111.0812
121.9210
89.9369
96.5554
132.7269
344.8775
7.4388
127.6973
21.1587
97.3369
359.0230
109.8034
0.1786
277.7047
6.6982
51.2768
137.0962
119.4862
13.4917
119.9038
357.0841
354.6837
108.2501
127.4794
133.7740
0.1858
120.5711
127.5410
127.9759
117.8126
117.4472
127.6401
303.9910
99.1272
357.5647
97.0093
356.3167
125.4486
134.0702
359.7451
103.9809
97.9173
124.9663
105.5135
1.9769
107.7426
304.7590
353.6243
277.2750
129.7072
320.1111
122.9356
124.8122
106.3035
107.0619
105.7396
115.8326
100.1564
356.6127
102.8090
128.4901
116.4350
5.1078
105.3592
110.3060
118.6811
283.7551
123.6812
124.9143
120.2409
321.0260
93.9325
112.6602
131.5477
123.6172
170.3253
286.8563
94.8312
358.9692
112.6847
106.1746
130.8631
99.4420
359.9999
127.8943
138.5395
270.6445
128.5007
129.3529
0.6985
283.0290
347.1356
110.8287
128.3119
128.2275
124.6625
1.5089
126.0914
130.6122
118.1512
0.2066
130.0062
359.4552
120.2263
23.0096
98.8988
114.4462
120.5811
345.0091
359.4111
132.6589
146.1803
18.0632
122.1763
135.1843
121.7431
128.2726
106.6811
121.7399
121.1599
124.9441
135.1294
130.7784
357.2816
108.5864
118.5006
116.3243
115.7766
109.9172
95.4520
341.7533
126.4000
126.1313
123.5428
113.3687
125.7949
92.5040
14.5557
3.2237
119.1235
116.7678
157.0313
126.1071
120.1528
118.1891
4.0260
86.9289
302.7170
120.2407
135.9197
70.0647
43.0007
126.6395
119.5990
118.1188
127.7720
358.5372
112.8396
121.1395
1.0775
120.6536
122.9742
124.9138
122.5991
119.4463
115.1091
114.9290
2.0873
2.9318
128.8808
137.3773
317.8954
130.0099
132.1357
117.2681
119.5399
124.1270
113.1241
122.7889
119.5999
121.7495
116.6192
119.7652
129.0460
114.7337
114.6800
319.4328
119.9218
133.6418
90.1181
11.7784
119.7275
131.3173
59.2869
24.5488
54.8866
130.3536
134.5032
24.8611
109.2780
126.0866
127.7321
119.5951
105.0954
119.0916
73.3864
308.6629
287.8429
110.6714
131.5925
333.7049
5.7040
1.2246
103.2349
92.1256
357.1624
118.8312
126.7977
120.4806
356.2517
298.3187
346.2433
91.7827
294.8208
0.7028
122.8851
100.3237
118.8829
44.0992
90.7238
293.8758
104.4190
126.5764
125.7204
308.6766
158.1538
131.5437
128.0278
1.6760
9.0628
131.0452
111.3980
104.6977
355.9559
93.3401
126.3596
128.4491
1.1291
127.8887
127.8813
123.9529
115.4949
1.0408
357.5487
103.7468
1.4133
0.9635
13.5608
13.4112
3.4387
334.6444
6.4019
355.6585
284.3252
358.4050
124.4575
122.6863
133.5069
6.3681
359.7704
357.0512
10.3515
110.9175
333.2566
355.5036
89.9272
81.5478
358.5501
132.3121
124.6656
130.8553
324.4184
116.5666
359.1991
0.8275
119.0636
134.9886
118.5263
123.3652
122.2174
128.5946
124.9728
124.1305
127.6835
69.7986
81.3087
331.2409
107.4843
116.7092
120.0442
116.4852
0.2391
73.5402
108.4898
119.8756
120.1676
88.1251
100.0734
351.4768
314.9896
114.5197
113.4903
119.3206
131.5864
123.1509
127.8060
25.5096
33.5813
124.5481
123.3874
133.2957
59.9830
82.6156
127.2082
131.8899
110.0120
122.3874
67.6316
113.6243
115.2408
131.5870
348.2967
359.6081
126.6961
124.7874
130.4036
130.5752
131.9188
132.8043
127.9090
116.4603
111.0646
114.4331
131.2878
131.2100
118.0749
118.7984
350.1072
121.9995
0.0252
98.0376
97.7280
111.6227
103.6129
121.5364
117.5885
127.5464
115.7446
127.6390
127.5109
0.4774
0.5533
100.1462
104.8774
118.6102
125.9116
116.9255
132.5797
134.4534
132.6319
133.8539
135.1827
134.4929
313.8107
324.5393
135.8585
135.4668
121.4547
94.7845
92.6986
359.9818
102.4878
353.8309
126.1085
106.8681
105.5993
117.6681
117.6019
128.9707
121.7254
116.8802
108.1205
106.7637
101.0018
129.0620
127.0755
126.1679
133.4743
119.8417
327.9460
128.7134
128.3056
135.3598
99.3400
119.0117
122.1589
113.5028
115.0320
120.3808
121.0441
115.9420
133.2199
132.1079
132.1952
108.6217
135.8279
117.6072
129.9167
96.3302
297.7336
354.1923
120.3892
121.3296
127.3987
126.9288
122.4837
130.6524
358.5379
357.5090
341.4646
358.8133
121.9628
9.4350
358.1095
107.3599
97.7497
356.3879
134.5185
109.2085
133.5549
134.8948
119.2190
126.1367
352.0094
1.1431
2.9416
101.2178
335.8484
131.8058
121.6048
121.6325
115.5922
123.2557
99.9442
357.2531
354.6843
102.0543
102.3717
131.0560
130.6059
1.1973
118.3884
0.9932
359.5843
357.2848
355.8162
140.9101
130.4453
132.7308
118.8749
121.2833
112.0517
124.1510
328.5992
339.7816
333.8475
329.7352
124.8922
123.0346
125.7727
359.5353
356.1658
355.3620
131.7041
76.3757
128.3569
90.8637
119.5797
353.4146
130.1146
131.9509
125.2564
124.1405
126.1714
123.5045
131.7028
132.8368
110.2946
129.3348
126.0622
129.2117
130.0616
136.1866
133.2201
89.4111
124.7600
96.4246
109.8840
158.0749
125.1116
125.8996
124.2677
128.0099
130.1036
129.9048
117.4623
115.5185
126.2849
132.1841
128.6201
110.3732
121.3815
126.7340
127.3555
130.2516
132.2190
132.4317
122.7220
114.9884
120.4378
308.3311
135.9351
128.4309
127.5235
131.7865
131.5130
135.4918
135.0522
0.4001
359.4138
134.4002
130.9722
117.7034
122.9691
109.1851
111.0888
146.1425
140.2993
135.4543
135.1989
136.7558
136.4274
136.1135
133.5562
132.7568
124.6819
131.8159
2.1234
111.6291
134.0968
132.2145
139.4625
117.8686
124.9390
121.1030
120.9491
134.2626
134.9848
135.5361
134.6081
132.0210
128.7300
126.5954
122.7200
123.1052
131.6423
136.1817
119.1298
343.9893
115.5297
124.5166
332.0920
135.5882
135.5076
298.1048
125.5100
126.8262
127.5130
130.9786
129.8762
133.1821
133.4990
13.1021
114.2822
110.8988
129.7451
123.6697
129.6495
134.6625
16.4913
320.0143
133.7426
134.1243
114.1609
108.1147
135.2941
132.2915
131.8568
128.7207
124.6472
80.0872
109.4188
70.1942
125.2313
129.9948
0.5366
114.4286
305.8702
2.4619
108.0450
74.7270
125.1121
111.0932
107.6065
341.6598
359.7855
137.6312
128.7031
127.9037
120.8572
102.4439
331.9237
301.5614
124.6398
117.4130
108.6102
355.3051
120.0580
6.7198
121.7150
93.5900
105.4425
139.4889
325.6320
119.2531
111.2728
24.4123
316.9527
123.6983
284.0005
126.0034
0.4813
3.0832
0.4285
124.6221
87.3877
118.4891
99.6737
133.3733
119.9467
129.8199
93.6587
135.3715
102.1722
133.7855
132.4825
109.9593
1.4051
128.6900
104.3637
110.9093
0.5059
123.2630
129.4756
130.2444
115.0831
108.5738
134.6285
120.4580
105.3130
101.5508
120.7873
123.5220
113.2296
110.3437
122.4006
120.0949
353.5868
46.7660
305.7185
97.2117
99.2148
120.4709
126.6782
122.7502
3.4083
127.2235
112.7229
78.5940
119.3702
117.4821
355.7263
345.1392
354.6112
355.8467
111.9056
124.1058
130.7695
169.2779
122.6590
126.4909
123.8690
0.4145
341.6938
354.5654
71.1760
117.7625
119.7988
96.6636
333.6116
359.9607
114.9131
128.8661
131.8892
355.7108
358.7847
1.1548
126.7684
3.4199
128.6109
113.9760
124.5013
3.5660
3.0941
287.1651
348.0829
358.3040
119.3039
123.2152
0.5154
149.5056
359.2536
316.3191
311.4914
115.9918
116.7388
114.3772
105.2125
118.4907
358.2184
111.6580
110.8911
32.7236
119.0805
123.3355
123.0900
125.5900
127.8758
120.6701
120.0973
121.0908
352.4905
359.3668
123.8080
297.4681
297.7910
126.9433
130.3557
351.6537
115.7169
350.9597
119.4089
110.9737
11.8868
124.9296
346.2604
113.0558
355.3968
148.6656
349.9953
122.8018
126.2482
98.5693
2.3596
124.1781
122.6700
130.9145
120.1877
131.7041
0.1922
134.6186
125.0583
133.3477
114.5873
117.4114
126.9648
127.9702
118.7342
121.4398
121.9305
115.8871
107.2000
118.4123
122.0615
128.3506
132.4346
84.6070
113.3438
159.9144
356.5684
134.9591
135.1610
123.0083
125.4991
123.9813
130.1300
352.5206
351.3921
116.2884
113.6411
128.9436
127.6544
114.4892
109.2300
131.6606
129.2238
112.7088
111.6525
110.9149
117.2818
113.9377
113.8591
359.1170
114.4208
113.5256
125.0593
125.8174
23.2639
119.7161
135.5725
37.1966
83.7975
110.7340
121.1257
133.9897
135.7460
124.7991
123.3633
120.1939
354.2799
104.0467
147.2335
135.0975
118.9029
359.3761
358.2274
125.2178
2.6071
1.0012
356.9405
356.2062
118.0668
129.9140
125.4756
66.9536
122.5772
359.3965
127.9586
125.9918
108.8475
119.5733
90.0697
355.3644
357.5535
109.1560
113.9473
5.8483
85.3511
124.8361
125.8392
128.1535
123.5190
128.4582
128.5986
115.5244
112.4606
312.8243
131.1214
136.1596
129.4265
121.7542
114.9450
131.0272
131.1863
124.0472
125.5490
134.9437
130.9050
130.6036
135.4698
135.8337
132.6010
111.2221
129.4554
131.6075
168.5043
92.4128
110.2170
50.0068
134.0784
133.8819
135.6743
135.4696
133.7159
133.3770
126.4224
128.7285
133.6627
124.0021
134.7903
134.7573
114.9137
131.8890
132.3932
116.9284
127.1454
132.7470
135.0731
74.8851
359.1963
359.3834
132.1700
133.0849
115.8765
119.5206
120.1161
328.6358
312.9835
126.8160
128.2153
97.0245
92.7540
118.3907
121.2559
10.7683
125.6385
125.4102
126.5017
118.6014
121.1745
124.1713
131.8415
123.2911
133.1678
135.2211
117.8553
121.0567
104.2682
134.4682
5.1981
115.3071
121.3333
125.5902
115.1963
115.4770
349.5879
353.0523
129.3586
134.7607
115.2989
131.0302
324.5392
128.2651
359.2488
345.9753
0.0412
0.0565
355.8394
324.5454
105.6360
133.8051
104.0312
88.9559
117.5442
110.7240
106.1541
99.2372
122.3702
135.2699
103.4951
112.0481
110.6946
359.2069
101.7347
115.2907
119.4955
341.1811
3.5112
350.0507
53.1537
283.2944
0.0323
129.5181
8.6109
128.7146
95.7270
136.8537
87.7805
125.9534
127.8387
48.0939
101.9210
104.4687
122.3158
319.3310
127.9347
350.9127
353.4114
107.5345
352.9561
128.6644
109.4715
328.9671
125.6331
357.5155
115.4262
0.0470
348.0973
1.1293
359.2080
129.4201
6.7987
121.4014
0.3670
127.2595
1.7632
127.2434
126.8290
343.3944
124.0327
2.1003
356.6547
12.6368
118.9024
291.3105
101.5135
