358.9624
274.4866
1.5284
123.2111
90.0217
113.5442
359.7799
359.7805
0.0225
358.3806
130.3557
126.4050
95.7997
127.1715
127.2252
359.7441
111.3006
4.1119
90.0072
110.8689
97.7219
90.5499
358.4733
356.0707
284.9808
349.3997
352.7044
89.9300
329.9362
0.2887
358.9538
358.3081
348.4581
9.2374
94.5946
112.3271
5.2639
358.5137
358.6696
15.9211
288.2136
97.1584
100.5748
125.2482
23.6509
358.9564
335.8110
40.6942
119.6593
1.4287
101.4282
327.1809
94.8381
342.4696
272.7182
87.6722
118.7304
2.1371
127.5297
122.0837
126.5710
353.4762
0.4596
101.4959
104.8099
112.3911
357.1748
124.7279
339.1661
359.8147
129.3312
125.3554
108.5256
110.2865
120.4966
104.8509
357.7282
83.3384
343.0265
59.1789
124.5924
102.8999
173.9237
122.1265
119.3106
126.2966
2.8651
309.8140
129.5316
116.9587
6.9137
9.7402
339.0859
152.1700
126.9488
153.1688
4.6720
128.0866
127.3653
6.2120
7.9690
29.5844
14.9302
117.6145
131.7368
128.2590
126.3689
122.7619
134.3501
134.0196
117.8919
114.6240
128.3316
127.5701
126.1865
118.5046
299.4383
329.8408
354.9578
113.3701
109.8607
125.7118
96.6063
96.1684
106.8801
112.2180
0.1999
0.1230
98.4265
108.4755
135.0506
104.0224
111.6504
97.6423
121.7250
73.2782
65.6206
127.5309
135.4282
111.7974
134.6413
133.2189
118.5341
297.1685
92.0373
93.4390
104.1321
98.8940
129.9367
130.7674
126.4493
126.3263
118.1271
114.3141
0.2832
7.6399
122.6956
127.9216
79.2473
126.8515
134.4124
134.6604
115.6608
351.4485
123.0444
0.1304
102.8684
112.6279
112.2797
142.7956
343.8280
359.8474
359.5982
120.9494
122.4986
308.6485
97.0650
132.7052
131.7225
328.2893
124.1719
59.3245
49.2943
125.9345
126.0246
356.0709
355.8471
76.3215
351.2009
122.6501
2.5285
147.4468
140.4025
123.2206
118.9334
122.4095
0.8626
359.4841
132.9330
122.7171
102.0050
133.5738
283.8068
121.9476
132.5728
116.6538
134.8207
116.6351
8.5367
47.2860
128.9906
126.9142
91.5284
131.5020
131.2505
130.3343
131.3571
130.1769
129.8438
126.0161
128.7935
133.3216
134.0408
107.4460
349.7965
124.8608
100.0931
130.2984
130.1054
131.3319
133.0862
127.9952
132.3073
354.3463
4.9797
133.5422
137.2126
112.9396
125.8959
139.8255
119.5551
122.3277
132.6247
135.6772
132.7326
131.7530
134.5940
116.8800
132.9664
130.9402
133.8647
115.2750
134.3827
134.5153
108.2192
132.7122
134.2574
124.4337
130.8000
128.1470
123.8110
131.8135
116.4575
134.9322
110.1258
349.7004
357.1564
90.8403
280.6438
347.8287
278.5543
302.6206
127.9675
128.3206
130.0033
149.3524
32.1979
31.7130
31.0396
120.7968
119.3510
300.9322
113.0377
96.6729
115.5472
31.4500
25.9302
313.7557
115.2185
114.1707
113.1377
84.7586
357.6723
105.1143
359.9688
324.9121
123.8895
359.7154
117.1569
102.6065
93.3972
132.4731
134.2862
359.8086
125.2347
278.0383
128.7991
115.0510
108.7418
358.0870
112.7222
131.0794
116.2509
352.0350
110.1934
110.8430
65.7939
115.5646
107.5934
102.9326
10.1663
4.8862
119.9447
129.1865
106.4561
357.1939
118.6175
117.5790
358.6713
358.0816
131.8066
132.4159
134.6517
134.1856
120.4909
120.3157
131.8825
133.1398
113.1040
110.8044
133.6532
125.4208
6.3378
0.2983
109.0673
122.4373
98.2570
111.0255
358.3075
0.5626
115.5218
115.9077
137.6230
120.2595
359.3797
116.4785
121.2239
125.5581
126.8160
103.6116
98.6996
94.7257
115.4891
358.8281
349.0171
2.1659
117.2641
130.8582
132.5389
129.4597
129.4154
107.7121
47.8278
126.3324
129.8675
114.5357
4.4419
132.9156
131.0058
96.0359
359.0823
134.0770
135.9976
119.0032
135.7001
353.0446
132.2700
131.2571
96.1054
103.6226
124.0534
114.9459
115.3642
127.6653
98.9085
125.8440
130.8566
132.1903
131.3745
117.6842
124.5515
123.6888
355.9484
134.0780
115.4421
93.9010
91.5275
121.3664
113.8542
326.6093
84.8993
94.2854
118.9080
91.5546
100.1309
98.9468
118.8960
118.0274
105.4812
2.8980
127.9376
14.1258
95.2923
110.1160
145.9980
115.0688
135.3883
133.7107
125.9012
134.3113
107.3330
116.1974
132.7621
122.7581
135.3403
135.5900
98.5318
108.3646
107.0029
131.4459
126.0934
122.6910
108.2384
359.9875
129.5764
128.2045
135.2819
128.4424
136.1628
87.9286
102.9734
125.0925
109.8021
131.8191
84.6475
130.3132
121.4046
350.5866
123.6439
296.5289
125.6267
127.7088
132.3293
132.0965
129.3008
128.7230
127.2431
126.6637
117.6096
115.8629
119.8055
123.8776
124.0378
99.5429
99.4446
68.2452
32.0202
117.3254
116.9794
1.0196
354.5300
124.8504
123.6285
134.7024
134.2164
134.5873
134.3303
140.0838
135.8332
114.4887
116.3071
132.8459
132.4191
1.2040
358.3123
130.3363
130.2061
108.8050
110.2739
125.4689
116.6860
116.3140
114.4449
147.9661
112.8913
126.8446
127.1206
338.0873
22.9588
2.4326
83.5758
0.3096
57.9253
66.8063
119.9765
118.6258
2.7621
5.0338
34.3221
136.8306
106.0931
117.7467
150.3264
156.9360
335.8457
113.6272
120.5090
130.6844
0.1156
358.0948
135.8866
104.9237
2.6242
5.6776
125.2553
125.9672
117.5866
121.5710
118.4132
128.2475
127.2839
129.2748
130.4972
20.5783
125.5245
123.9086
133.8861
133.4045
122.3857
125.6787
121.9380
124.6142
356.0909
113.5300
121.8974
358.7943
359.7132
131.1419
123.0980
125.3478
132.4473
130.5677
130.0423
129.2795
118.3406
131.7883
108.8328
281.5939
354.6672
339.4956
123.0822
104.1700
134.0548
124.7131
131.4817
130.0312
132.9994
134.2724
127.9311
284.4496
115.1177
135.3133
132.0535
98.8814
133.7615
0.2837
127.9569
133.3047
132.1237
123.3467
110.0082
136.1538
163.3511
95.2895
324.2830
131.5857
128.9512
119.7204
123.9916
133.2354
114.1649
350.0087
129.0978
134.5445
122.5807
0.9021
133.7814
127.7141
116.2356
123.6615
131.0452
131.7156
131.3338
133.4911
132.0569
133.9802
101.3387
110.7480
127.0749
127.4840
126.7051
340.9940
124.7340
125.4410
100.0705
113.2584
121.2830
357.7073
124.0373
120.6541
306.8606
308.4640
358.0961
122.3578
127.6035
120.5831
124.7475
125.5024
120.9278
111.3569
125.2689
96.2071
124.7432
116.8171
98.7871
114.1167
126.7932
126.0484
122.5171
127.1709
124.3432
121.4598
116.0542
123.3754
1.1375
124.9590
109.2102
126.7336
90.8859
116.7827
117.2017
118.3155
75.9575
131.9475
123.4851
118.6629
120.3370
114.8239
117.2266
126.7345
126.6331
127.5437
358.9218
117.2237
111.9627
110.2629
127.3694
119.1192
100.4818
125.8109
96.8622
12.0540
105.5549
136.1484
173.2642
128.2602
120.6594
109.3669
129.2882
118.9990
129.7789
135.1996
117.0731
127.4118
293.3898
290.9741
0.8433
124.8246
124.9788
136.7092
135.8468
108.3149
127.4591
128.2870
114.9633
131.5249
0.0632
111.1528
127.3066
92.6010
109.4359
354.4741
120.9660
118.6728
121.1340
117.1397
122.6714
119.9785
126.4005
124.7070
339.9571
133.2142
96.1107
100.9477
135.8747
134.5085
127.0781
135.4187
128.9865
125.0645
123.4775
122.5032
15.8421
352.8102
125.6472
311.5336
0.4299
123.6402
120.4488
100.7073
126.5215
127.9578
125.6325
120.0100
129.7812
125.0607
31.2832
127.1873
41.5615
131.1515
113.3552
113.8284
115.6750
99.7628
125.3552
119.0842
128.1800
122.7792
129.4207
123.3617
48.5565
1.9459
132.6877
129.7530
124.4678
125.1744
341.1282
133.6245
123.9499
100.6183
137.1068
116.9771
106.9909
105.9183
32.3193
113.1163
116.6737
120.0051
288.9001
109.8201
0.6003
118.0282
88.7440
1.9700
133.5210
128.7332
119.0417
120.5976
132.2066
132.9910
118.8343
117.0131
135.6970
135.8490
135.5123
124.9715
129.1537
131.3227
345.7630
119.6290
120.6818
135.2509
135.4890
134.4950
134.1283
133.4006
133.3788
131.6544
135.5643
134.6372
96.3596
94.4228
136.5654
136.4819
126.4502
128.4244
110.1331
109.8269
133.4660
135.8192
136.1397
134.8675
134.2056
132.8339
135.8295
130.3683
92.2422
125.0348
123.5314
122.8932
136.8748
136.1883
133.5963
121.9642
108.6803
105.3906
133.6173
134.5852
125.8771
126.6446
126.7320
126.4788
136.3493
111.9015
115.9440
115.5240
112.3346
114.9734
123.2017
122.7267
135.9816
134.9179
133.5299
135.5339
135.4848
133.7234
134.6557
130.0633
129.0873
123.7732
129.9634
116.6328
126.7517
134.7739
134.3571
133.8815
128.3547
129.7369
131.6759
133.6517
128.7994
134.2465
135.5400
105.1760
131.3913
128.1786
128.2817
129.3042
108.9164
107.3835
131.4517
131.6144
124.5096
120.6561
131.3401
133.6483
134.3809
134.5303
92.3657
130.6543
126.0073
135.1403
132.6377
129.7177
0.0425
0.0592
131.8525
123.1066
123.1627
113.8253
134.4433
134.4048
354.6810
5.7876
128.3106
101.7944
115.5826
122.9170
121.2659
131.8896
131.3190
359.9390
96.4452
101.9054
135.4780
123.0113
359.6230
359.4363
128.1455
312.3259
109.5015
110.6827
87.6989
123.9242
131.8768
104.1439
129.9991
124.1614
129.0930
129.9160
124.8408
132.1367
135.0684
134.7312
133.8083
134.4594
128.7615
130.9390
29.1836
130.7148
130.5406
130.9510
356.3187
128.8626
131.0572
121.1436
120.1380
113.4348
111.0646
126.6115
126.6343
132.8979
120.4752
132.1859
131.8962
119.3889
117.1934
130.4870
131.4446
126.6586
106.0085
134.9898
135.8033
131.2446
124.6600
132.9063
132.3842
134.1201
124.6709
122.8253
129.0947
270.2796
116.7254
120.7711
108.9321
112.0281
134.4654
135.1867
107.5365
89.5056
117.6912
117.6760
0.4086
1.6904
123.4687
121.2386
113.6703
114.6202
93.4326
94.8510
124.5120
121.9299
132.1967
130.1754
119.3124
131.8935
132.7388
1.4807
112.7091
99.1058
99.0390
129.4253
42.1261
134.0906
135.1843
348.9596
125.6768
104.7379
0.7402
1.0108
0.0376
359.5408
95.7664
116.7329
127.9453
123.4148
124.4700
113.1245
0.0082
109.6294
130.3441
131.7431
129.6352
127.1322
123.7183
123.4879
131.5379
130.5277
127.3436
129.9927
117.2995
127.2092
0.2609
119.4460
119.7924
126.3651
128.3380
355.2741
117.7708
356.4905
134.6820
122.5119
359.8798
33.3998
122.8986
120.7816
127.8549
122.9275
0.3797
36.5669
115.8471
111.4817
121.7776
127.7625
120.7392
126.7804
127.8377
100.1739
96.0672
124.4219
119.1852
357.7761
106.0563
96.5745
122.7622
123.9903
92.2079
126.6824
127.0985
103.2325
105.9280
113.7244
102.0567
111.8215
330.3262
282.9889
107.1843
134.8240
133.3879
118.5279
359.5370
359.9964
67.6722
130.9905
103.0015
5.9840
4.0938
122.3842
352.4379
117.9321
107.5202
120.4429
357.5390
120.7628
290.2238
127.8182
20.3889
107.8353
359.1794
124.5292
343.0810
114.0466
133.4954
110.9356
117.1266
114.0568
124.7316
125.3244
131.5282
133.7416
53.2638
104.1534
122.6379
135.5364
117.2247
13.7061
135.1039
135.4426
53.2048
135.5217
112.1976
137.3887
110.1820
116.9467
3.8885
124.9556
112.6454
117.8003
109.6440
112.9027
130.3044
129.8918
114.9524
355.9759
131.6986
133.5602
117.2230
118.1667
124.5138
120.6539
111.9755
121.4448
122.1318
1.2464
357.9031
359.1273
357.9875
358.7332
4.6834
2.2173
3.2274
105.2670
120.0739
129.4284
93.1378
119.4673
109.0138
120.6897
114.7208
116.9525
130.1637
306.6945
1.7250
133.1010
355.9434
343.9461
1.4423
1.9627
113.9575
127.7710
135.3200
127.4909
102.7499
128.2985
132.2891
354.6574
131.7943
122.8586
359.8993
126.8688
359.8500
4.2465
96.6633
92.0953
0.2605
351.0349
126.9384
1.7791
127.8060
134.3886
116.7592
107.2785
140.1389
305.4653
132.6826
122.9529
123.6574
3.7274
1.9522
7.7568
355.1445
3.4894
106.4527
359.3317
1.5990
357.5516
168.6645
81.0352
124.0886
357.9829
2.2314
126.8563
2.7548
350.2192
124.6964
126.5665
357.3825
121.9398
111.6758
130.8051
349.9580
133.6179
359.4558
156.7453
344.6570
353.9080
111.6172
0.3086
356.7065
123.9131
123.0418
0.3642
338.8554
126.8446
1.0369
314.1571
131.4431
112.1584
80.6369
106.2137
94.5947
91.6727
2.0156
116.9907
0.6882
116.4733
101.0945
5.9778
121.0494
3.1520
1.5432
358.6972
33.3831
4.5642
88.2504
120.6660
134.3355
129.9579
127.2254
119.6613
348.5493
308.9042
106.0404
130.6722
135.5346
132.7588
131.0742
131.4568
127.0308
127.6633
127.9423
110.9101
129.5688
133.8064
131.3601
133.5310
131.7154
305.2415
278.4518
150.4121
90.0091
128.2261
357.2666
6.8796
103.9543
123.1831
358.6186
127.6702
127.8632
124.4940
90.8176
117.4173
1.8127
128.8498
0.0730
109.2040
357.6924
19.1862
0.9369
103.5554
112.1379
39.6463
135.0512
117.8768
68.5047
359.9996
280.5302
359.7395
359.1186
128.3514
0.9676
94.6025
1.1037
352.4022
359.1231
4.2803
90.0028
125.5091
100.1716
359.9973
117.5404
11.5144
352.4384
117.4544
117.5361
121.4480
111.2582
127.1212
2.6684
126.9694
128.0171
72.6247
349.6094
119.6302
122.6061
116.6798
135.8693
135.8962
124.3702
124.4861
102.7778
105.2444
136.1587
136.1343
135.8627
116.7849
116.4601
119.0360
118.9072
128.2186
124.9710
98.2938
136.3889
134.9256
99.7002
100.7290
119.1142
117.3867
135.1289
135.0125
105.2088
126.4705
130.0903
133.5799
323.4743
359.9767
358.8214
127.3986
132.7895
125.9180
1.4483
1.3831
125.2148
132.5464
131.2859
114.0520
113.9690
114.1424
114.4828
112.3457
76.2027
118.5309
118.2545
131.8112
119.7798
121.6075
97.3711
112.6301
132.8345
131.9858
125.2322
121.7253
122.4423
120.0492
121.9759
115.2761
0.0556
88.3838
117.7920
117.1920
119.4311
117.7671
132.1810
108.0024
118.7117
130.7840
129.9321
117.6913
100.0004
120.0714
126.7521
116.5489
107.0993
132.8987
114.4611
94.4542
98.5680
100.8418
118.4415
120.4847
120.1385
5.6975
133.8371
359.8775
119.2057
3.7127
134.3495
335.5622
121.7644
40.7382
358.8295
126.5659
57.0930
0.9544
103.9079
45.5479
351.6063
164.1463
352.9744
320.6275
0.0717
359.9900
109.8504
131.2481
125.9472
121.4807
27.2093
118.9322
89.2424
117.1128
116.6343
104.9670
126.6785
128.4882
126.1085
124.4357
334.9039
132.7719
133.5412
327.8707
320.5579
124.7671
130.4802
134.8640
137.2487
125.5964
132.7826
115.0407
131.3048
0.2649
339.6803
18.2887
132.9707
8.5157
112.0890
131.3496
132.2941
7.8324
297.1899
121.0357
128.3829
126.2874
127.3139
127.2868
132.9735
23.8715
126.7588
132.1044
58.5781
113.2543
121.2007
116.2266
121.3344
123.7550
131.1507
123.1116
126.6135
132.6931
125.0393
96.6383
85.5637
119.4769
123.4182
122.6498
127.2670
125.1854
130.8152
95.6414
123.9014
278.1834
2.4535
121.5015
119.8609
87.5776
113.8616
117.7255
127.7443
115.0817
3.5340
122.4165
114.9366
123.1222
125.8792
121.0898
98.4989
101.0084
119.1562
85.5010
5.4841
359.7266
133.4223
6.4487
97.4324
135.6460
117.9090
133.3514
120.5663
316.5432
124.5242
0.0959
119.0735
118.6521
351.9128
120.2553
120.1170
102.8073
108.4279
121.1256
1.8912
114.7684
358.0622
0.0022
108.7520
3.5276
358.9144
115.2894
98.8431
345.1368
97.0627
108.8687
116.4299
118.6630
122.0670
299.2551
129.6855
356.6716
354.1750
109.5929
122.9713
2.2791
111.0255
122.9488
104.3907
109.4099
97.3273
124.6968
135.3556
114.8180
125.4569
128.4683
121.0687
110.7752
99.6746
132.9803
131.9977
127.8481
128.0037
136.4217
136.1460
115.4847
136.0324
132.0094
128.7583
117.2951
95.8398
108.9595
357.7401
130.2553
122.0384
82.9128
125.6578
327.0420
135.2395
358.5390
130.1401
130.2951
126.1540
102.3669
356.1429
122.3304
136.7192
131.4769
131.6480
99.7449
139.6376
117.5876
111.9600
123.6415
112.0080
359.9670
128.8223
127.8408
65.8944
127.3330
116.8255
115.5565
0.8695
126.2485
147.5686
130.9533
112.3110
128.5661
359.8134
359.3366
90.9981
129.8547
132.3480
174.1052
125.3987
118.6666
120.5531
113.6735
123.8211
134.4439
121.6247
123.2853
127.1249
126.8470
22.6692
109.0112
134.2539
121.1408
325.4795
129.7324
287.6417
132.5932
296.6404
107.1936
133.8862
127.7537
127.5279
125.9267
350.7943
109.0449
76.5206
126.6206
103.6234
133.8673
129.9209
317.5875
117.1050
3.2107
121.3651
332.1665
330.5916
124.5804
133.9620
106.9293
131.0655
117.0533
117.1426
119.9767
109.9608
119.9693
128.2997
357.3245
122.5109
106.5123
125.4306
124.0942
131.5313
87.8817
131.3006
129.8290
124.6319
130.4315
113.3363
91.6395
116.1721
117.2885
120.3749
115.4437
128.8382
116.2148
129.2393
103.0264
127.9228
118.8255
29.2584
123.3292
84.7199
131.9097
125.6348
130.2427
359.9663
134.0682
104.3916
133.7458
107.2662
112.1552
126.9142
89.5245
131.0641
131.2216
119.2315
121.6980
97.9253
306.3640
7.4435
115.7106
131.4459
132.1284
125.5139
118.1405
124.9560
105.8796
134.1544
133.0031
116.0227
135.5142
109.7701
122.5910
4.9843
0.1704
13.2868
2.7773
134.6530
131.0596
115.5192
120.1379
3.2255
332.7972
2.0885
133.9876
127.8481
112.5614
0.0706
353.9899
92.2042
113.5075
11.4228
289.1275
124.6451
123.6370
114.3362
122.2017
353.5177
100.2854
127.3403
101.2581
61.4961
123.7917
121.8050
94.0525
308.2424
110.1845
25.2907
118.2784
104.0858
112.3665
104.0808
359.9957
111.3798
358.4313
118.1249
12.8086
131.2326
174.8360
124.0793
126.0285
120.4627
14.6194
125.5803
120.9279
122.8311
120.6505
338.6889
115.3967
127.6350
90.6819
134.3292
112.2559
285.0865
3.0604
119.1822
122.2176
121.1888
327.0555
124.0119
99.9654
305.6114
51.5534
124.5814
113.7960
97.4571
2.8962
3.8380
111.0107
0.3650
108.7594
76.1354
97.9840
359.9601
105.0645
352.9275
111.8358
129.7001
111.5427
115.9398
117.4985
359.8908
118.5904
100.0460
353.9205
112.2076
121.9444
126.2317
96.9175
86.2375
104.6127
107.9463
117.8453
121.3856
6.2796
0.7608
119.8070
130.0760
118.5501
126.6813
0.2470
123.4229
131.2561
132.2680
125.2380
16.3376
95.5391
119.5283
16.4269
7.9948
0.4385
122.4506
119.7851
43.2924
129.0896
126.7956
130.3848
129.5176
125.5829
8.1036
1.4729
124.5596
112.1617
359.1611
329.3796
14.0247
129.4362
283.4056
358.5566
146.0561
355.4248
120.4702
359.6991
116.5097
0.2207
127.0993
64.3624
356.9893
147.9811
5.6365
116.9459
130.8465
127.5049
112.2763
104.1333
123.8639
357.3006
0.2601
358.1081
132.2758
146.1566
87.7085
296.8581
343.3420
358.7341
118.4737
115.0622
114.2023
122.0524
122.6017
0.0216
90.8233
126.0465
7.4083
121.7462
125.7224
111.6781
121.5212
117.3166
116.7439
137.9556
123.0007
118.1736
16.7668
355.7713
125.4632
129.5266
128.6561
120.6812
338.6977
124.9198
111.7865
122.1731
133.5002
122.2408
102.2074
120.7035
123.3399
92.2870
13.0264
301.6543
130.4454
123.2060
317.5368
119.0810
127.7594
144.5340
25.0995
118.4269
115.3158
112.9332
128.3350
128.7470
121.0653
127.9717
359.7053
12.7283
359.2378
118.9359
5.4463
345.9388
132.4066
122.8633
4.9266
108.8090
271.8903
107.7393
125.9696
116.7798
71.6743
127.6086
113.9936
0.5352
359.3200
120.7589
101.7585
119.9044
120.8158
11.5667
107.3588
0.9460
135.6357
122.6833
7.7991
354.0256
133.7343
12.4012
126.9019
0.3628
0.1683
122.1279
97.8886
107.9604
15.7990
130.8206
123.4723
119.8223
14.9920
111.1119
7.3452
327.3105
134.8727
131.4408
35.7520
119.6482
107.1296
129.3935
118.3960
132.8554
132.2252
123.4963
1.0473
101.8362
119.7813
0.2341
123.3683
98.5490
355.8198
132.3430
290.5464
118.2042
123.1740
111.3081
296.5916
126.4418
354.3766
121.2300
118.0804
347.4150
314.4452
130.2908
114.2424
12.6806
104.0083
148.3041
61.4653
112.9217
0.3663
120.7610
123.2338
130.2047
124.4116
1.4778
111.4428
122.1446
3.4617
116.9579
359.9810
121.8560
119.5098
125.6032
118.0752
120.9446
349.0828
114.0115
117.6921
1.1193
120.3555
106.3219
116.9785
95.3268
129.4162
38.3141
309.9218
292.0747
106.6321
321.3592
358.6322
125.1457
99.2179
120.9396
125.7103
131.5380
130.6607
110.6618
115.0628
116.7060
128.3580
124.0932
353.2403
128.7828
3.2111
1.7511
359.7792
104.6071
0.0658
356.6793
130.4446
131.9812
124.3911
126.9539
103.0179
112.6205
0.4720
1.3263
126.1326
111.5349
52.2748
122.3092
121.1964
89.0359
347.7397
130.7189
122.7972
124.9025
133.4813
0.3164
359.8924
26.4094
134.4705
4.4726
118.6736
127.7957
113.1242
122.3814
105.3045
108.5089
355.8024
121.1146
295.1104
122.7670
120.9079
99.7527
109.0052
357.7123
75.2414
105.1925
125.5848
354.0842
89.2177
112.2501
128.0642
114.1261
111.4172
3.8911
47.1624
125.3342
109.3990
0.2270
121.2380
108.0175
106.4064
357.9333
117.5691
88.7547
2.5671
105.6242
352.1379
359.4430
133.7312
357.7679
123.2625
359.8862
130.8530
358.2259
358.7209
0.8171
359.8220
357.6179
110.5940
121.1390
117.3624
117.9610
2.0914
91.3836
2.8520
359.8912
90.0080
342.6124
116.0568
355.1225
106.6897
359.5059
1.2408
0.6870
107.3435
351.0833
99.6183
130.6468
109.4583
111.1881
108.8632
116.1217
102.5640
358.4140
90.1019
96.0469
132.5561
122.1440
298.0441
359.8080
359.3963
1.6047
118.7276
92.0189
117.4150
2.7054
118.6467
122.6507
103.8474
122.3783
124.1336
111.6075
0.2631
81.6151
75.5606
50.4375
121.5485
323.0475
130.4019
107.9611
125.3960
128.0792
1.1123
359.7558
118.9254
121.6710
119.8850
359.9818
275.9257
0.1134
345.5166
33.8533
129.9702
130.9720
359.6565
98.1960
123.6728
117.4313
96.7719
0.6934
55.0311
128.5065
98.1027
275.1749
124.7120
0.0148
320.9797
107.6784
359.7763
0.0337
358.3828
128.6675
126.3049
90.9685
0.7874
88.8014
3.4846
90.2099
358.6539
104.6332
92.9079
0.5196
316.8733
359.8585
118.1756
359.2649
88.2250
0.2833
133.4101
289.0396
123.8406
119.1362
107.0000
97.7696
359.6623
15.8934
130.2395
6.8120
92.8048
0.3278
2.4900
359.9685
43.6931
358.8853
2.0636
138.0034
120.6293
0.5411
119.5946
359.5966
357.9952
1.4814
132.6799
128.5767
0.7686
117.4309
130.2112
122.5121
107.4948
8.4620
130.0395
117.4992
79.4588
143.2898
97.1918
356.9572
123.0397
132.3646
359.5462
107.9485
275.7128
128.4471
107.5158
4.5962
100.7785
359.3535
118.3048
105.5501
130.4713
2.4752
125.2030
136.7315
108.8563
2.0318
94.6823
115.6809
102.2066
359.6881
103.1905
128.1355
99.8399
1.0200
118.2499
109.5464
297.9978
318.0472
9.7724
126.8995
122.4822
346.6958
340.9673
120.6684
335.9521
127.5924
125.6385
111.0112
297.9153
357.7280
116.2250
106.3209
132.0543
64.9026
360.0000
126.7161
166.1345
90.1925
128.9511
131.2460
358.5340
8.7392
0.3059
112.3507
129.3874
118.5427
125.7867
358.7429
126.5260
130.6895
116.9466
0.6052
122.0022
4.4273
127.8726
11.7842
4.4650
112.7764
344.5020
0.2334
0.1881
132.1334
115.3412
28.3100
122.4481
133.8556
110.3827
96.4411
109.1301
128.6476
127.4288
127.9161
132.7863
135.4961
3.7091
330.5788
124.1446
126.2659
93.6838
116.7899
95.9814
132.4807
130.3203
126.6633
133.2975
126.1601
128.9147
354.2984
109.1616
55.6212
127.0912
121.7305
129.4836
124.7979
123.8589
124.2756
6.2140
100.7606
118.2369
119.7938
122.8779
117.4477
105.8699
0.7853
120.5149
125.2430
125.9554
119.2822
110.9439
115.2701
328.7750
120.7269
129.8065
129.0355
57.8204
121.5756
130.3585
130.9053
2.5055
358.8953
126.5885
110.9391
129.3116
129.5273
133.0302
123.7433
124.6789
133.4526
112.2140
121.1563
114.4841
334.6524
128.7343
121.1456
128.9373
124.5809
115.6737
132.0934
108.2564
124.4948
90.1247
357.3698
98.0491
130.7519
344.5110
127.3274
121.9573
133.2946
135.3586
107.1027
117.0626
116.7588
121.9729
120.1174
102.4711
122.6138
335.0461
117.7241
123.5632
85.6229
131.5249
359.3933
291.5554
1.3033
96.3072
13.3140
0.0463
121.7129
127.7803
126.3284
2.8904
126.3775
354.4042
5.2491
344.6812
9.5534
130.4636
100.1526
131.0354
343.4443
90.4468
1.7313
326.9076
132.0478
174.7803
345.8117
133.7167
132.3957
148.5755
96.5062
1.9298
132.8606
109.5100
110.5637
359.9164
94.2917
124.3203
128.5389
0.2787
122.5177
131.6165
312.6896
110.9349
0.0541
351.9649
112.3979
2.0446
358.3255
9.5815
2.9284
0.0516
2.2627
353.9773
6.4950
295.2457
359.4262
137.9480
120.9124
9.7272
20.8189
0.4836
357.4373
14.0988
115.3876
113.7476
359.7145
124.8932
124.1759
0.9428
358.9271
121.6935
122.2968
124.7489
125.0937
147.6656
12.5709
127.5583
98.5983
359.6294
129.3316
127.7135
129.3742
128.4984
126.7838
126.1385
0.0651
0.0386
120.8265
121.4718
118.6103
121.0338
99.1516
356.8462
125.3028
125.0403
113.7540
114.6030
53.0449
42.5951
6.6991
8.2483
346.1470
126.1034
125.8092
133.0189
129.1709
128.9117
9.5692
17.1884
133.5441
130.8212
126.9047
356.3166
359.8939
130.8450
97.7885
114.0324
117.0828
21.6420
118.2012
119.8481
132.7118
1.2695
1.2273
122.8517
292.0612
133.6436
132.0608
121.6563
122.9097
125.5826
124.9680
119.3485
120.8009
116.9653
112.8282
124.5319
122.8570
350.1560
341.7084
1.7480
98.1088
103.6406
92.0417
93.2607
349.5287
300.7900
123.5541
116.2034
128.0954
126.0400
0.2467
0.3456
4.3190
52.2398
116.0960
131.0851
113.6389
133.6722
133.8869
131.4606
129.8535
133.7712
135.3742
116.6730
87.8343
132.1555
105.5767
121.3963
94.9785
95.7243
359.4840
326.3225
4.1957
1.4210
102.5440
102.6668
118.0123
118.6536
125.9176
126.4223
126.3574
128.4040
128.8904
105.8952
125.0582
125.8859
134.5340
1.0514
3.7607
133.3261
127.2511
125.7132
135.8975
123.2240
119.8824
119.8126
121.0568
107.2970
122.0161
121.4728
121.1993
131.7813
105.8065
128.2812
104.6210
131.4345
118.4068
129.6218
95.4386
117.5219
4.3326
121.7960
124.0616
130.4031
131.8875
120.9602
129.1527
356.6481
5.0949
123.7668
119.8508
119.4462
126.0780
130.0954
105.4683
103.5369
357.8107
359.0930
356.4610
132.8437
107.7653
114.6554
131.1424
115.4128
103.4323
32.0102
101.8998
125.5140
132.2714
121.0555
120.7254
118.0554
122.2522
98.7484
0.1394
354.6670
103.9635
125.4285
130.0378
131.3008
124.9379
126.2917
356.7921
354.1466
113.6770
342.0035
132.9791
133.3826
132.0340
104.4761
108.1717
129.2657
125.4703
359.7128
1.8408
152.3874
327.6863
123.3566
122.2241
129.3590
0.9424
356.0393
346.7360
132.3962
40.8104
120.8696
91.0256
132.8903
352.7808
135.9255
128.7686
112.3936
127.9426
129.1839
125.4111
133.7116
133.1303
114.0127
129.5958
128.3092
125.8406
125.9448
135.5798
107.3364
115.8664
92.7046
107.6914
118.7489
104.9914
130.6892
130.0556
132.8978
130.9466
132.0829
131.3635
122.4162
125.4530
131.8587
129.0821
132.9866
306.5841
125.6026
133.8093
129.9204
11.2064
134.4524
132.7615
122.7635
105.1685
127.7249
2.1451
134.8226
130.8513
125.8047
129.4737
128.9970
133.4750
135.2925
1.7656
353.2751
134.0530
133.8694
109.5600
115.0007
2.1880
107.7700
0.4122
2.6779
135.6151
131.2832
135.7074
134.5528
134.8235
130.8670
130.1259
118.1386
99.3176
358.6170
114.2495
127.5996
134.0856
126.6185
133.7199
127.5216
92.7238
102.2561
134.0021
135.2929
130.0283
133.8846
127.9869
131.1416
120.2053
117.2274
126.6751
131.3280
132.5828
132.0877
351.9500
94.9538
121.4222
335.1057
133.0926
129.9097
125.6054
118.1790
116.9841
128.4655
130.7449
147.3309
131.2843
133.9342
0.8753
116.2508
119.8639
131.9791
126.3597
117.0194
126.9522
358.6137
359.0519
131.7393
132.2749
98.0271
109.9803
134.1788
134.4370
133.1341
131.3515
121.5812
126.6927
112.5827
321.8233
127.8419
121.6941
149.0407
110.5065
309.8583
352.4078
105.3625
107.1196
121.2727
116.0808
107.7514
129.7363
359.7039
120.3611
129.5608
130.5415
121.9761
120.7069
357.5694
336.1316
129.4645
125.3943
109.2800
351.0381
116.9297
355.4562
128.1756
106.6414
94.7848
121.5984
100.1324
125.2024
358.6309
12.1544
354.4001
127.6502
102.3383
126.6560
359.1761
110.0131
0.7890
125.2127
29.1592
127.9528
102.8683
67.0061
128.4392
128.7920
293.7671
133.7466
110.5207
133.8208
128.1372
105.1541
0.6179
128.1732
118.2037
116.3486
0.0077
128.2379
131.4676
129.2065
115.7518
112.8092
135.2718
108.4527
114.1118
118.4278
122.6279
123.2824
133.4439
133.8146
307.0635
115.1478
3.7344
122.2499
130.7598
278.9219
117.0996
125.5487
118.3258
124.4431
0.2765
124.0172
2.8404
87.7193
114.2230
118.9898
121.8567
119.4993
0.5095
0.5894
110.3534
121.5546
130.7883
93.5809
132.5351
125.7052
124.3257
0.6104
359.9517
103.4582
84.6622
125.1688
122.6286
93.6833
122.4736
0.0740
116.6222
121.8264
111.5535
355.3934
171.3017
359.3280
120.8511
10.5339
131.7132
114.8790
131.9724
1.3671
30.0771
109.1774
145.3639
0.0174
121.6580
121.7545
1.0184
119.5236
0.0125
127.1889
125.5684
117.6252
127.5325
127.3089
105.2754
121.0917
25.3064
116.7656
115.3485
133.8311
123.2463
131.9554
127.5363
133.5714
123.2068
113.4955
118.1859
123.5461
8.5531
1.8169
96.7742
132.8662
130.5734
129.1780
129.0211
359.7994
132.8695
358.8070
119.4548
0.2263
124.6074
131.5899
356.4082
295.6473
340.7711
118.5311
85.2893
104.1618
127.9933
103.1661
358.0704
110.2034
122.7403
125.9645
119.9003
121.2135
21.3100
127.2117
123.7710
120.6683
112.3236
129.2769
129.0045
130.0411
120.5548
120.9173
126.8631
122.8613
118.6855
108.0305
123.5935
120.1118
120.9817
74.5202
119.7777
101.4947
104.0190
135.2547
134.5878
127.6715
126.7350
129.0626
128.4226
1.5974
0.0440
96.7277
96.5794
130.4674
129.5932
124.5240
117.3237
133.3913
133.2869
122.0791
127.0629
93.1018
111.4602
118.6001
116.7211
0.3315
122.5180
115.0489
126.6525
126.4801
356.6858
339.3551
110.8159
8.4146
2.3662
115.1774
118.4173
123.5664
136.6598
94.6245
94.7072
114.8466
0.7318
117.6659
359.2043
116.2512
99.7966
333.1379
157.8077
126.6310
359.9534
0.1244
2.0152
2.1030
116.6807
110.2445
130.0842
107.5204
111.1090
0.0360
131.3653
119.4849
114.6018
130.0171
89.8476
359.1966
359.1450
128.5527
120.9761
122.3437
106.6777
129.7792
130.5251
133.9305
131.8386
131.7317
131.9566
98.2142
105.6157
132.5916
131.4874
115.0105
119.2430
124.6541
298.7289
132.3982
131.9500
133.8127
135.3805
133.2432
129.1335
128.6787
131.0791
132.8200
117.8820
133.5968
131.9218
132.0043
349.0728
2.8265
4.9672
108.4581
134.7021
134.7240
135.4999
136.1412
129.3815
128.3397
128.2229
28.5458
133.2472
105.7856
126.8093
126.3014
121.4630
125.0700
127.8424
123.6357
128.1944
136.0036
134.5346
23.1754
353.7394
358.6524
126.4227
119.9988
126.4254
119.9822
113.1790
332.9271
319.2731
125.7752
132.1099
85.2185
101.3045
126.0757
119.2773
3.2304
121.3860
124.2661
126.4931
116.8013
125.6445
124.7574
125.9669
124.3376
133.8709
131.6972
123.6118
115.5967
100.5048
131.7090
359.9305
118.9525
123.9101
129.4148
117.3421
105.9803
359.4114
11.1636
128.8807
132.2842
126.5715
128.6506
125.6971
132.3536
358.8906
115.9983
72.2550
101.3188
357.5896
112.0907
101.3403
114.0670
108.7948
89.8223
121.4538
111.7044
127.9275
86.8300
111.2286
136.2941
96.8739
117.0663
109.6703
3.6358
104.7190
113.9275
122.4024
359.4250
353.2030
2.7061
85.9186
19.1300
0.5167
0.8034
359.9575
133.6612
100.7858
356.5862
13.5667
0.3983
359.7106
311.5239
357.7160
94.8741
106.3366
6.1740
122.2592
335.8840
357.7497
106.7511
348.1392
121.4342
116.5818
343.3114
116.8322
122.7258
106.1199
332.6220
6.0524
111.0896
0.5180
123.0765
5.2269
127.8030
82.0335
128.1966
83.8708
337.2093
130.4358
0.9943
121.7719
0.1077
76.6863
20.8312
334.1566
342.1002
113.4320
