358.4500
68.5868
359.1089
128.3397
90.0472
113.5027
359.7334
359.7340
353.2624
358.1707
123.0039
126.2820
95.3395
127.3198
127.5594
359.4963
179.0038
4.3346
90.0050
115.3598
96.1614
90.4512
359.7725
355.5786
356.3655
358.9677
0.5479
89.9309
109.3238
0.2127
359.7560
359.2719
358.9110
1.1515
94.2317
81.4539
2.0413
2.6545
0.6913
358.9539
282.7786
92.8767
99.6042
124.2987
3.9992
359.7269
1.0820
13.3874
116.9712
359.3527
96.0383
0.9444
41.8709
359.0636
270.7999
10.9530
121.5623
0.0186
120.9555
350.4218
124.0975
359.9378
1.3955
103.8550
89.3038
101.8044
359.0657
350.0597
358.1356
359.7826
115.8852
131.3062
107.7427
104.1435
122.2596
103.6884
357.8007
46.9570
31.4725
123.7593
126.4047
97.1426
91.0809
131.9560
130.4459
133.4163
12.1871
135.2294
128.8680
116.7665
1.0667
1.4893
119.5042
115.2029
131.4155
134.3329
356.9348
131.1515
130.7990
14.7139
14.7192
116.1239
0.5950
122.7815
134.3470
131.4798
128.1055
123.6028
134.8436
134.3687
117.1769
116.4054
105.2053
124.4280
129.4603
124.4898
358.8676
121.1660
121.9626
118.9242
109.6549
120.9530
96.5566
95.5332
110.3924
121.7367
0.0360
359.7119
113.4804
116.2204
128.9153
103.2551
118.5393
117.3209
124.9075
112.7739
107.6921
121.0010
130.1321
1.1102
136.2083
133.3515
125.5564
125.4042
92.1903
98.8509
106.5042
102.3271
131.3360
133.6619
129.9331
122.6120
117.8789
309.0564
115.0452
111.0832
128.1862
129.6916
9.6271
131.2802
128.9957
133.7219
126.3035
358.5488
124.2499
359.4012
104.4764
122.3923
112.4242
130.9928
126.1421
0.3503
359.3301
125.4166
121.9715
134.8047
91.6847
124.4133
130.3539
121.0554
130.4983
96.6067
94.7076
126.4207
126.8812
358.4719
359.0207
120.9717
121.8543
128.1940
2.4450
135.0749
134.9895
107.8191
120.3772
124.4786
95.8405
101.9423
132.0237
122.9332
98.7931
133.2486
110.0102
120.8323
134.5992
123.2572
111.5966
97.7535
130.8588
112.0293
133.9544
132.2990
91.8587
133.4065
133.3823
132.2475
133.8891
129.6366
132.4429
128.3237
129.5062
135.1322
127.8139
97.7603
359.8360
126.2436
96.8560
0.5480
126.7505
313.7728
131.7537
122.8814
134.4219
0.2363
359.5874
130.5458
123.9001
114.1093
122.0169
125.4028
118.5177
131.8941
132.3274
135.0791
133.6296
133.6870
133.9782
99.8483
133.7554
131.5190
133.6756
112.6248
132.8808
128.8009
108.7198
134.3961
129.9234
125.8309
134.9431
129.0956
128.7664
129.7735
121.7808
133.2039
111.4584
339.8992
353.7669
354.8107
273.2870
347.7296
279.7871
1.3918
125.2643
122.0786
1.3390
1.5924
338.8461
14.8332
106.8181
123.0004
301.6145
290.3983
113.8980
97.5758
117.4717
66.1377
8.0720
346.3071
120.6093
121.4521
113.9048
4.3331
353.0315
103.0514
359.9104
358.9664
124.3976
1.8036
114.2626
111.7361
94.0836
134.7321
135.9102
359.4295
129.8003
277.2659
121.0666
121.0105
117.3457
7.3131
50.4671
127.4031
120.5663
7.3729
110.9576
109.5284
356.2675
102.2201
133.6729
101.4990
325.1821
358.2695
351.9096
56.9798
94.9353
358.3523
127.4774
126.7865
1.0851
1.0909
133.1732
134.8020
136.1350
135.4227
128.4486
128.4067
130.0419
132.8974
116.3817
118.6367
133.3437
357.9180
94.1438
0.0835
357.0969
132.7724
98.0550
112.0171
359.7364
0.1561
122.6102
123.3017
119.0427
123.7162
358.1925
126.6557
126.5431
125.6700
127.8440
112.8719
131.1145
104.7668
119.9007
349.5267
123.5909
14.9234
126.4501
132.3970
338.5397
131.0568
131.7220
120.8471
349.0702
131.3910
135.3355
126.1316
9.1685
135.8506
129.4492
102.2858
0.0993
136.0286
126.8013
132.5985
135.4289
359.3922
136.0493
33.0906
94.3494
126.4590
127.8142
116.9512
114.1586
358.0506
5.8727
118.5588
132.7328
129.7395
324.6298
125.7708
129.8041
359.9549
359.9357
134.3135
109.5506
117.3894
96.2263
107.9314
6.2316
358.9296
92.1995
107.0077
124.6808
3.9913
128.0326
109.4313
120.6009
122.2678
112.9596
355.8220
158.4195
359.3787
106.7218
127.9968
127.2662
124.1142
135.0496
134.2676
123.3311
160.3177
101.4295
115.1879
105.6719
91.3874
135.6797
126.4110
98.4818
103.3367
101.1355
125.8652
129.7194
126.0076
112.5867
359.9927
110.9303
120.9166
135.3318
122.6678
319.7384
5.8695
85.8116
120.7559
110.4783
136.2858
91.2787
130.0816
114.6992
354.3234
125.5927
294.5109
132.0059
131.9970
134.3470
135.0369
133.3382
133.0690
131.4254
131.1402
120.7961
127.7564
129.5041
59.3142
95.8446
102.3821
95.9136
103.8897
37.7500
123.7479
98.0461
0.4246
352.6774
128.5587
127.1644
133.8672
133.9900
135.6772
135.2965
133.5462
135.5166
125.1418
124.8461
133.3057
132.7146
161.5819
163.1043
132.9849
132.5173
95.0241
94.4531
124.2877
114.6096
117.6202
116.7735
117.0707
106.3240
128.0094
127.4825
102.2216
55.8985
358.8572
100.8580
359.6840
112.1900
115.0439
119.7199
117.9157
0.7467
9.5270
0.8191
136.5820
99.9964
125.5950
173.4339
136.0309
134.9798
354.2498
118.2287
122.6171
169.3268
167.7848
29.4752
102.1904
359.0562
358.1907
133.5434
134.0017
122.2846
123.6170
125.0881
128.6049
129.4508
127.9160
133.1351
14.7992
131.9177
131.0078
135.4345
135.5452
123.5403
127.5260
124.6583
127.6908
0.1100
117.1933
118.7352
358.8870
359.1221
133.2594
118.5351
125.3580
132.0759
133.9737
133.7005
130.6678
118.0561
132.8940
117.7714
278.5593
356.7162
340.1404
129.3355
104.2456
136.2742
119.4931
128.9626
129.1277
147.8388
120.7744
86.4373
295.4263
115.4067
134.8769
122.5447
21.0255
132.8557
0.0387
129.3899
131.3505
130.0846
293.7984
101.6838
136.0259
356.9534
105.1637
356.5716
123.6239
123.2302
293.7141
123.6427
130.2982
116.4830
2.5963
129.3936
134.1536
122.4898
358.8503
139.5763
126.8659
119.9282
127.4979
132.5960
132.6887
132.3104
133.7104
128.2002
133.8104
104.7484
115.7188
129.0221
129.1297
110.3593
358.8180
126.8785
126.6874
121.6110
122.1780
123.9862
358.0827
124.5791
122.6374
131.1439
130.7052
359.4987
354.3340
129.2307
39.4967
128.6141
124.2260
121.6342
113.5951
128.7867
94.5932
356.7388
114.9415
100.3552
116.1272
129.5604
127.0226
126.8770
133.9489
132.7402
127.6038
109.2282
127.1033
2.8364
127.3230
112.2403
129.2572
92.0286
111.5369
103.4253
120.8614
97.8831
131.9792
122.0063
119.3491
120.4307
112.4894
115.0968
124.3022
131.7193
126.1441
357.9397
121.5560
112.6599
118.0512
130.1192
120.2384
109.9395
126.6815
105.6308
6.6223
122.6283
131.2739
0.2878
126.7314
118.3609
135.2909
130.5351
96.6619
125.1875
125.0894
119.3102
115.9415
297.1756
104.6690
359.8990
127.3134
127.3437
141.0122
133.5540
102.6859
133.7705
131.9998
136.2056
301.2404
0.1068
123.2869
119.9801
94.7769
94.6376
358.4635
117.9050
120.5454
126.7761
22.1935
130.1592
126.4914
120.9513
130.1359
359.9278
134.7710
357.6495
108.2106
134.3992
136.9692
129.9631
143.7268
128.9663
122.0819
125.1689
125.5304
4.2797
356.2142
125.0484
328.4148
0.6793
124.7555
120.3332
277.1301
127.8096
355.7240
116.6877
126.0763
130.9110
125.6242
35.6441
122.4556
47.2249
132.8191
117.1341
112.1189
121.9011
103.3908
129.4111
119.5941
135.3110
130.2300
131.7732
107.4835
88.1990
1.6642
133.4474
128.6773
126.6739
125.7772
357.1818
133.2372
128.9490
103.7866
128.7108
115.4718
121.5579
92.9259
27.6533
115.2585
117.6428
119.5941
291.7356
112.8116
1.0382
118.6712
87.4111
6.0400
132.0111
123.9220
119.9393
120.2924
129.7875
107.6918
126.4371
124.9505
135.8658
136.1828
136.5683
116.2127
132.3224
134.9525
355.9458
119.2839
119.6527
129.1451
129.1441
133.4840
134.2919
134.0472
133.9483
128.4458
136.2202
128.1157
98.0455
94.4816
136.8636
136.6828
117.6666
126.9439
110.3961
110.1197
136.7316
132.4335
136.0004
136.2793
128.3009
130.2796
135.1229
129.6333
114.6324
126.1040
122.1989
122.0185
131.9656
124.4182
133.2911
133.4158
119.0392
113.7716
133.6740
134.5079
124.4116
126.4704
126.8838
125.3764
111.9017
112.9850
116.7093
116.4316
120.8013
122.5631
122.4270
121.5728
136.0143
134.6989
131.7276
130.7543
130.1217
134.2558
135.9730
358.6337
130.1589
104.3962
130.4397
119.6208
127.8243
137.1499
129.6207
54.7179
129.3193
130.7028
130.3944
128.5275
127.8396
128.2065
133.9471
114.3102
120.3020
295.4529
130.6790
133.7311
109.5376
107.8377
131.7329
132.2951
122.3663
115.5223
132.0034
134.7682
136.2144
135.4759
88.2689
132.8195
120.8667
165.5490
9.9779
122.3281
0.0418
58.5451
133.2002
131.4901
121.4755
120.2279
136.5659
134.7686
0.4435
348.6408
130.4617
101.4116
131.3904
123.9406
116.6575
132.2350
131.7966
359.9897
93.4091
108.8749
132.9884
123.7920
358.9088
359.4227
114.2120
119.2871
111.4574
108.3673
94.8694
126.0559
134.3224
281.6202
129.1942
296.7838
130.2238
132.9945
126.2757
71.5466
135.9497
135.3172
123.9026
359.4831
132.7949
343.8140
0.1865
132.5049
134.1385
116.3782
357.3622
130.5204
138.4360
121.9759
119.6582
114.3587
111.3196
127.2910
126.8615
130.6110
129.8773
132.7140
133.9997
122.8920
112.6797
111.1398
131.1468
130.7202
339.3724
132.0437
135.8710
123.4144
295.7551
136.0826
136.8435
132.8254
116.9562
112.1419
133.4199
270.1541
121.2241
136.6168
111.7263
121.7741
134.5360
136.3279
104.1812
46.6375
119.0330
115.6123
135.4255
12.9557
118.8356
116.9162
112.8658
113.7754
96.5721
102.2363
127.4387
351.9439
133.8658
123.8393
348.6821
108.0330
119.7236
322.0170
113.9108
99.1345
99.0820
128.7251
5.2058
135.0540
124.0155
128.3480
127.0813
114.6616
108.5105
38.4647
0.0354
357.0595
102.2313
123.4012
132.0633
118.4625
126.6535
112.5456
8.4755
96.6846
131.0237
129.8582
132.9504
112.1421
125.8222
124.9980
133.4588
142.1019
123.0593
122.1217
99.9362
131.4527
161.4467
118.9572
124.2307
126.0889
126.4321
357.5750
346.3451
359.7977
122.2321
127.1570
174.9949
21.0445
130.2213
332.5561
132.8927
346.5801
1.3083
45.1740
109.5085
68.7620
1.8491
90.3509
3.9249
128.2892
130.1443
108.7979
94.3061
132.1017
117.1424
359.0070
287.3177
103.2077
120.0543
359.9664
102.9866
359.9598
0.8270
126.9054
119.6828
125.2816
102.7073
118.0490
115.6912
281.8752
107.9165
129.2180
115.3459
119.5116
359.8935
359.7756
1.5052
120.2805
95.9093
106.4064
18.1970
118.7489
356.1916
8.4732
111.4053
110.0104
359.1451
124.8063
108.4142
112.7524
26.2498
99.0225
352.3938
359.5213
359.6997
129.3479
132.2737
114.0935
114.3696
135.0355
126.9729
130.8391
132.9005
135.9506
66.9693
93.9454
108.7031
125.5168
174.6620
0.4357
135.7945
136.5517
112.1018
132.9225
113.3931
134.6382
102.8605
112.0364
2.8816
124.0957
108.0497
117.1205
132.8466
104.4302
131.6558
130.4630
117.4147
353.2931
130.8771
126.4888
122.6022
123.9719
134.1926
336.3371
119.1225
115.5318
336.9320
0.3392
99.7389
95.0664
163.0569
175.5508
130.6516
96.8498
87.0846
109.6974
124.7691
133.9542
120.4089
119.4947
114.5210
116.5864
115.3747
115.5969
131.4189
310.5410
0.4972
134.1777
112.8931
137.8130
1.2337
5.2220
123.6983
120.8563
135.5228
130.4009
111.3906
133.0873
133.3894
130.3897
132.6087
120.0454
0.0152
125.3211
0.9050
13.3063
87.6063
89.4487
359.8923
97.4172
124.8178
359.6881
125.7402
135.9023
127.9795
105.0380
124.4675
307.3559
132.5194
164.1903
126.9995
3.7520
3.9068
2.8197
346.8673
0.5000
82.4528
103.2948
97.6536
162.5600
140.8795
103.2368
124.7349
115.0170
1.1626
304.8271
5.4068
11.4758
112.4429
308.9174
357.0245
123.6429
110.9557
133.9757
357.8666
133.3804
357.9361
133.4549
121.8521
106.7764
115.5654
358.5017
356.6761
121.8943
116.3239
343.3826
1.9440
127.7804
1.5256
123.0692
131.3588
112.5909
75.3402
107.1695
102.1433
88.9842
1.3287
117.9728
0.3035
119.1966
100.1391
356.6580
120.7678
3.6885
0.4926
0.7888
355.8241
1.4215
65.3282
129.4062
135.1327
128.7850
127.6566
110.8738
0.4235
112.8570
125.7899
96.3697
345.9763
139.8934
114.3645
133.8276
128.0042
127.1628
128.1720
116.6193
109.6438
132.3835
133.9956
127.7424
131.8936
119.8870
278.4019
353.9308
90.0126
127.4745
359.6535
0.2448
105.0126
122.6235
358.2625
141.0079
130.9182
129.1077
106.0961
118.9196
2.9320
123.5138
0.0917
107.1993
356.7452
14.5650
0.3438
115.9265
119.0679
84.6749
137.0686
111.1110
8.7205
359.9994
95.4054
0.0934
0.0070
128.8293
359.9305
101.9794
1.0980
350.6766
357.3620
2.9535
90.0063
125.3179
97.8503
359.9890
121.6062
5.2540
356.6755
297.5861
119.9267
34.6606
93.4385
126.7931
3.4139
128.3117
127.8839
21.2620
358.3510
118.6866
121.0882
114.5177
136.5285
136.4907
126.6670
126.7164
114.1086
99.0251
135.3112
136.5612
136.0091
111.8883
122.0887
121.7192
121.8659
123.7135
116.5228
88.1522
135.2978
129.3525
101.5258
94.4221
121.5041
123.2567
130.8111
132.6819
1.0187
132.6368
135.9052
124.2478
122.3266
115.3628
109.4329
130.8132
134.6838
101.2934
0.1102
346.3586
126.1316
133.2038
131.1130
120.1256
120.4177
115.6248
118.3500
117.7854
61.2103
123.0122
123.1272
134.9146
120.9962
124.3340
100.3459
121.6970
132.3064
149.6398
129.9430
127.5205
120.9814
126.2620
134.6126
115.0425
0.3439
343.7983
125.3538
125.5833
126.0898
113.5664
132.9598
105.7677
109.4259
132.0206
132.0468
109.5215
12.9901
122.0547
127.6933
116.5957
87.6726
133.5736
130.0049
93.3327
96.8449
48.0252
118.8391
331.3575
121.2901
3.2701
140.1488
359.6971
16.7428
355.3025
2.9039
339.8528
125.0263
7.4476
359.2501
119.3579
114.2128
0.9962
105.1104
66.6008
102.7475
123.4456
333.5686
358.8669
118.3794
356.7065
105.2930
131.9334
127.6054
125.7486
13.9862
118.2553
358.3826
111.7628
107.3819
104.7710
121.4878
124.8480
129.3930
122.9807
356.9868
131.8482
126.5248
1.6814
7.5545
130.4958
131.3055
131.0516
136.6654
120.7843
132.2082
124.2576
103.9026
0.0136
355.3971
10.2590
109.5385
0.4596
100.9469
128.6840
132.1852
1.7378
293.5644
122.2513
130.7104
129.2669
115.3487
134.3806
136.8914
18.6612
125.6121
131.1364
84.5817
105.4312
130.5370
44.1971
133.9623
126.7877
131.7107
114.1333
125.8184
134.8161
125.2368
98.1797
84.5009
113.8100
117.8296
169.3630
123.8725
111.1930
131.3260
106.7699
125.6043
299.9972
2.6108
118.1102
117.4621
101.1359
122.9293
119.7710
127.2355
59.8007
0.3708
119.4112
117.1223
124.3068
35.9666
124.4464
66.8070
102.2749
119.7166
109.0867
0.5858
0.0756
351.3088
0.1847
106.0166
135.2131
112.6290
131.9570
119.8312
359.1921
125.6141
358.9730
76.1565
110.5782
353.6309
118.6292
120.9135
53.7902
109.8353
126.8989
2.1059
104.1841
359.7260
0.0001
120.1425
351.3310
358.7919
117.5477
102.2097
1.3823
19.6101
114.6366
120.6519
127.6248
115.6739
296.4505
130.1900
356.4884
356.7716
105.8264
120.7867
17.8212
294.4009
125.0311
136.1690
107.3332
109.3422
135.5969
131.4186
111.6926
114.5894
106.1507
120.5211
92.0795
92.0777
130.5221
123.8625
129.9226
130.1906
131.4072
134.5876
1.3512
133.5365
335.6040
128.2269
6.0487
96.7688
154.0446
358.8713
95.1286
101.5160
1.0761
110.5024
0.5973
128.7039
359.6555
117.0379
127.2824
4.6857
95.5623
1.0959
122.9869
137.8729
133.4454
97.7690
102.4053
127.9118
122.2982
128.9165
129.5691
104.3764
359.8963
127.7332
128.7789
358.0185
128.4249
115.3786
112.2067
359.6370
128.3380
1.4084
134.5890
291.1040
289.2169
0.2430
355.0823
270.8760
113.9434
102.7193
359.7646
131.6758
119.5224
123.8305
104.0967
5.3211
122.0019
116.4380
86.2286
130.0816
103.5500
118.5526
99.4050
134.0005
98.7992
1.4162
126.8114
93.4353
133.7927
308.6594
8.1211
136.5993
126.3818
122.3021
120.8106
0.2849
55.3075
21.0991
132.2090
105.4011
133.3853
131.0866
307.9809
345.5632
1.3726
123.0035
143.7901
141.4613
126.7634
131.6387
121.9114
129.1724
108.6493
108.7768
123.2248
111.7008
121.4931
130.1254
3.3238
124.1796
112.7709
131.0365
128.1111
132.5999
77.9682
131.2650
129.5268
126.8423
129.3276
120.0019
99.1440
118.3433
121.2168
121.6288
121.1219
131.1409
119.2127
131.9166
104.0268
132.6550
124.6572
67.7795
129.9362
309.6809
136.0790
129.2596
119.5147
359.9441
122.2632
113.5630
135.4063
117.3238
116.2479
133.5712
81.8025
132.5495
133.2286
120.0176
124.8670
107.4981
349.8327
359.9248
115.4979
131.2350
131.5092
115.9257
114.2423
107.0889
115.8714
135.2502
135.7871
125.4162
134.4075
111.5969
123.3686
4.1826
0.3974
351.2585
1.2113
134.5358
130.0656
104.6271
113.8684
353.9823
351.1981
40.3374
134.1445
124.6022
117.0422
1.0314
352.2343
93.3774
114.8012
26.3502
110.9513
124.7297
124.4887
119.5124
114.4544
358.7355
93.7296
131.5408
97.6632
53.1373
127.1540
118.2749
97.2263
116.2770
100.5569
18.5969
117.6630
101.4219
129.2004
110.0781
359.8356
111.1276
359.4957
123.3700
12.3619
131.6237
1.2827
125.1935
123.3987
126.0473
0.1288
126.1900
120.7741
123.8400
121.0151
356.2188
111.6012
126.1477
270.6500
134.8308
112.7995
286.3189
356.7870
56.8957
127.8943
126.9515
355.3071
118.2708
99.1178
346.9584
1.6380
127.1995
115.2579
19.7227
3.2274
356.0682
111.1937
359.4912
116.0143
78.9291
96.3595
0.2721
14.4261
353.7878
152.7019
120.1348
99.5592
116.5402
114.1703
3.4386
123.8643
100.8334
354.8997
111.9306
118.6890
127.5572
101.2627
81.3524
110.0678
119.5342
117.4498
119.9919
352.7269
0.7475
120.3130
130.1430
69.1037
127.4366
359.5980
122.8926
131.1873
132.0064
124.4154
359.6679
92.5256
120.8959
0.5172
5.2218
0.5267
119.7517
124.6326
119.5798
125.7152
131.1377
130.0582
127.5073
128.0398
5.6045
0.3196
125.9929
112.3812
359.7379
359.7858
12.0992
131.6966
59.2947
359.4435
356.4626
358.3929
119.7533
359.4759
119.2062
100.1206
127.2771
94.9795
359.5108
351.9552
2.6605
113.2236
121.5302
126.8930
130.7373
116.1384
114.5192
356.1856
9.0509
359.6128
133.3197
163.6510
47.8880
349.7129
358.9145
359.2318
120.8250
117.7202
114.4697
124.4366
123.8440
0.3887
87.4248
140.9105
4.9287
124.0094
126.9370
121.5711
126.7152
117.1948
116.1452
124.2361
129.1226
116.6082
0.2675
123.7807
119.8191
130.5828
128.9929
126.8453
3.9094
119.3777
110.9362
122.4832
135.9902
123.0510
105.3994
119.5576
123.7519
117.0963
121.3797
329.8615
132.5966
124.7602
300.5337
120.7808
125.0611
126.8882
11.3603
117.5235
117.2490
115.8826
127.2174
127.6594
125.1494
137.9777
359.9678
13.2305
0.0319
123.5731
97.6677
113.1687
133.7852
124.8112
4.7968
118.5214
271.6176
104.4514
127.3618
113.1593
44.8253
125.3919
101.6506
3.1789
356.1202
119.6402
116.7150
120.7716
120.8495
15.1456
113.1135
2.2591
135.9430
118.3959
2.0012
1.7118
133.0583
358.8462
2.0491
0.6786
0.0845
108.9341
100.0334
111.2102
3.9402
132.7839
127.6953
107.3531
101.9273
103.1756
0.9098
344.3644
132.4915
131.9558
7.6374
124.0189
107.4303
127.2314
116.8580
130.3797
129.6513
124.9288
0.4517
123.9380
126.9965
0.0819
124.7331
118.0916
355.1609
131.3922
115.5216
122.2866
123.5087
118.3034
322.0040
128.7280
351.7194
126.7230
122.5850
325.0484
119.9857
134.9680
116.3157
21.8859
112.5417
352.0812
21.1181
112.1111
0.8121
117.7436
126.6457
326.5100
121.6855
0.4445
117.2932
125.4102
2.5804
118.3061
357.1043
122.0961
126.9349
27.1526
287.8915
123.4781
141.3847
152.1252
122.3319
359.8847
122.6071
105.7260
124.5445
87.7560
128.6751
19.7238
302.6192
113.9653
114.8635
124.7543
0.0156
129.6875
87.3127
116.4157
122.9245
135.4502
357.5744
109.2025
116.9732
116.7844
129.9058
351.0567
359.5833
129.2644
357.1948
2.3321
359.6369
14.0201
358.5979
359.5959
128.8382
130.8113
119.1808
7.2074
100.6469
111.1198
359.8374
4.0116
127.8641
112.7394
13.3135
110.1136
123.0383
107.7661
357.9068
128.7592
116.9319
126.0532
133.7983
0.1652
359.1868
348.2173
134.9598
7.6150
120.0149
135.3598
287.6525
130.1045
115.8862
108.9290
359.3721
130.8898
118.5189
121.5965
122.4275
7.6148
106.8073
358.5958
36.4435
284.2032
125.0375
358.9411
91.5334
111.6276
129.5364
115.5531
112.0611
359.6096
9.0745
124.7859
64.5353
359.9936
125.8624
105.8590
286.1914
359.4651
119.9999
85.0667
4.4576
108.7663
356.0589
359.6134
132.4790
356.5351
123.1748
359.9535
95.0585
353.5783
359.9537
0.1753
359.9885
355.6345
114.1140
120.4174
116.8072
120.0825
1.6142
91.4615
4.7474
359.9810
97.1262
359.1696
114.6786
356.3024
109.9046
0.0072
1.8209
0.1616
107.1513
5.5776
102.8136
130.6175
110.4308
0.6728
110.1713
116.5967
101.1133
359.8675
92.8175
92.6825
131.0202
123.1315
315.4433
113.0828
359.8631
357.7553
131.6747
91.1872
117.0988
0.2358
128.5933
356.0181
109.1275
109.0620
124.0129
111.3156
359.9714
45.6744
47.3001
1.0694
121.2325
127.7384
132.4010
104.8370
129.1673
129.4454
0.6282
359.8182
121.9448
122.6274
344.9216
0.0139
276.7854
0.4904
359.6606
4.1584
129.1905
128.0047
2.3992
91.4363
125.3646
116.7884
97.0006
355.4956
52.2618
127.8560
97.6146
66.9542
126.5576
359.8744
351.4835
114.7651
359.9652
0.0167
357.6699
127.1417
128.4850
90.7942
0.2238
92.1357
1.5583
90.4032
359.0323
112.3485
92.6894
0.4475
7.6043
2.9415
118.3348
0.2271
9.9465
1.5082
132.4155
284.1034
122.0422
122.5494
359.5817
104.7176
359.6568
2.3455
130.3351
1.0582
92.6834
359.9977
355.5052
359.8090
9.4887
359.6221
0.2663
137.6516
123.0490
357.3902
116.7648
358.0281
356.3582
359.9058
133.1985
357.3576
357.0126
104.4330
129.9479
119.3867
107.8304
2.5815
131.4374
117.2080
46.2439
128.2135
97.0634
358.1942
122.0396
130.7316
359.6288
112.1105
276.3647
125.2666
109.2643
1.7618
121.3593
358.8825
118.7771
105.0986
130.7131
359.4002
118.6782
129.3381
1.5076
0.7244
93.7863
116.5773
104.2114
359.9113
102.9861
84.0255
116.6539
0.3790
121.5806
109.0335
113.4136
3.2988
6.6117
129.1620
122.2231
358.4806
353.0047
122.2950
358.1210
21.8225
128.6665
117.0515
6.6894
358.2550
119.8511
83.3632
132.0684
352.2431
0.0000
125.8191
1.1825
90.3323
128.5591
131.0139
356.4814
18.7905
359.7431
111.9717
131.1284
102.4358
126.2339
0.8334
126.6619
131.8123
117.7648
0.8195
122.8823
89.8079
132.2856
358.8077
0.1185
111.7723
114.8785
358.2724
358.7702
131.1391
117.1408
28.6052
121.9083
133.1603
114.7619
35.3107
121.8123
135.1280
132.2408
133.1046
121.0016
136.1586
359.4792
351.7756
126.2273
128.4545
101.2799
317.5777
96.5710
119.6050
132.3168
305.4479
134.9624
336.3402
358.9158
1.0397
109.6626
83.6533
314.3498
127.7031
122.0132
129.4512
125.8162
127.2833
0.4514
130.9515
117.4742
119.0260
297.0494
122.5196
338.9987
0.2562
321.3002
128.4849
124.1350
120.8484
112.5074
120.5404
353.5493
126.2354
131.7984
132.2468
35.0864
118.3980
133.5121
128.5924
18.1057
351.3855
130.6941
108.8608
127.5221
120.5403
122.1663
125.7093
126.8648
133.4207
101.9367
117.4159
114.8251
0.6611
127.9529
120.6146
131.5720
121.6861
126.8286
129.6517
92.0265
114.6398
179.8318
359.5559
98.8984
132.1581
330.4520
125.7930
124.6078
126.8269
134.8935
106.6907
123.3457
120.3713
116.0420
120.5554
109.5506
124.8346
318.7968
291.9553
334.4406
117.6144
130.2869
356.7946
299.1481
1.0100
9.1068
6.1908
0.2729
122.2699
125.2358
126.7245
1.1594
129.1940
359.0283
1.8704
358.1484
11.8052
127.3029
99.1055
131.0765
6.1067
90.2257
1.1958
342.5141
131.8913
359.1389
347.2562
134.5020
128.5257
357.5556
97.3999
1.4115
123.5908
108.6785
38.3467
0.2100
95.4115
123.2220
127.7000
0.2845
120.3163
133.2359
1.8272
112.9143
0.1861
324.7730
113.4508
0.4482
359.4327
1.0731
0.2319
359.9462
1.3744
356.5005
3.0706
350.4352
359.8068
9.5118
119.5851
2.0399
7.8264
0.1528
359.2699
6.5015
116.5985
114.5185
359.9741
130.8115
128.6417
1.3193
121.1762
125.7616
128.5993
126.9890
127.4632
98.2791
63.3545
131.6447
108.0434
359.1075
131.5651
131.3209
129.6332
129.3138
133.4524
133.4268
1.0082
1.2446
122.3222
123.4978
128.5560
127.9578
102.5482
0.6972
131.8922
131.1016
116.3150
110.3580
23.5210
131.9921
134.5888
117.6049
146.4754
123.1582
118.6890
133.7934
131.4177
131.3707
78.8837
75.5406
133.3765
128.0783
130.9140
141.1824
154.9469
133.9733
101.9418
114.2598
120.8162
115.9502
126.3934
301.3216
131.6122
129.8514
359.7550
118.8121
292.6590
134.5898
129.8943
110.3741
110.2568
124.8485
119.1081
123.0804
125.3232
112.6254
103.7901
133.2269
132.6918
121.7945
121.4280
359.5799
99.4526
108.8417
93.6150
93.1254
119.6146
111.1572
121.9043
119.4858
130.0639
124.6073
0.7135
0.3361
2.7407
3.3651
121.9681
131.3520
115.6727
134.8718
135.2735
132.6496
112.4601
135.7220
118.3789
116.2668
117.4869
111.5239
3.8628
124.4935
94.8882
99.5247
355.4647
123.0810
355.5720
1.0947
102.4190
105.6424
123.0666
123.0809
124.9460
126.0488
132.7242
125.1232
130.2181
93.5126
128.7717
129.0063
135.9356
105.2093
1.8921
129.4911
131.8997
130.3516
135.9721
102.3834
121.4010
121.3954
117.5909
77.2713
125.4493
125.6222
119.8862
133.6786
125.6407
125.7287
286.8030
117.8696
86.1039
132.2047
103.4828
116.4294
109.1471
109.3708
352.1513
130.8437
135.5368
122.8195
310.3111
1.8925
56.6693
129.7810
128.0191
122.2424
132.1350
132.4395
101.9818
129.3355
358.1011
358.8687
111.1885
133.0265
113.5643
0.1411
134.4745
117.8080
105.9613
72.1847
110.8996
121.2886
135.2642
123.2256
123.0372
124.7165
125.0022
94.8208
93.3726
111.4682
102.9141
125.5843
130.5942
130.9881
126.4148
126.5419
358.9571
358.8538
112.9290
130.0150
133.7779
135.6501
134.0032
354.3364
35.0999
109.3116
117.8633
144.6631
95.4282
135.6298
134.9417
125.6295
122.6834
132.7469
96.2240
111.8852
334.2052
128.7830
339.6271
119.9310
324.9484
353.5645
107.9248
136.2807
133.8448
118.2065
131.6115
132.6284
175.4898
134.7336
136.5774
124.3263
128.2247
128.4472
131.6687
132.1699
136.1452
104.8035
119.1109
108.8109
132.8733
128.9120
102.4461
132.9811
134.2444
135.2457
133.3529
134.2336
134.1075
120.4470
129.4234
133.0721
131.1930
136.7790
1.2480
120.0739
133.7499
125.4301
342.9721
136.4860
134.6428
126.2038
100.9777
125.6542
355.1488
134.1181
128.0145
120.0248
129.7369
129.7722
134.4195
135.0033
0.5729
0.8418
133.0589
129.6346
109.5739
115.7223
158.3499
117.5760
2.4975
359.9277
130.3332
130.5320
136.8389
134.9028
135.4431
132.4983
131.6432
322.1228
308.5512
359.6415
97.7995
126.9788
134.9498
83.5773
122.9824
130.2534
112.0750
138.8209
131.4447
133.3092
112.8727
120.6658
107.1472
129.8289
120.8390
112.8003
3.3730
111.0436
124.0918
130.9186
350.5940
97.9192
124.8510
111.2646
132.3402
127.2191
125.5193
114.3561
113.1191
121.9499
124.4858
359.4062
352.6552
133.6504
0.8187
118.5491
114.4293
115.4770
151.7094
114.7453
126.9661
120.3957
358.1401
129.4497
128.8369
86.6022
117.0717
133.1707
132.0989
132.5501
131.6221
109.9551
129.1340
114.0893
331.6353
133.1218
127.8231
109.1774
108.9886
343.7717
117.2674
120.1940
128.9080
121.2642
125.0388
118.5750
130.3089
359.8820
121.6243
133.0972
132.5230
121.0944
130.0509
357.0513
325.9358
134.1719
127.3192
107.9298
101.3732
115.1214
2.0948
108.8246
286.4846
93.9244
125.7448
100.1564
125.6174
0.2294
0.8962
1.5010
130.1185
101.8729
127.4389
359.3985
114.4938
0.4571
125.0965
1.2983
130.1676
103.4671
100.8910
130.4071
129.8598
352.8674
132.6871
102.7845
128.4694
153.7047
279.8146
0.0931
131.3075
122.0761
100.9181
359.8229
125.8031
128.1738
126.6069
115.9411
114.9736
127.5997
4.2213
127.4627
123.0084
113.2725
128.7908
123.3981
133.3372
115.8944
112.5371
0.4641
357.3860
132.5906
99.5376
121.2165
127.0383
359.0859
130.5532
359.9983
127.9744
1.9261
80.6491
118.4650
123.5944
124.7505
121.3607
0.0154
0.0216
112.8049
125.2858
134.1783
91.9476
134.7712
119.1454
122.9137
2.1811
359.9491
106.4237
15.4515
126.0201
123.3945
91.8679
119.7000
0.0150
125.1484
127.8273
126.1726
1.9647
5.2508
359.2227
133.2734
345.9421
132.2469
115.1915
134.5650
0.1015
82.0098
108.2484
1.2102
356.8641
128.2138
128.7910
0.2927
118.8745
0.0759
128.1939
127.3045
118.7526
132.0488
132.6106
105.0901
123.1059
2.6936
120.2762
118.6820
122.0404
124.2798
131.2619
121.2705
133.6415
113.7999
106.5834
116.2715
128.3079
27.6053
359.9567
95.5309
132.9840
131.4495
131.5562
130.4639
359.9577
127.3804
357.1866
116.4313
359.1671
128.6963
130.0869
116.3761
294.6765
122.5669
128.1137
339.0015
89.9340
93.5837
109.7988
359.3458
104.9179
122.8868
130.1002
120.2292
121.5577
10.3345
129.6752
120.3281
119.3163
117.8699
132.1407
131.4818
134.3045
118.7623
126.9248
130.5940
125.0810
120.8860
116.0599
123.7778
119.9661
117.9742
101.5849
121.9362
101.1527
101.6256
135.8757
134.8602
129.4940
127.9994
130.9245
130.4145
0.1515
161.0129
97.4508
96.8554
134.0038
133.5668
120.3826
109.9490
133.9838
133.4589
119.9673
126.9207
107.3860
106.8856
120.6021
118.4480
0.7967
127.8756
115.9320
129.3411
128.7092
115.5820
355.4767
120.6351
116.3339
13.4031
118.4617
120.9282
107.8954
134.9801
96.7783
94.4246
130.2282
6.3322
118.4153
359.2975
124.7955
99.8699
135.6681
127.5994
100.8935
359.5703
359.5950
93.2560
95.2121
125.1680
122.6624
124.7541
111.6655
122.0031
0.1983
129.9033
119.9957
122.0249
133.1707
89.2146
359.0406
358.3867
306.9269
124.5194
132.9813
292.0575
131.7309
134.2362
135.9703
131.3123
133.3894
133.9055
97.7670
13.4559
133.4602
129.2868
104.9705
120.3417
126.5882
342.1159
125.6493
299.7100
120.6901
130.7034
132.2989
129.9091
130.2891
131.8287
134.6283
122.4402
135.0983
131.1002
132.6608
120.8330
0.1500
105.0245
106.2312
130.4957
130.0641
132.6832
135.2415
129.3359
129.7755
130.7017
82.3207
133.4892
95.8593
125.8324
125.3673
118.2475
126.2896
128.1381
125.4319
125.8765
133.3998
131.8583
6.3184
138.7259
117.8904
293.9725
4.5304
131.0546
121.9899
116.9836
151.6451
322.5019
122.2579
130.8392
2.9469
100.3668
122.9815
119.6159
5.2908
116.3153
124.7656
129.7167
47.9331
126.2885
323.7332
118.5543
117.9414
126.4147
127.0484
122.0586
290.2213
106.9423
126.1927
358.6867
120.2394
124.7152
130.7598
120.9036
285.9749
0.8078
4.5760
288.8947
299.6280
111.6663
130.8977
88.8347
102.7270
10.3915
115.0270
355.1217
103.3707
0.5063
98.3946
106.0079
5.0972
127.6799
101.0218
122.2037
107.6141
131.4781
60.2812
103.5566
133.4681
105.2547
117.2677
110.4867
0.6838
108.6687
112.1796
122.9156
344.9585
355.6595
353.6058
118.9148
350.4386
0.1986
0.1175
359.9215
130.2425
289.5122
357.4163
0.8534
1.4228
0.0080
118.1172
356.2003
274.2233
101.6451
1.9462
118.9543
127.0503
4.0405
105.4044
340.7889
125.0779
122.8032
347.5053
120.1883
125.5114
111.4625
120.5371
343.4588
119.2851
107.8325
123.0724
10.5131
316.8232
45.6829
127.5643
86.1343
0.7665
132.9214
0.2307
118.5023
3.8274
90.2219
115.4869
1.7313
345.7372
121.7162
