334.8386
43.5280
21.9099
88.6808
359.9996
112.7416
359.8587
359.8590
105.0249
121.6508
312.6769
130.4886
55.7262
126.5590
122.9714
95.1272
0.0187
10.9369
179.9868
359.2847
1.5110
3.6639
54.5029
115.0535
281.2975
0.9882
278.0421
270.0355
3.1221
4.3367
359.9815
128.4926
121.3990
341.9255
63.2756
115.0700
33.4623
358.7835
0.4650
299.0268
355.0936
124.7821
103.8072
127.0848
122.0372
325.2882
101.3661
1.2282
118.2223
296.6997
96.6390
87.7344
91.4665
103.3056
89.9129
8.8774
123.8595
123.1570
124.9762
123.1892
124.8458
121.5390
3.7679
7.9335
55.1474
113.1878
97.2371
112.5652
113.1841
0.5196
129.5295
118.0320
113.3080
113.7645
116.8037
119.6332
353.5988
87.2162
6.7334
348.9982
119.1923
43.8006
356.3847
49.1525
117.8620
0.3105
0.5421
100.5567
97.4690
359.1004
4.3133
347.2950
126.6770
121.5650
124.9698
359.4680
133.6467
106.4465
113.5559
0.1415
1.3097
9.4226
7.1259
117.3602
135.7001
130.3360
120.4441
127.2573
131.5270
132.2033
14.8392
119.8622
127.1374
123.4278
131.1513
130.8524
0.3418
119.9407
359.5747
115.4069
61.5211
117.9585
91.2056
91.6667
359.4013
358.6731
3.7412
0.3297
0.4033
0.7637
134.2499
133.8677
104.6042
114.5339
119.6175
85.4110
120.2871
109.1349
137.4575
128.8340
134.5840
135.8226
116.9386
115.6114
103.9460
102.4099
355.0447
354.9636
103.3563
124.2794
127.3418
128.0840
108.7900
91.2181
98.9795
73.9460
6.7514
16.5595
283.3038
358.1516
358.4345
125.7897
91.9410
125.6822
117.3222
357.4507
359.6996
114.4445
347.0877
113.1032
113.5739
4.6262
13.2788
119.3192
136.3759
112.4728
110.6289
136.5484
317.2543
94.2479
103.1639
1.3344
3.5906
305.8469
109.8820
358.6987
359.9301
131.6783
359.9266
134.2632
358.7062
117.4201
116.6381
130.5151
118.2970
118.3147
359.9255
359.8653
127.9189
126.0983
91.8484
98.7454
109.5730
355.6675
123.7922
3.0370
134.4095
126.8324
0.6225
2.3204
126.3193
124.7368
142.6189
133.3263
133.5406
129.9776
130.1995
127.3213
128.6842
128.3505
121.8381
130.1167
121.5422
106.0698
130.1375
124.5941
122.9810
130.8648
126.6447
126.8952
132.1182
130.7765
132.2129
128.8071
359.8131
130.0341
135.5270
130.3740
132.7309
118.0576
126.5903
112.4647
134.5561
133.3526
132.3484
131.7839
132.0906
133.4506
300.9379
132.0215
121.8893
122.7028
126.2371
130.1572
124.2513
129.6044
133.7463
124.5883
129.2919
124.8810
127.5269
126.6152
121.5133
129.5129
117.8664
354.3819
9.0743
98.0426
18.4049
38.0030
84.5772
352.0292
331.5613
107.4650
108.5008
309.4510
11.4251
29.6890
56.8583
116.5457
124.9215
124.5661
89.2592
101.6103
119.0490
121.2284
4.5326
5.3174
120.7533
114.6644
117.9322
121.4906
62.4061
116.5979
0.0332
75.5582
119.7119
119.1465
300.2071
94.6855
94.0114
124.9621
121.6005
114.4717
124.5430
121.8689
121.8690
118.7042
104.2914
1.6746
116.2297
132.1385
132.9291
120.2799
106.3919
100.0332
108.5602
114.1007
137.1518
144.1354
96.5446
120.2606
118.9304
127.7571
86.3164
2.8871
111.3890
117.8592
344.4876
330.5791
124.1629
318.2686
133.9953
132.1006
309.1677
303.6130
118.7840
122.1858
77.7523
96.7165
130.4240
130.5971
359.0194
357.2001
117.3717
111.3680
354.4392
359.7257
358.6822
127.0126
114.3024
113.3710
116.4089
100.7094
124.0444
322.7064
307.5362
125.4667
123.4696
124.3957
109.6256
358.2759
59.3263
129.8537
126.1665
134.6337
118.7912
325.0872
345.0084
311.2032
140.5523
92.5345
0.0670
167.2566
353.6009
359.4964
0.6982
131.3757
130.3403
96.0614
102.6139
128.6104
126.0029
124.1494
107.4234
122.7479
2.1509
117.5493
118.0055
135.0095
122.9391
359.8054
14.4022
109.2790
111.5333
130.3189
291.2619
331.1749
127.7468
359.7845
357.8419
351.5628
3.4049
356.2220
11.8008
132.2535
105.8026
121.0277
122.3603
129.5973
144.0367
9.3160
137.1436
129.1759
132.2368
134.5960
120.7134
116.7811
123.4887
117.9130
128.4583
133.0605
130.3794
123.2650
4.5409
13.0857
136.1461
127.8889
122.9541
127.2742
359.3070
110.0254
129.2755
132.2685
127.4659
132.1942
67.7357
129.7297
107.9844
99.3263
126.1784
125.1721
128.8763
359.9910
119.9565
117.4510
130.1342
133.7246
121.7584
122.6013
113.2961
123.4881
58.1382
125.2833
44.4724
131.7158
131.4599
126.8380
322.6596
114.2153
350.6417
122.2517
138.8132
126.7293
129.1896
128.8560
136.9790
123.8252
97.8019
124.5173
119.7422
1.7086
17.2359
85.7024
97.6578
89.8444
115.8272
4.4748
24.0701
136.4111
342.9573
112.4536
132.8462
123.7760
125.0908
132.9016
130.4744
85.5873
104.6312
106.6337
113.9124
132.5083
113.2117
0.8982
2.2598
130.5086
128.3953
84.9746
85.9336
122.2593
120.5699
120.8210
118.8581
133.3957
108.5693
128.8172
132.8138
296.2924
131.6871
356.0372
115.4195
118.7246
354.9337
76.2177
127.5571
128.1302
354.2532
0.8114
101.8732
136.1578
135.6349
115.7627
2.0020
125.8184
134.9671
124.1617
116.0002
105.1686
135.6328
169.8578
120.9215
137.0691
0.9181
358.2528
133.5028
123.5470
127.7837
126.7587
71.2424
12.9182
342.7390
118.2680
28.4599
113.3978
327.9466
324.8715
116.7638
128.9226
116.5267
122.6069
125.2256
344.5130
345.4863
99.9530
108.9811
142.2385
346.8143
125.7844
337.1223
105.4397
122.8026
118.4896
120.6684
355.2864
345.1837
129.6363
127.2024
127.6234
97.1188
124.3060
124.3330
120.2128
134.6500
134.9849
105.3184
132.2631
130.2633
130.3181
135.3236
278.2282
101.6658
129.0062
123.6226
133.7336
346.8806
340.0523
128.5102
132.3413
135.3221
128.0622
127.7229
132.8034
126.3003
103.5082
104.5028
132.7307
131.5541
108.4945
129.5860
114.4325
113.4428
135.6007
118.8308
133.0766
114.1062
11.6965
122.8044
107.7049
86.0263
118.3638
124.2653
128.7129
129.0955
130.2843
135.5091
127.5581
93.4537
121.0755
126.9642
130.4828
130.3677
358.5948
125.6505
124.0498
120.7930
117.1807
136.9098
359.8828
125.6550
126.7867
113.7969
117.4923
172.1168
335.6285
124.8877
120.2300
127.9653
124.8126
124.2646
119.4894
123.5965
126.2691
120.1144
10.3632
135.6760
131.4268
120.2833
109.0973
124.2656
123.5168
120.4185
124.4712
127.0114
125.2511
106.6609
125.8567
103.2671
295.8988
110.8800
111.1232
111.7385
116.5357
62.7862
359.9679
359.2056
116.6014
122.4616
133.9148
110.1034
350.1669
127.8055
129.2943
121.4763
109.2974
108.8213
105.7592
150.2043
348.4047
102.8385
109.4389
128.6249
356.2112
358.0232
128.2145
131.5456
341.8015
126.6336
111.5071
111.8991
123.5576
132.5589
117.0448
126.1125
151.2591
159.7417
124.0151
358.8820
122.5262
123.5772
105.2940
136.9000
345.9066
347.7650
132.9175
124.4159
134.0153
0.1843
128.7680
132.8298
143.3511
359.2025
104.1327
116.2758
114.5039
116.5472
118.1299
117.4618
118.6365
117.5159
123.3948
123.6936
311.7854
119.9528
126.8275
127.8626
135.7022
134.4551
112.2257
125.7507
131.6960
110.2629
123.9751
19.3652
352.3446
123.9337
123.1407
42.5420
11.9843
127.0692
118.2376
129.4441
132.2448
114.0145
113.2854
121.1289
121.7615
122.6278
120.5657
76.6424
119.0041
121.6642
118.8848
352.5914
121.9233
120.0156
118.1693
132.5668
130.3839
321.7120
329.8553
19.4417
3.0445
128.5732
126.5367
122.9636
121.8794
121.5187
142.7879
116.6442
105.9516
129.8064
162.1646
107.7921
110.6199
311.8804
115.0734
112.2437
355.7711
115.4720
32.5110
111.0748
118.6606
358.2595
349.5937
108.1610
123.7627
120.8978
134.7001
128.4534
127.0538
127.7092
143.2620
132.8277
123.0657
126.6276
119.6299
114.1605
116.0860
131.7661
135.6069
113.6189
14.0551
118.1400
123.7602
133.0638
116.8848
129.3578
114.9570
124.5381
133.3936
134.4101
134.5729
136.0541
135.3223
125.9631
121.5540
96.6092
110.2236
96.4791
133.3459
130.1087
135.8809
131.0197
114.8938
130.9185
130.8198
0.2292
110.5610
118.6539
124.0864
123.8687
128.7536
2.2961
20.4499
120.5924
129.5014
134.6485
133.4289
113.4820
116.7048
118.1350
117.9826
87.9071
126.6939
83.8245
115.0019
358.5092
358.6733
125.0912
120.8559
135.8373
130.0263
121.3127
113.7525
126.1515
133.0823
136.4896
121.7286
328.3018
146.8936
122.7265
114.0071
126.1791
129.9880
132.5422
130.2477
126.5033
36.0435
96.6742
115.5662
346.3842
146.4864
133.6088
130.4897
121.1545
121.2561
302.6922
123.1575
64.9171
5.8773
133.1799
131.0724
116.3612
115.7819
133.7826
129.3448
135.8674
135.6123
299.7852
128.2869
123.9709
134.8796
125.6412
123.0692
153.4894
356.8785
134.0440
109.3754
118.1004
135.5722
127.3313
125.2469
124.1641
91.6026
119.1125
125.5505
116.4611
3.0922
350.3738
129.6626
128.8964
332.5686
0.3943
108.3886
133.6596
119.9001
334.9246
352.9792
120.2482
116.8978
356.1150
108.8772
3.3806
55.4530
122.3000
121.1464
127.0938
122.5774
130.1012
129.8776
99.7125
111.6213
132.6969
131.3401
136.7436
143.9600
125.4119
132.6642
138.2972
104.6271
99.6197
130.4507
128.7080
0.7547
2.8521
119.0990
117.2273
5.9301
138.1932
126.3243
126.1108
130.4938
123.6408
314.8144
312.3526
292.9249
290.3244
356.7280
349.8633
129.2957
135.6525
121.7766
136.1721
124.7095
119.1941
345.8404
353.4943
134.0287
19.8233
78.6917
353.7723
90.0183
113.8192
340.2794
157.5161
76.1150
129.1834
130.5812
347.2137
29.6902
113.3336
110.9998
129.6719
128.1553
124.3429
120.5727
67.8353
30.3482
122.6989
359.8991
145.5878
339.6906
126.8652
131.0417
118.0903
110.6382
126.0898
21.7441
8.6401
102.5654
102.3420
116.8269
354.1318
131.7474
128.0240
349.6283
354.9090
27.1246
1.1384
102.9911
359.4571
0.2394
25.1652
86.0430
113.5514
105.2411
122.1650
130.5733
356.8586
62.8305
127.0412
106.5387
111.5397
126.3372
121.7159
121.9793
125.2568
128.4622
134.3156
134.4407
0.1322
117.1173
94.8144
161.0843
123.9044
135.8148
130.7812
6.7239
85.1839
110.4812
115.9655
359.5971
359.6524
345.5559
120.1078
119.0411
94.3346
96.6507
160.0834
2.2419
108.9405
111.0995
133.4871
122.9430
125.4666
322.8916
129.3892
0.3427
0.4233
114.6739
14.6753
122.2034
119.6846
5.7106
48.1291
130.4170
129.6390
356.4294
123.9499
152.8120
13.1790
358.5092
358.3854
3.7307
355.0680
118.0832
114.1829
108.6905
134.8291
357.5295
98.6637
359.2189
0.0746
309.8864
310.2624
354.1818
349.5875
3.1884
359.2347
348.5890
350.4259
358.3201
354.1563
124.6920
127.9750
125.6175
133.7724
122.4071
118.1788
126.9603
128.6683
111.2101
355.2516
115.5437
132.0788
346.0563
134.2888
112.8441
122.4527
119.4213
128.7579
122.5448
117.5308
130.5344
4.8722
5.3228
130.7231
131.4096
101.6362
136.0963
133.4660
134.5300
108.2873
119.0328
8.1728
122.0459
102.4366
6.2691
134.4202
135.1932
118.8743
133.1019
292.8641
299.5220
130.5399
116.7098
107.5915
116.9805
357.6761
101.6691
108.9294
127.3838
122.9984
23.0230
13.3271
127.8250
4.8101
1.1001
358.4381
21.8570
102.5415
9.1822
356.0359
321.0107
104.1365
133.4746
133.7778
135.2599
113.5392
118.2518
124.6991
129.7096
99.0169
117.7109
114.3608
118.4170
150.2834
66.5858
126.6472
346.3736
98.0828
281.3280
125.9457
131.0427
129.9308
343.1635
130.7532
112.3388
108.4267
351.0348
88.3428
1.3863
2.0548
124.6969
121.3796
359.9404
130.6589
126.3151
352.8462
136.4196
359.8486
3.3442
116.4923
129.8754
128.8488
359.7677
359.3433
0.7262
354.5872
92.9412
128.5405
135.4635
132.2941
0.0693
358.9653
165.2779
358.4095
118.7632
134.0630
143.6993
61.8063
104.1686
123.3832
105.7114
121.7137
17.4415
16.0422
300.9089
298.5523
117.8122
122.8050
347.7285
4.5131
28.5587
9.7344
3.2572
10.6485
126.8346
99.6055
99.2212
89.5909
82.1839
304.7159
122.6052
358.1674
133.5364
125.3119
114.0613
98.3785
105.7473
0.0995
67.9981
102.8198
20.0059
48.4447
147.7016
102.1481
307.1333
308.4756
4.6188
355.5495
122.2576
124.9534
133.8678
76.8894
111.5248
118.1266
122.3206
128.5911
1.3406
134.9769
79.4376
114.6311
136.4037
134.5716
139.9175
123.2404
126.5649
124.1716
117.3043
123.1989
120.8217
131.0397
123.3424
123.8459
134.8422
106.7588
340.8306
97.4701
71.2842
90.0070
127.5497
354.3075
117.0231
312.6662
120.8420
132.9573
352.6343
311.4817
349.8043
75.4649
293.1013
122.1816
125.0656
136.4396
107.9783
345.9932
10.1983
284.9832
82.9080
19.7928
104.4854
130.8503
122.9162
111.4453
89.9873
102.0270
359.9225
0.2437
111.2809
28.4307
96.7125
24.1390
134.7804
3.3258
29.1250
89.3618
116.9659
336.7681
359.3191
129.0947
135.9535
358.8009
304.6120
101.9056
117.0313
131.5467
125.8449
0.0801
125.5571
127.5597
124.1060
64.3375
351.0852
344.4565
115.1750
128.1223
130.1149
323.8821
302.8489
12.1270
103.9927
134.5767
133.2249
135.9503
108.1069
10.6110
344.6507
120.8638
130.1882
124.5729
5.3401
3.6850
119.1997
84.0918
114.4324
117.5218
116.1098
136.4933
136.5994
131.9869
114.1485
121.5328
352.3545
15.3642
73.4900
10.6228
312.5514
127.7520
352.7925
6.6618
38.7251
128.1820
343.7894
337.2903
327.8475
89.2717
106.1292
110.9225
0.3880
6.3833
350.1919
53.9673
358.4511
332.4406
116.9608
8.0779
44.1675
331.8524
346.0546
118.6423
95.6432
2.1011
359.8935
359.6043
359.7953
0.0765
1.7333
111.2647
122.1109
356.8744
336.1951
95.9250
113.6739
117.9157
98.3207
116.4167
0.3840
4.1722
121.9733
35.0819
0.5145
91.6150
121.0022
0.4559
20.2086
2.9593
17.0531
10.7576
38.3554
358.9564
53.0275
359.5768
0.6991
0.9278
7.9454
102.3778
131.2779
130.8209
128.2394
357.5912
132.2892
124.7064
0.2400
123.0971
50.7259
63.9515
354.3546
354.6797
356.1030
104.1646
82.0753
79.0790
119.4978
123.5382
118.2177
117.7765
112.8380
122.8045
133.2194
98.1451
96.5487
120.8300
123.5674
118.7798
135.7398
121.1520
112.4835
132.5861
131.9125
101.2804
102.0591
127.3071
128.1818
132.0067
128.5591
136.2755
107.7067
108.9791
0.5778
147.3008
125.1672
115.9524
90.4957
128.2186
125.3251
128.3576
116.9523
130.5463
119.4723
60.8179
86.3845
120.8809
118.9083
98.7899
120.6018
140.4038
98.2211
135.2681
120.2179
113.6478
117.2585
124.4717
123.9424
129.6587
124.6837
115.0331
119.8634
133.0489
277.8573
359.2094
119.6559
115.4151
89.8212
348.6399
317.9479
120.3897
60.0566
358.0087
90.4104
130.5073
116.3525
114.6054
330.5875
116.9546
116.5402
293.3107
79.0214
10.4917
114.5138
125.1088
121.4343
110.5295
114.4070
111.9275
101.1562
76.5396
8.7494
339.1544
117.4890
343.1658
16.3263
121.8709
1.9255
97.6302
327.0914
113.2795
122.2147
111.0173
337.2902
110.7242
18.6582
353.9877
134.4091
117.0638
120.9641
115.5745
346.9419
133.8234
129.5573
357.7818
0.0056
116.6171
41.8051
8.1386
130.6006
118.0145
15.6538
6.4519
124.8131
71.2281
120.9925
334.9144
119.3532
127.2471
357.6568
1.3451
134.9750
126.1799
119.7164
119.8593
118.4695
91.2043
101.1027
99.5145
132.7777
356.0516
346.4121
133.2928
121.0057
116.1675
133.9642
136.2067
311.5183
123.8819
127.5258
126.5649
131.0296
127.2076
109.8819
133.5037
134.3112
112.1466
4.0855
15.3073
49.5595
130.7419
117.6277
134.6190
126.8621
129.1216
125.8827
122.8451
122.3846
133.5502
107.0598
78.2677
125.4001
123.4190
122.8820
114.2023
121.5472
126.7396
343.8726
353.7186
112.0345
112.9488
118.7286
116.8380
12.9011
127.9144
132.5515
116.8387
122.4056
117.8828
2.1065
20.2313
119.6962
119.4795
118.5057
356.8189
124.6851
117.2223
0.0098
91.0778
125.8197
128.9324
129.1150
335.4518
358.2336
332.9474
117.9223
122.3347
115.5514
112.2530
335.5091
122.3365
126.1316
117.2679
24.7257
152.3185
121.8897
119.7539
91.4102
121.8653
123.8259
118.7054
107.7034
359.8435
121.3666
129.3285
115.2339
356.2393
115.1450
93.5520
13.1282
327.7360
125.4460
120.2711
115.2138
64.3777
11.3195
6.2991
112.4718
126.2679
347.9090
108.2398
355.2517
119.8135
89.1558
30.2050
112.2751
98.3359
102.3495
344.4654
103.8922
123.2609
97.0876
120.1236
117.3986
132.6126
358.9992
131.6902
123.9316
114.2827
347.9028
116.4160
96.7778
111.5521
117.5431
109.8923
116.1622
342.7951
116.1326
119.8469
104.6284
135.0255
117.3676
109.2050
120.5139
106.7264
337.4480
139.4491
136.0582
120.1589
132.8757
149.6282
124.6596
359.1800
120.2384
128.9515
93.9133
131.9240
132.5855
124.9985
124.0672
130.6545
133.0901
117.7631
120.9657
126.9211
130.7422
128.7765
0.4640
127.8435
127.8466
131.3317
133.0183
133.3459
131.8769
125.8289
123.8702
7.5865
0.3760
76.8079
357.2207
125.8428
128.1503
129.3177
119.7573
126.3777
132.1378
3.8347
135.0037
105.6953
107.1485
357.9032
90.4456
0.8127
119.9034
5.6699
113.1062
128.8971
128.0607
131.7328
125.6458
357.3194
104.0005
106.5396
97.8050
118.0564
345.8276
131.4828
355.0048
3.2133
100.7312
115.1025
135.0168
122.4757
357.2514
107.3849
359.6019
110.9597
5.9178
128.8797
40.2234
129.3499
122.9266
123.8099
128.2979
120.8421
134.8171
125.1998
124.3942
110.4853
112.1445
104.6524
112.4000
124.7836
270.9855
157.5128
357.4048
108.3686
0.7079
120.2677
123.9763
123.9787
128.7080
354.8046
355.3704
125.6702
88.7329
68.1351
113.3668
125.0071
358.9658
133.2191
122.2925
116.1740
128.7802
128.1532
115.0634
0.3225
127.4850
49.3254
120.8984
121.0038
118.8798
101.4246
105.8237
352.5788
100.6843
49.6640
92.9040
116.7625
333.1505
154.2758
3.4321
4.1171
113.5433
0.4473
119.2083
121.1636
120.5447
0.6132
118.9596
126.3109
125.2734
123.2687
351.3313
314.4660
132.5897
131.6840
130.6800
128.9836
108.6611
119.7925
26.6419
1.4640
0.2492
124.7748
19.7889
2.2408
130.2826
128.8880
128.7503
124.0617
123.3466
126.9206
116.0962
116.2858
112.7843
0.3058
57.9366
4.1319
116.9455
108.4614
0.5018
108.3498
139.7745
124.6394
359.8010
106.7918
359.8391
116.5299
111.3398
0.2260
122.2399
121.6043
118.0947
124.5383
129.0722
129.9333
106.4362
113.1422
80.7262
97.6306
7.2062
125.9751
126.7518
355.4547
300.1308
345.3616
359.1783
118.6645
120.9044
130.7595
114.8347
113.6815
6.3565
119.6227
121.9577
326.8229
127.0729
128.7474
122.1171
124.5991
122.7527
123.3967
127.8026
129.9779
115.0404
111.4320
1.3756
98.5512
130.4762
131.8750
122.7995
100.4603
122.5240
118.4461
349.4424
100.8549
132.5295
105.7538
113.4462
120.9735
4.2153
78.0009
359.6644
127.9865
125.3324
4.6187
136.3848
133.5365
3.5456
32.0487
95.7347
121.1749
124.0980
129.6461
129.0224
129.9369
123.4564
358.3868
114.3687
66.3218
92.0942
1.1506
64.7071
124.4996
117.0021
126.3340
120.3201
90.8232
359.9932
129.9876
120.0948
121.5647
131.8155
130.5756
123.4824
0.2320
359.4150
120.4465
114.0016
125.7871
119.3947
127.3849
0.0577
134.0104
132.0884
314.8988
306.0716
120.7461
130.8076
113.1598
0.2584
4.6894
134.9831
95.1610
69.2160
18.9572
128.7598
128.2131
115.9878
117.8638
106.9195
344.1940
285.4847
133.5822
126.2656
81.5078
123.0661
123.5864
117.1831
115.8835
102.6976
1.4709
131.0971
1.5301
129.7071
112.9074
345.3593
126.5033
130.4789
134.9641
122.7609
122.1963
111.9270
119.6641
113.2540
108.4829
131.0129
352.3142
126.6051
119.9343
117.2791
356.5313
134.1907
127.3352
1.1918
110.4223
124.0465
127.0054
106.5001
121.5525
119.6036
351.1750
357.9918
124.6928
1.3443
122.9936
125.6079
356.7663
125.0069
1.3108
122.4038
127.7870
125.8963
128.3756
126.7439
130.4258
115.6149
121.9790
0.2420
119.9477
92.0625
128.1591
130.7098
129.5332
134.4251
102.6184
99.0122
93.5929
127.2762
127.0639
122.1760
124.1851
110.5050
124.0079
123.3143
142.8538
113.2134
116.5394
119.5755
99.7983
333.4314
354.4956
129.7217
125.5720
123.9114
359.9532
118.0451
343.9552
122.1394
124.9724
124.2207
129.8507
121.3830
120.3504
338.7195
355.5164
2.4816
119.9454
105.2331
292.9542
119.0457
117.7168
3.9149
130.4796
118.2664
101.6550
121.8589
132.3900
359.5950
123.1708
97.0584
126.7945
122.3302
4.9816
114.2509
83.0801
116.3836
117.6987
106.5959
111.2259
115.3405
348.8597
120.9811
130.1439
126.6562
119.2017
0.0153
101.5083
126.6828
128.9056
127.6950
94.6502
110.9042
127.1856
99.1479
351.8968
1.1482
118.3995
129.6143
125.5479
117.4469
101.8557
358.7846
127.7789
356.1996
114.8826
90.3550
130.9979
353.2720
65.9673
304.3770
135.0410
56.6704
348.0358
359.8379
129.3979
11.9880
309.0780
1.8171
358.9111
341.1676
110.6296
129.0875
118.0330
125.3485
117.4048
91.9893
38.0118
359.4975
66.8094
120.1847
111.0040
292.5741
91.8701
74.0409
48.9405
322.1361
106.4595
352.1224
358.2451
128.7136
115.6962
300.0997
77.7001
108.3205
110.0488
55.3758
93.1257
98.2504
316.0046
114.5123
301.2123
359.9818
55.6770
122.2045
100.1986
101.2741
122.8421
3.3751
123.0211
128.5836
7.0340
121.6442
123.9667
112.0639
69.5032
21.1590
280.7154
99.3526
102.5754
353.0638
126.9184
301.0107
117.2432
127.1301
359.9679
359.7492
121.5638
122.0583
115.4944
0.1422
93.2003
0.0542
332.6081
57.6991
131.4476
355.5433
358.6056
118.7627
292.3029
113.0475
19.8027
0.4957
0.4302
357.9529
278.8428
90.1326
321.0668
39.5848
133.6456
118.9552
357.5747
358.2338
77.9553
130.7553
112.6230
359.7807
113.1300
90.3379
7.6919
86.7016
10.7968
357.2902
105.4150
103.4479
122.1974
20.9099
355.9611
351.6739
88.4824
312.0965
122.6880
292.6656
120.4296
91.2660
106.6799
131.7221
0.1976
2.6556
127.8619
14.9806
105.8006
0.0990
342.2148
0.3622
281.1244
26.7365
58.1219
137.4175
122.2666
85.5620
135.2290
130.0888
0.6492
113.1081
126.2157
134.0698
0.0576
120.9119
128.5768
126.1237
122.2976
120.1485
126.5714
331.3408
98.4457
359.2223
97.8250
353.6040
125.1412
115.9339
359.7882
113.1152
284.7531
120.3233
116.7844
359.5766
124.0623
124.8325
358.7905
274.9781
129.6645
56.2899
122.3036
113.0756
110.5941
108.6449
130.6391
119.6573
106.4432
90.7622
102.7729
128.1030
117.5034
7.3646
107.6386
111.7689
90.5978
105.3709
121.9237
129.0614
120.7672
124.6846
332.3939
127.2876
132.9878
129.1881
358.2187
93.9571
316.7525
16.3218
118.2225
114.8823
130.8923
118.7052
359.9999
126.9375
356.6255
90.8017
126.9172
127.4184
359.6026
83.5208
312.7840
104.6893
125.3893
124.0426
123.2377
1.3083
321.2021
123.7996
88.6826
359.0239
143.7131
345.1593
357.1361
32.9892
100.8026
119.0479
343.2826
122.7066
0.0276
133.7681
349.5149
354.2702
121.9466
350.4686
129.7086
132.1332
117.0917
122.3635
127.6313
127.4551
128.6448
120.2348
136.1066
109.9038
125.5162
127.2718
4.5121
14.0165
97.4629
104.6964
130.4545
123.0378
126.1680
126.4213
348.0890
92.7817
135.7881
135.8297
118.3531
122.7310
100.0058
0.7225
128.7708
121.6679
6.8153
125.5379
303.7002
107.7597
107.2827
108.3849
94.0882
104.2385
115.2638
112.9723
123.0777
132.2183
107.5711
97.3639
359.3860
99.3786
88.1358
122.7601
114.2293
111.6522
128.9418
124.4612
0.3512
355.3332
110.5895
109.1775
133.0145
132.9479
107.8738
125.4515
125.3727
114.1903
109.2818
118.2115
117.6470
109.5519
51.1641
128.4652
125.4518
133.4589
120.6755
127.2435
135.3072
133.3707
90.0286
308.2173
122.1591
118.1559
124.1063
112.7805
22.0477
131.6886
135.0690
336.4151
108.1200
126.4955
129.9664
357.3197
110.6105
126.5243
355.2882
346.4946
289.4539
127.6304
109.4467
4.1388
286.9473
6.8591
100.5636
108.7354
353.0620
110.9727
121.5930
121.6662
359.3644
307.2495
352.8092
65.5854
359.1276
8.8718
128.2131
81.0808
298.9655
63.0993
86.8742
301.0842
104.7146
154.8819
112.4937
124.2293
137.8034
323.4515
123.7349
1.5083
20.3224
127.9606
24.6832
17.1322
353.9896
93.5913
125.1987
126.7422
1.6116
128.3249
133.0565
338.0447
124.2427
347.6635
358.6248
106.6766
359.3015
93.1909
3.8910
75.4782
2.0534
313.9348
39.2393
358.9379
281.7371
357.4861
354.1097
115.5585
132.0071
293.6649
0.0539
355.9605
6.4761
107.9217
352.0754
315.1184
60.5565
109.9764
359.0225
132.2504
130.7643
127.3400
86.0123
107.2986
123.5424
88.3487
118.1103
124.8583
169.8720
122.6676
121.8142
112.3127
111.7042
124.2797
123.1415
79.9881
5.4858
113.0441
121.7560
119.7319
102.7427
174.0132
359.9161
75.5093
74.8524
126.4744
135.0375
88.6993
55.0479
348.9625
127.2663
115.8884
118.7494
111.4077
135.6232
127.3323
125.8704
113.3074
106.4806
120.7889
122.8251
132.2532
359.5448
2.7957
126.5045
135.1580
109.5872
128.4256
11.4180
293.8253
302.4177
130.5381
359.6722
1.1416
130.9206
130.3579
131.6787
134.1723
125.7848
126.0373
116.0742
120.3785
112.5788
104.4134
125.3299
121.6281
295.3339
296.9724
350.4417
6.3270
359.9994
94.4038
97.9648
108.5808
99.8568
81.7851
116.7084
119.5523
109.3458
127.3809
126.5471
3.6597
103.2070
103.5720
98.9666
94.7046
121.1245
359.3955
129.2225
135.1937
134.2192
106.3361
135.8478
128.7921
121.2993
357.1263
134.0023
133.6563
117.3222
164.0058
348.5411
0.0180
113.3524
108.6873
121.9365
105.8509
100.8474
111.9372
107.6933
119.4009
107.7987
110.6833
104.3880
130.5770
98.5238
125.9974
332.6516
121.5862
14.5699
93.5455
339.8736
94.2882
113.9631
134.8208
97.4675
117.4007
116.8087
106.7060
121.4087
120.9471
120.5920
114.3068
108.8290
128.1566
134.5664
111.3272
136.2805
136.7643
122.2463
96.5547
300.3986
359.7784
129.3007
122.7791
126.4323
111.5610
131.3525
132.3445
55.8795
0.4617
13.3556
352.7315
113.2403
30.4293
35.2049
123.0164
90.4895
359.3823
347.7590
357.6629
132.9450
132.6901
130.3531
143.1690
357.3316
1.9111
159.7126
100.8622
343.3037
135.1803
301.4332
305.1912
103.6322
126.1301
116.3023
355.7824
355.9910
101.2451
93.7454
117.0072
124.4677
0.9208
357.2462
137.6273
0.1153
7.0159
348.5991
128.1654
119.5585
136.0448
340.7377
333.3308
352.8937
121.0938
355.6491
357.3037
344.1201
350.2792
124.1080
125.1954
118.6810
359.6135
356.7211
60.7337
132.4638
92.0101
353.3824
2.2581
118.1918
25.0428
152.7881
123.8188
123.4858
302.3590
127.2247
122.8913
130.7928
133.6297
106.7984
123.0221
339.1131
125.4507
128.8469
134.8084
135.2762
113.7602
125.1298
106.2266
129.0431
0.0996
131.1998
128.2231
133.1024
130.6024
135.2936
134.2796
123.3553
119.3838
134.3291
339.4821
130.9335
107.5505
136.3964
114.3887
133.8886
119.4161
135.4244
134.5799
129.1355
123.2516
120.7014
119.6632
134.1328
120.9098
132.2691
130.9076
130.3884
131.9731
135.0059
359.6864
359.2864
128.9035
116.6696
122.2418
120.3423
160.2450
105.7032
70.2962
349.7979
135.8125
136.1363
136.2312
134.6002
130.9901
129.0898
133.2735
131.4017
128.9732
0.2991
110.0769
132.5873
131.3057
353.1227
130.8736
130.8104
95.6440
99.6805
130.1549
122.2475
134.6166
131.5047
113.1122
127.3979
104.5554
119.7993
116.4130
330.7056
136.0628
128.4285
137.5354
108.3028
345.2922
128.7822
129.7201
131.7959
124.1584
109.6453
103.5531
127.2857
132.8184
128.8618
131.8665
117.0042
15.5881
298.2405
112.4599
128.3066
134.5309
135.0563
130.7734
2.7821
127.4544
127.0078
124.2743
165.8584
166.3985
135.4638
127.6307
132.7106
126.4619
124.6040
126.7916
124.8532
131.2076
42.7161
62.5455
356.3222
10.5705
307.1573
308.9115
106.2045
122.5249
123.0709
119.2048
114.1708
346.2598
357.2835
125.8941
133.5822
125.4400
106.6096
119.2379
353.8770
299.0717
112.8161
101.2209
92.1763
356.0223
151.0144
1.5775
133.6208
105.9431
78.8737
129.9575
124.2304
352.3898
306.2143
2.8525
137.8098
120.2895
284.3473
133.2699
359.8983
135.5894
1.8771
122.5914
113.4571
110.6927
109.0844
129.7420
126.1313
131.7557
95.9882
133.1295
97.8228
133.9206
130.0115
108.7786
13.0747
113.9837
355.0497
97.7744
0.1593
124.2807
124.0467
128.4076
114.1534
96.6826
135.8232
132.5164
112.5429
117.6484
124.0153
123.5000
120.3608
129.5306
121.4031
120.2353
124.8735
19.0018
306.1583
98.0299
113.6728
22.4750
132.7498
123.2573
8.4841
126.8463
124.2515
75.9036
135.0636
116.4132
140.9728
339.1691
358.3486
359.2239
21.2473
132.4829
128.7018
96.4787
131.7821
118.8846
119.7782
0.0811
308.2793
147.6074
14.4909
123.6035
122.2178
103.3337
354.0984
359.7295
92.0305
318.5390
326.2314
1.8682
5.0025
8.5700
125.0663
116.9563
128.9711
112.8543
120.0167
76.1437
1.6090
281.9938
138.4722
357.1299
117.1245
314.5236
157.4596
355.8172
359.4986
342.0006
343.0740
112.1558
109.9485
123.4310
104.4881
117.4795
86.8372
114.6693
117.6209
331.4693
123.9963
132.0681
132.7464
115.4923
128.7410
349.3270
345.1609
353.1048
353.1376
359.4351
359.3137
115.8418
121.7618
127.3746
128.0683
119.3208
103.2112
113.2541
355.7474
357.6969
359.0274
121.7780
353.9455
110.5600
357.1594
359.3555
357.8532
127.5730
98.4540
354.5663
6.6200
105.5747
348.2000
143.7068
120.7823
345.3864
159.1980
133.8117
119.0969
127.1824
25.5268
122.6978
127.2473
313.9178
111.3642
92.0538
121.0498
115.6640
101.8202
123.6212
113.3289
126.0775
125.6828
101.2808
118.8317
356.7497
356.8290
134.1255
132.5692
123.8540
118.3541
110.6837
129.2101
159.7784
352.1997
119.2254
49.1218
119.3996
123.8918
104.7974
89.9030
136.1186
136.3659
125.6345
122.9619
105.1911
100.1790
120.3548
119.2705
4.3543
115.4709
113.5189
118.0797
116.2327
15.2476
130.6789
136.7810
321.2389
349.4210
113.9752
112.1744
134.2979
133.9615
8.2799
125.8842
107.7632
350.5779
111.5559
112.0044
130.2486
124.8213
138.5216
324.9061
133.4913
3.9580
0.6262
158.0406
161.4236
119.8630
126.8466
24.6149
92.0048
16.3042
352.6620
129.7034
130.0005
107.2888
316.0873
90.1061
359.9332
359.3254
9.2606
111.4899
123.0473
117.8100
128.4956
134.3561
124.3970
115.6881
133.6096
132.2522
133.8752
105.0106
129.9171
130.7765
121.6880
135.1574
128.6375
121.1664
133.9596
133.0036
131.8241
130.5752
135.2209
132.5534
131.6817
134.1000
134.1941
136.1925
122.6540
123.7757
128.3389
61.2079
116.1086
111.5199
12.2700
132.6889
132.5565
131.6564
134.8838
134.1943
134.1143
132.3885
136.1078
133.8736
121.1370
132.6054
128.2578
111.8411
128.5114
127.2864
78.1672
8.6191
126.9895
134.5906
127.9169
131.2505
72.6862
122.7028
133.0256
21.2928
117.7229
109.8615
349.2004
318.5716
131.8354
132.4291
93.4583
101.5467
121.1864
301.7642
126.0732
123.9344
74.0381
130.1025
124.6794
125.5952
123.7652
130.6848
117.4206
125.9169
133.4237
106.1366
113.5967
98.5388
322.2811
0.8163
112.1731
117.2327
123.5866
292.8171
112.3501
356.1151
353.2119
126.3999
135.6787
125.0945
333.7982
147.2049
128.5985
359.7686
354.8025
352.6057
136.3676
135.1457
113.9224
97.5949
125.3964
105.7328
93.8122
116.3413
108.9129
101.5473
113.6486
354.6173
127.2269
109.8249
110.6627
105.6683
4.0472
113.1198
114.9992
116.0953
319.1949
5.8365
290.8730
109.6041
286.8952
1.2672
127.0699
338.8583
130.1643
76.7913
129.1983
98.2689
120.2571
119.9055
80.1978
91.6196
66.4877
351.5450
111.7091
131.0197
103.0647
91.2208
111.2595
16.7118
135.0685
102.5665
123.7433
123.0782
0.0428
121.0293
0.5061
123.4695
359.9529
358.7720
119.3296
41.0990
314.4476
359.8120
127.9082
0.0982
135.3587
121.2686
129.7253
122.6780
1.7767
138.2825
15.1718
103.2636
295.0992
120.4578
