336.0424
48.5344
21.3518
88.7178
359.9995
112.3951
359.8467
359.8470
102.6846
122.1685
311.8663
130.1879
57.8884
126.6621
123.2547
95.2564
359.8987
13.0730
179.9591
359.1508
1.6737
3.9735
52.0538
115.2329
281.1512
1.2463
277.1848
90.0330
3.2544
4.1704
359.9516
129.5858
120.8479
340.8799
67.4314
114.7261
34.1048
358.6361
0.3941
299.7297
354.3955
124.5396
103.6248
127.0240
121.4577
326.3543
101.6493
2.6872
118.2762
296.4087
96.8573
89.2674
91.5430
103.6642
89.9107
9.2198
123.8915
123.2177
125.0712
123.3889
124.9847
121.7002
3.8830
8.2803
58.9471
113.2578
97.2454
113.9746
114.1853
0.5314
129.5459
117.6633
113.2350
113.7414
116.8835
119.4072
354.6022
87.2227
7.3489
347.6859
119.2685
40.1729
355.9479
53.7772
117.4859
0.3288
0.5730
100.9276
98.1941
358.9082
4.1584
349.7143
127.3530
121.6693
125.0244
359.4003
133.7073
107.7146
114.4101
0.4698
1.5467
11.2203
8.5331
117.3624
135.5273
129.9971
120.5094
126.7216
131.5812
132.1907
15.9489
119.1584
126.9923
123.8418
131.1214
130.8574
0.4161
119.9085
359.4841
115.4972
64.7794
118.2207
91.2472
91.7478
359.3012
358.4927
3.7828
0.3875
0.4977
0.9157
134.2508
133.8429
104.9128
114.1160
119.6789
82.8756
119.5905
111.2157
137.4227
128.5050
134.7087
135.8266
117.0005
115.6906
103.9237
102.3783
354.6568
354.3250
103.7762
124.5447
127.3065
128.0349
109.3738
96.0235
97.2928
72.8717
7.4254
17.6235
283.0581
357.7765
358.1315
126.0837
94.0338
129.2108
117.3288
357.3699
359.6939
114.7471
344.9199
113.3647
113.8625
4.0410
13.6011
120.2583
133.8022
111.9369
110.5515
136.5371
129.7759
95.2218
103.9442
1.4719
3.7726
304.8154
110.9226
358.8551
359.9356
131.4571
359.9147
130.9162
358.3969
117.6257
117.0142
131.0947
118.3590
118.3413
359.9131
359.8469
128.6776
126.3909
91.9747
98.8651
109.7456
354.7145
124.1013
3.4213
134.5473
126.5623
0.7371
2.6700
126.3866
124.8676
144.6905
133.3206
133.5426
129.9817
130.2103
127.4237
128.7332
128.4289
121.3023
130.3349
122.8821
105.9533
130.0295
124.5882
122.7869
130.8241
126.6470
126.9106
132.1076
130.7300
132.2139
129.1509
359.7808
130.2156
135.3759
130.2872
132.6864
118.2070
126.5443
112.6043
134.4712
133.4197
132.3820
131.8389
132.0528
133.3821
301.9340
131.8985
122.6785
122.5020
126.9637
130.1523
124.5803
129.4939
133.6870
124.5613
128.9729
125.2305
127.5284
126.8574
120.9104
130.1329
115.7088
354.1892
12.2497
96.3380
20.9293
34.4956
84.0299
350.7784
326.1008
108.7586
109.5634
307.4907
12.5340
30.0985
57.2697
116.5613
124.8786
124.7447
93.3999
100.9016
118.4693
121.1674
5.1338
4.7522
120.7012
114.6011
117.8803
121.4518
57.2944
117.1740
0.0701
66.3040
119.8076
119.4471
298.7348
94.6576
94.0386
125.0442
121.7672
114.4892
124.5327
121.6597
121.9220
118.5685
104.5861
0.3361
116.1089
132.2615
132.8543
120.2843
106.7440
101.3586
109.3064
114.0396
130.7003
140.2416
96.7495
120.3182
118.9391
127.2099
93.9699
2.9870
111.3828
117.3983
339.2952
329.4865
124.3085
136.8987
134.0736
132.4031
305.1966
113.3277
118.8522
122.4097
79.4807
96.7698
131.2988
129.9549
359.0628
357.1576
116.6432
111.1026
354.3186
359.5864
358.6549
127.2968
114.4090
113.6076
116.4231
104.7065
124.8692
317.3593
126.5965
125.4016
123.5252
124.8848
109.9544
359.2427
59.4351
129.9633
126.2704
135.3058
118.7322
321.3705
342.7392
308.1350
138.8402
92.2225
0.0805
165.5971
352.6242
359.3639
0.5863
131.3410
130.3666
96.2712
102.4138
128.3606
126.1857
124.5448
108.2574
123.3589
0.3676
119.1729
118.1982
134.9061
123.2641
359.7397
18.4219
109.9817
111.4792
130.1592
291.7968
327.5829
127.8738
359.7457
357.4853
350.4530
3.6368
355.4154
14.0039
131.9807
106.1352
121.0803
122.2461
130.1591
146.1652
9.3635
135.5560
129.2577
131.9329
134.4808
120.8218
116.9726
123.5973
117.6916
128.1141
132.7897
128.8139
122.9166
4.8425
12.7447
136.2263
127.6514
123.3564
126.8377
359.2215
110.3807
129.1414
132.0565
127.8655
132.4177
75.0420
129.0986
108.1685
100.3741
126.1267
125.1979
128.6100
359.9905
120.7761
117.8430
130.2620
133.5194
123.0876
121.8942
112.0009
123.4937
61.2676
125.1922
44.8958
131.7717
131.1269
126.8981
129.2378
114.2994
348.8469
122.3488
138.2796
126.9049
128.9653
128.9886
134.1020
123.2093
96.9054
123.6412
119.8265
2.2146
19.0689
85.4718
98.4850
86.9810
115.2675
5.5022
32.7858
141.1733
342.5409
112.0749
132.6567
123.9528
125.3439
133.1935
130.9056
84.4401
105.1830
106.8108
113.9122
132.3285
114.3115
0.9522
2.0888
130.4760
128.5473
85.4119
86.3622
121.9991
120.1180
120.6360
118.8679
135.6778
109.0720
128.6365
132.7392
294.4868
126.9787
355.5927
115.3961
119.3213
354.0483
82.7155
126.9786
127.9507
354.7642
0.9556
104.0634
136.1602
135.6495
115.7979
2.1646
126.1091
134.9849
123.9602
115.2285
104.2130
142.8706
170.0473
121.1553
136.8635
1.1138
358.1541
133.2597
124.3368
127.7651
126.7264
75.9860
14.3029
341.4520
118.3264
35.0616
113.4734
325.6457
321.3375
117.0429
128.7180
116.9231
122.4760
124.8260
341.5260
342.3819
100.2805
109.6749
144.8840
346.9359
125.9282
329.3802
106.3697
124.0649
119.2121
121.2865
353.1013
344.7392
129.6589
127.2240
127.1780
97.7997
123.6797
124.3209
119.7293
134.4800
134.9709
106.7987
132.0423
130.5331
130.5128
135.2348
277.9318
100.8057
129.0804
124.1708
133.6032
345.2978
341.7919
128.4835
132.2381
135.1805
128.5194
127.6454
132.8820
127.0242
103.5009
104.3108
132.7402
131.5567
110.0443
129.2142
115.5166
113.4523
136.0352
118.8861
133.3282
113.9373
12.0438
122.6670
109.2809
84.0956
118.2997
124.3894
128.8149
129.1043
130.3248
135.4964
127.8562
93.6774
120.6421
127.0058
130.4934
130.3423
358.4190
125.6069
124.2877
120.2289
116.9604
136.9303
359.8662
125.6127
126.6932
113.1659
117.3962
172.9498
329.0791
124.9841
120.6185
127.6009
124.9039
124.0746
119.0286
123.5259
126.0533
119.7952
13.2677
135.7425
131.4346
120.3039
109.2219
124.0347
123.4897
120.0375
124.5465
126.8265
124.9821
104.3181
124.2172
103.7872
296.5318
108.7065
111.0833
111.5275
116.5493
64.6290
359.9566
359.0121
116.6401
122.2213
131.0600
111.1227
349.5754
127.7600
129.1966
121.7600
110.0782
108.5562
105.1638
147.0200
348.0302
101.6720
107.8598
128.6607
355.9250
357.0382
128.4630
131.9872
340.1830
126.4277
111.6979
112.0636
123.1011
131.7198
117.7781
125.8598
147.8924
155.6269
123.9612
358.8307
122.2433
123.3884
105.8113
136.9047
163.8838
346.7820
132.6806
124.8904
133.9702
0.1889
128.9627
132.8908
147.9312
359.0589
106.1391
116.1396
114.5044
116.6082
118.1197
117.6645
118.5722
117.8455
123.4282
123.7843
130.6783
119.9134
126.8455
127.9824
135.2003
133.9157
112.7332
125.7775
131.6887
110.2101
123.7338
20.7129
351.9729
123.9917
123.1770
28.5133
13.7168
127.0850
117.7065
129.6438
131.8229
114.5032
113.5598
121.0678
121.5274
122.3292
120.6002
75.8776
118.8614
121.7174
119.1378
170.9119
116.8041
120.5768
118.1963
132.6932
130.8585
320.2251
326.8714
20.3216
3.2705
128.6964
126.7161
122.2967
121.7777
122.7650
143.2504
118.3542
106.0309
128.8831
165.7804
107.3042
109.0531
131.3810
115.1691
112.6006
355.0799
114.4193
39.9023
111.7638
119.0395
358.0110
347.4976
107.7251
123.8688
121.1546
134.5280
128.7816
127.4563
122.7214
140.6487
132.8925
124.2960
127.2081
119.6071
113.9320
115.9984
132.1155
135.4409
114.1285
22.7937
117.8282
123.8451
132.7818
118.5044
129.4850
115.9002
126.2440
133.5947
134.4188
134.6244
136.0244
135.3790
126.1452
122.2840
96.2699
109.7488
101.6197
133.4036
131.1484
135.8562
131.0012
115.9649
130.9939
130.5079
0.2727
110.1157
117.9125
123.9248
124.8728
129.1374
2.3281
24.6231
120.1478
129.3442
134.7646
133.6946
113.7088
116.7624
118.1535
117.9969
90.6416
126.9976
79.4406
114.3247
358.3333
358.4442
125.0090
121.0101
135.7727
130.8869
121.6704
114.0903
126.1416
133.5489
136.4175
121.9898
323.8040
142.6169
122.7636
114.8706
126.3306
130.0171
132.4785
130.4502
124.7385
40.0733
97.3628
115.7735
343.5957
142.8440
133.7271
130.4949
121.2227
121.4073
302.6452
123.3770
59.9730
6.9134
133.1435
131.3287
116.8065
116.2974
132.5091
129.5297
135.9091
135.7208
299.0829
128.3006
123.9672
135.0192
125.6541
123.2557
156.9142
356.3829
134.1551
107.0531
118.6005
135.3332
127.0075
125.2302
124.3777
91.5287
119.6328
125.7093
116.3294
2.6924
347.9932
129.7260
128.9981
331.3516
0.5054
108.2298
133.6236
119.9899
339.1248
352.7307
120.6059
117.4692
356.2755
109.6451
3.6872
57.2908
122.4514
121.1606
126.7282
122.7518
129.8727
129.7466
97.6587
111.2176
132.7212
131.4102
136.2980
142.5358
125.4500
132.8981
137.4149
104.2770
99.1009
130.4691
128.7470
0.8650
3.2318
119.2899
117.2748
6.3663
138.2702
126.3237
126.3438
130.4238
124.3631
313.5264
311.5885
292.8652
290.3868
356.1763
348.4731
129.2241
135.7010
123.8035
136.1495
124.9937
119.4098
344.3695
352.1697
134.0482
20.9913
79.8374
352.9841
90.0175
113.6631
331.0457
349.3299
61.2903
129.1738
130.7460
343.4259
30.6498
113.5855
111.4029
130.4366
129.3092
124.7261
120.8003
70.0659
31.0577
123.2577
359.5176
140.8575
333.2383
126.0291
130.7427
118.0604
112.0374
126.3904
20.5843
9.6562
102.5832
102.3864
116.9816
353.8746
131.7242
128.4737
348.0979
353.9398
29.7549
1.1259
87.7688
359.4430
0.2596
39.6759
98.0985
113.6981
105.5741
122.5356
130.4454
356.8113
65.5514
126.8161
107.6404
112.2749
126.3427
121.4907
121.3430
125.3022
128.6997
134.3888
134.4944
0.1269
117.3149
95.5564
344.2049
123.8355
134.7622
130.3270
6.9217
81.3866
107.9020
116.0877
359.5520
359.9367
345.5545
120.0000
119.0407
96.0686
97.3100
162.9425
2.2696
107.9123
111.7904
133.2984
122.6366
125.1214
320.1239
128.9092
0.3600
0.4702
114.3701
18.0111
123.6647
119.4275
5.6089
58.2668
130.5040
129.8633
355.7757
123.8501
154.8323
8.0012
358.3515
358.2697
3.8655
354.9214
117.1092
113.7793
110.2727
134.6416
357.2239
97.5516
359.0715
0.0780
309.1661
309.6713
353.7265
347.9398
3.9369
359.2613
347.8882
348.6502
358.0740
353.5620
124.1184
126.9467
125.6902
133.5588
122.3171
117.9411
126.9292
128.7217
112.5376
354.6764
114.7474
131.8794
332.7772
134.1278
111.7998
122.4774
119.4284
128.6647
123.4353
118.4051
131.1729
5.2564
5.8674
131.2339
131.9532
101.5265
136.0688
133.3546
134.7997
107.4472
118.1537
8.7502
122.1798
102.2635
6.6595
133.7295
134.7808
120.1625
133.0526
292.6827
299.3077
130.6148
117.3097
106.0772
116.6178
357.2996
101.9339
108.9816
127.3763
122.9320
22.2436
12.6662
127.7853
4.8125
1.2284
358.7518
19.3572
101.6130
10.0060
355.7900
320.0685
104.7710
133.5098
133.7979
135.2082
113.6626
118.1035
125.1721
129.6884
92.9589
118.3108
115.7457
119.0349
154.0446
60.9271
127.0068
344.4809
99.4078
281.8024
126.4374
131.1007
129.9794
342.3280
130.7269
112.1403
107.8223
350.3821
80.1041
1.5374
2.3094
124.9548
121.2342
359.9936
130.7998
125.2432
351.1995
135.2242
359.8363
3.1798
116.3145
129.8354
129.3063
359.7595
359.0981
0.5513
355.2249
92.0286
128.6788
135.6983
132.3003
0.0826
358.7373
347.2933
358.3798
118.5840
131.8225
146.3791
40.1565
104.3327
123.4267
104.4340
121.7508
20.2801
17.0646
119.8403
298.1590
117.9289
122.7719
345.6643
4.4989
27.7631
10.1847
3.4363
9.1312
126.7956
100.1973
99.3794
89.8986
82.3756
304.0342
122.8151
356.9410
133.2681
125.2814
113.9416
98.9608
106.7916
0.0973
70.0631
103.5671
22.8333
29.7368
142.7985
101.9770
305.0901
306.8580
4.4535
356.0068
122.2457
125.5665
133.7885
77.2040
111.8218
118.2560
122.7001
128.4845
1.5122
134.7614
77.8663
114.6063
136.3948
134.6364
138.4329
123.8254
126.7640
124.2998
117.4586
123.0940
121.1757
131.1302
123.3054
124.1597
134.0204
106.8611
334.9776
97.5137
72.1515
90.0074
127.7644
353.9340
116.4383
312.4445
121.0621
133.2516
351.4233
310.8601
348.5531
77.1835
293.4457
122.1094
125.3107
346.2370
108.1119
346.6697
12.2986
285.0255
84.1619
26.3170
99.3152
131.0542
122.8717
110.8231
0.0925
102.0974
359.9148
0.2618
112.7553
24.2022
95.9202
20.2912
136.0338
3.5852
26.8118
89.4678
117.4834
334.8175
359.3292
129.0238
131.5679
358.5756
303.4215
102.2727
117.0417
131.2600
125.8562
0.0765
125.2099
127.5037
123.7389
64.4594
349.4834
341.8415
115.0558
128.3448
130.1121
321.5808
302.5962
13.3415
103.2820
134.6047
133.3136
135.8246
108.5041
15.2069
344.7633
308.6323
130.1965
124.4930
6.6106
4.1712
120.0299
85.6676
113.9640
117.6436
115.7055
136.4714
136.6176
131.9590
115.0136
121.2735
352.4483
13.5943
71.1327
14.0624
315.2253
127.8096
351.5542
6.8089
32.0837
127.6992
340.9870
335.4678
326.4885
89.7908
106.4599
110.8652
0.4523
6.5968
350.2491
50.3733
358.2084
328.8733
117.0737
9.0541
44.3533
329.6230
343.9529
118.0365
95.7954
2.4709
359.8792
359.5526
359.7734
0.0828
1.8284
111.0872
121.6318
356.8913
338.9436
96.3614
112.4624
117.8718
99.8567
115.9137
1.1952
5.1531
121.6156
48.2117
0.7784
91.2401
120.8820
0.5073
24.6392
3.2391
19.1790
11.9953
38.7411
358.8433
46.6521
359.4407
0.7354
1.0600
9.4089
110.3856
131.7079
130.3014
128.5431
357.2715
132.1698
124.4813
0.2827
123.0249
43.1300
58.3372
353.5168
353.8890
355.7853
103.2278
83.7931
81.7571
120.0189
122.6655
117.8688
117.6260
113.0775
122.3005
133.2317
98.2301
96.6735
120.8385
123.4124
118.6190
135.7275
122.8825
113.3631
132.3803
131.9046
102.6035
103.8550
127.3159
128.5263
132.0171
129.2693
136.2401
107.5106
109.0287
0.6310
143.7289
124.3522
115.8061
90.5590
128.1773
125.3041
128.4399
117.4309
130.1945
119.8252
97.4167
88.3075
120.2796
118.8813
96.9482
121.3117
139.4463
98.5182
137.2121
121.8759
114.4523
117.4158
124.1197
123.8744
129.6925
124.6730
115.5294
119.9883
132.8935
277.8482
359.1609
119.8468
115.6261
101.3233
346.9809
317.2832
120.8045
76.3185
357.6768
90.4021
130.8861
115.8895
115.4834
330.5956
117.5100
116.6826
113.1515
109.8250
11.1167
114.4198
124.1564
121.5319
111.2547
114.4554
111.6369
101.7375
72.0675
22.3842
336.2564
118.9622
340.4634
16.1626
120.1280
1.8353
96.2727
323.6082
113.6998
121.5874
111.1153
335.6686
111.1206
20.2978
353.4862
134.2608
117.0153
120.6210
114.6681
346.3884
134.5072
129.3694
357.5331
0.0050
116.2501
45.3300
7.1689
129.7726
118.1557
21.6481
7.4623
124.8406
79.6331
120.9315
332.8357
119.3390
127.6828
357.4981
1.6605
130.4049
125.6340
120.1783
119.2674
118.4945
91.2151
101.1076
99.5096
132.7823
355.5133
343.8649
131.6605
120.7503
116.1620
133.9513
136.1934
304.8195
124.1364
127.5214
126.5662
131.1737
127.7776
109.9014
133.6394
134.6510
112.1348
14.1191
17.0621
54.9336
130.6866
119.0705
134.6541
127.2633
129.1873
126.1636
123.4024
122.1717
133.4641
107.2201
76.6842
125.4388
123.4401
122.3010
114.3903
121.6292
127.0072
345.3477
354.2362
113.1835
113.9660
118.8127
117.0584
11.8657
127.9226
132.3431
115.6349
122.4426
117.9393
2.5653
23.3683
119.7605
119.6092
118.6832
356.2446
124.7863
117.5428
0.0119
91.1016
125.8159
128.9624
129.2085
317.2595
358.0096
332.7386
117.8253
122.4126
115.6131
112.4104
326.2605
122.2346
126.1866
117.3399
22.2152
154.3218
121.9300
119.9902
91.5426
121.9482
123.9723
119.0192
107.7089
359.8188
121.4082
129.3606
115.3372
355.9766
114.9319
92.7494
14.4075
325.8829
125.5400
120.7008
115.2810
61.6652
14.8790
7.7175
112.3021
125.9879
346.6956
108.2128
354.4139
120.0711
91.7919
33.0866
112.3198
98.3820
102.4653
341.8095
103.9522
123.2463
97.2345
120.3920
117.5655
132.6451
358.7718
131.6962
124.0412
114.7358
344.7139
116.2439
96.7816
111.4551
117.3775
109.7824
116.1850
341.3115
116.2587
120.0755
104.4152
135.0376
117.2935
108.9260
120.5049
106.6646
336.0974
136.0865
136.0568
121.5886
132.9194
146.6185
124.7958
358.9138
120.1855
128.9353
93.8436
131.9274
132.6011
124.9620
123.5604
130.2917
132.9222
117.0500
120.9113
126.9887
130.5412
128.9628
0.5238
127.8339
127.7426
131.3373
132.9197
133.2240
132.1032
125.5547
123.8846
7.8431
0.4005
75.8468
357.0323
126.1418
128.5509
129.1399
119.4306
126.6266
132.0688
3.9277
134.9827
106.5481
106.9294
357.7933
90.0218
0.9601
119.4985
5.8773
112.8830
128.7114
127.9300
131.5099
125.5535
357.1090
103.5948
106.6542
97.8067
117.3991
345.2189
131.1331
354.3385
3.2758
100.3453
114.8591
134.8174
122.4530
356.9543
107.3537
359.5802
110.9633
6.2255
128.8227
43.4671
129.3013
123.6437
123.6405
128.1302
120.6656
134.7954
125.1734
124.2993
110.8534
111.7335
106.6530
112.4424
125.3646
271.0252
155.7831
357.1316
108.2064
0.7681
120.3245
123.9841
123.9642
128.7323
353.9699
354.5506
125.6023
88.3295
69.8827
113.3680
125.0063
358.7865
135.2501
122.2369
116.4022
128.7285
128.1264
114.4856
0.3345
127.0732
48.7166
120.8468
121.1300
118.8124
99.5251
105.8025
352.2948
103.6237
59.3151
92.1614
116.6256
330.4365
151.8334
3.8567
5.2715
113.2457
0.5181
119.1362
121.0795
120.4938
0.6631
119.0697
126.5150
125.2104
123.9434
351.5008
312.4918
132.5312
131.7117
130.5434
129.6471
108.7912
119.7766
28.1694
1.6454
0.2672
124.7819
22.3721
2.4558
130.3014
128.5367
128.8213
123.9756
123.3440
126.8824
115.7472
116.5591
112.8015
0.3170
58.8502
4.4764
116.4731
107.4781
0.4928
107.7112
141.7004
124.6781
359.7859
107.3493
359.8225
116.6662
112.9497
0.1760
122.3636
121.5003
117.8583
124.4503
129.0441
129.8059
107.0748
113.2872
80.6797
98.1704
8.0035
126.0056
126.8733
355.4098
299.6419
342.6283
359.0933
118.6453
120.8964
130.9591
114.1974
113.1495
6.3479
119.2588
121.8491
338.1031
127.0133
128.6527
121.9889
124.5838
122.6579
123.2718
129.4030
130.0147
115.0840
111.2041
1.4472
98.7989
130.4348
131.8434
123.3120
100.8605
122.6518
118.2646
348.6648
104.5649
132.4034
105.5932
113.5482
121.0576
4.6096
79.0428
359.5958
128.1101
125.6484
5.1802
136.4217
133.3869
3.9446
33.0570
95.8724
121.0322
123.8874
129.6254
129.0152
129.8181
123.4055
358.3109
114.1747
67.4568
93.1357
1.3055
67.8599
124.8487
116.9034
126.4101
120.3075
90.9232
0.0409
130.0588
120.0884
121.7002
131.5111
130.5446
123.9248
0.2601
359.3275
120.5827
114.2243
125.2487
118.0774
127.2840
359.8998
133.9528
131.8331
324.9867
305.3768
121.6711
130.8329
113.1184
0.2942
4.7884
134.9241
95.4966
79.0916
20.3542
128.7555
128.2500
116.0272
118.0659
107.1207
342.5057
285.4059
133.5753
126.1175
80.2270
123.0248
123.4644
118.5587
115.9741
99.3810
1.2402
130.9004
1.6143
128.9663
113.0510
345.8937
125.6446
130.0643
135.0375
122.6861
121.8804
111.9996
119.7588
113.0551
108.0360
130.9193
352.0426
126.5507
119.9230
117.2713
356.1190
134.2676
126.0689
1.3537
110.3418
124.0442
126.9044
105.0702
121.8858
119.5763
349.7776
357.6265
124.9209
1.4124
122.8720
125.5729
355.6877
124.5232
1.4886
122.1632
127.5287
125.8393
128.2202
126.7075
130.3479
115.5074
121.9337
0.2658
119.8608
88.7489
127.6819
130.2917
129.5253
134.4715
102.1554
96.9789
94.3517
126.8973
127.9655
122.1734
124.0048
111.4480
123.7137
123.5324
139.2704
113.1643
116.5626
119.5836
101.3688
327.8588
354.2001
129.5214
125.4491
125.8949
359.9494
118.0001
343.7590
122.4029
124.9881
124.3422
129.7385
121.4095
120.1444
146.3902
355.5548
2.6280
120.0153
105.8812
292.7278
119.0571
117.7899
3.8463
130.7527
118.3181
103.5414
121.8332
132.4276
359.5623
123.1644
100.1130
126.7765
122.3811
5.3809
114.3211
83.8525
116.3495
117.8009
106.6389
107.7747
115.0252
347.4642
121.0001
130.0104
126.0706
118.4946
0.0148
101.6234
125.9849
128.2147
127.7160
93.8040
110.9665
127.1983
99.8215
352.6623
1.3211
118.4261
129.2085
125.4312
117.5512
102.2973
358.8242
127.2736
355.9256
114.9272
90.3839
131.9317
353.2021
64.3557
307.1588
135.1161
56.5322
346.2162
359.8509
129.5913
15.7163
309.0966
1.9457
358.8273
340.4334
110.1122
128.0558
118.0314
124.9914
117.4351
91.9845
38.0161
359.5455
71.1271
120.2108
111.4993
292.1353
91.6198
77.1286
48.7107
326.3262
106.4963
351.6682
178.0126
128.8029
115.6709
299.8302
78.1576
107.7858
109.7563
65.8766
92.7476
98.2345
315.4446
114.3891
296.6661
359.9799
51.8847
121.7802
100.7515
101.3304
122.3730
3.3183
122.8147
128.5592
8.1573
121.6540
123.9668
112.0481
68.4472
25.3133
280.4612
98.9700
103.5963
352.5365
126.9480
115.6759
117.3610
127.1350
359.9756
359.7401
121.0138
122.0209
115.5431
0.1240
93.3472
0.0539
329.2087
58.3465
131.4169
355.3314
358.5227
119.1730
292.5608
113.1896
20.2187
0.5496
0.5116
357.6027
278.7697
90.2132
320.2060
35.6885
133.6056
118.3204
357.5940
358.1569
77.4098
130.7646
113.3018
359.8015
112.6415
90.2678
7.7331
87.8111
10.0929
356.7305
103.0652
102.9984
122.3496
19.9254
355.7073
351.2938
88.7737
312.1805
124.0038
292.3932
120.4680
91.2084
106.1648
131.7822
359.8903
3.0002
127.7844
15.9054
105.1142
358.8117
341.5646
0.3858
280.9392
24.5993
56.6494
137.4971
121.9648
85.2258
134.8543
131.2040
0.3969
112.8388
126.2861
134.0554
0.0641
120.8950
128.5439
126.2637
122.3205
120.0347
126.6641
327.9627
98.5230
359.1364
97.7106
353.4869
125.2016
116.7782
359.7772
112.5679
284.2858
120.7421
116.3230
359.5916
123.7310
124.4489
358.6188
275.0146
129.6665
60.6227
122.3403
113.9619
110.2525
108.5781
130.6568
118.8070
105.8022
91.2483
102.7669
128.1231
117.4569
7.4809
107.3794
111.6522
91.9201
104.9193
121.9924
128.2318
120.6416
124.8758
326.6841
126.3910
133.0115
128.9396
357.9837
94.5277
310.7127
11.2829
117.6770
114.2728
130.8892
117.7788
359.9999
127.1099
355.9985
90.7868
126.9652
127.6099
359.5947
83.9685
314.6770
105.2400
125.6627
124.3910
123.3555
1.4288
318.3269
124.7099
91.2562
359.0654
142.4440
347.6277
356.5544
34.1937
100.6933
118.5642
339.0437
122.8601
0.0294
133.7965
348.5740
354.3838
121.9593
348.8563
129.5638
131.7999
116.4403
122.1474
127.0119
127.4090
129.4324
121.1298
136.8697
109.7242
125.0589
126.9912
4.9051
14.4497
97.3914
103.7483
130.1647
123.1295
126.0200
125.1838
347.1594
92.7102
136.0482
136.0830
118.3928
122.6231
99.9058
0.8034
128.5580
121.3318
7.3221
125.5291
303.5405
107.8746
109.7436
107.9276
93.7164
104.8691
115.4791
113.4883
123.8502
134.6785
107.6273
98.1160
359.2773
101.7807
89.2103
122.8514
114.3410
112.1950
128.4739
123.7927
0.4011
355.9131
111.0741
109.0852
133.1301
132.8262
109.5771
124.7948
125.3199
114.3347
109.6629
118.7400
117.6545
110.2015
64.4273
128.4435
125.4924
133.2962
120.2240
126.7545
134.9386
133.3870
90.0297
307.5986
122.0812
118.5109
123.8807
111.6581
24.6117
131.6714
135.0040
334.8055
108.2775
126.4692
129.7406
356.8324
109.7656
126.3113
354.8230
344.3281
289.1126
127.5527
110.3748
3.9476
287.0061
7.1100
100.8226
108.0579
352.8828
111.6611
121.8561
121.6497
359.1892
306.1871
352.0623
66.1351
358.9396
8.4382
128.0627
82.5920
296.3125
61.9835
87.4631
299.3449
104.6332
151.3803
113.3718
124.3854
142.8355
322.6369
123.9422
1.5924
20.6181
128.1117
28.1052
22.2447
355.0510
93.5457
125.3176
126.9157
1.6094
128.2604
133.1189
333.4178
124.0586
349.1142
358.5242
106.3334
359.6067
92.3146
4.5084
73.3862
2.2097
313.2384
41.3608
358.7912
281.7709
357.3364
353.3584
115.6611
132.1595
294.9829
0.0413
355.9261
6.9588
107.9884
351.0068
317.6132
72.9966
109.7504
358.9599
132.2531
130.8207
127.6432
84.1974
108.0822
126.1087
87.1482
118.1575
125.6307
167.9409
122.7681
121.7823
113.4077
112.7552
124.2480
123.8878
80.8805
6.8249
111.6948
121.4850
119.2009
105.4272
172.7864
359.9181
75.7087
80.9349
126.1797
134.9367
88.7109
57.7872
348.7507
127.3807
115.6335
118.5565
111.5084
135.4274
127.2486
125.9480
111.2501
101.7735
121.1957
122.8040
132.3795
359.7145
3.2067
126.5175
135.0202
109.3508
126.9941
12.3582
293.8353
300.8353
130.6123
359.5174
1.2263
130.7240
129.9370
131.5353
133.8412
125.9409
126.0044
117.5497
118.8113
111.8987
105.4095
125.7542
122.0153
295.5439
296.5043
349.9585
7.0198
359.9998
94.4606
97.9143
108.6583
100.2288
97.2132
116.8437
120.6628
110.1844
127.2923
126.6872
2.8341
104.6400
102.8361
99.1642
95.1994
121.3004
359.2549
129.5228
135.1663
134.1526
107.3198
135.8083
129.0364
121.4555
356.5785
134.0394
133.7462
117.4977
162.7611
348.3073
0.0179
112.8603
108.3578
121.9621
105.9507
101.8721
112.4455
108.9137
120.2620
109.2148
111.3824
104.1228
130.2511
98.7151
125.8567
324.3538
121.8810
12.1654
94.6032
338.6018
94.6714
114.1321
134.8616
97.5308
117.5196
117.0335
106.5512
121.2561
120.9891
120.6433
114.4252
111.0193
128.5524
134.7149
111.0710
136.2811
136.7944
122.6697
96.5312
300.0150
359.6336
127.8634
122.8028
126.4973
113.5439
131.4440
132.3283
47.4988
0.5051
6.1020
353.1724
113.6236
30.3100
33.0100
122.0782
90.3254
359.2949
344.0143
357.2170
132.9708
132.9333
130.1119
141.1554
357.0540
1.9988
349.1394
100.8837
342.8842
135.1236
121.0611
303.5922
105.0071
126.1615
115.5208
355.7546
355.8218
101.1234
94.0785
118.0031
125.1724
1.0018
356.9252
335.2212
0.1630
7.1767
350.5517
128.7703
120.2109
135.9748
155.7030
148.1859
351.3663
121.4106
354.7440
356.8349
341.8444
348.5074
124.1896
125.0734
119.5618
359.6304
356.6642
54.2409
132.4035
91.0879
351.9675
2.8078
118.1982
24.8021
148.8859
124.1994
123.5613
302.4056
127.0888
122.9364
130.9004
133.6193
106.7549
123.3860
333.2635
126.0608
129.1204
135.0400
135.1954
112.5436
125.1146
105.4397
128.4870
0.1147
130.8445
128.2180
133.0270
130.5842
135.1197
134.2256
122.7845
119.0247
134.3587
336.7984
130.8107
107.6273
136.2099
116.5279
133.7155
119.5689
135.4031
134.5834
129.0918
123.1947
120.6682
119.6713
134.3468
122.0728
132.0364
130.9871
130.5057
132.3791
135.0142
359.8196
359.1522
129.1019
117.5338
121.9352
120.0964
152.2612
105.8055
74.3715
348.3374
135.8148
136.0951
136.2447
134.7070
131.6138
129.6007
133.2436
131.2335
129.1696
0.3390
110.2234
132.8186
131.4013
352.3192
130.1470
130.5436
96.0685
99.9640
130.6563
123.5467
134.6772
131.7425
114.4027
127.5700
108.3160
119.6723
116.7884
328.5178
136.0708
128.1565
142.1644
109.0892
342.4230
128.9176
130.2997
132.0601
123.6223
110.2808
104.8591
127.3296
132.7900
128.9172
132.0097
118.2635
15.7544
297.0391
111.5346
128.6390
132.6321
135.0609
130.9061
3.3199
128.1994
127.7465
125.4710
163.0648
165.0732
135.4572
128.2010
132.6785
126.6533
124.5448
126.6534
124.6441
130.8805
51.2064
66.0944
357.1058
12.0091
305.0621
309.9573
106.4379
122.0715
123.3396
118.8719
113.3584
345.9526
357.4135
127.8800
133.2155
125.2307
107.4519
118.7465
352.8408
299.1539
113.4274
102.0039
92.8861
355.8018
145.9023
2.1591
133.5467
104.6689
79.8637
129.4758
123.4129
349.7765
296.5530
3.3728
138.1005
120.6375
284.3107
133.2582
359.9299
135.7936
1.7594
122.7448
111.9207
111.2281
108.6686
129.9071
125.6071
131.7912
95.8058
133.3000
98.0897
133.8936
130.2065
109.2871
12.9625
114.4723
354.7768
98.0000
0.1855
124.2359
124.3600
128.6122
114.2261
97.4591
135.7815
132.2277
112.4140
117.5671
123.9224
123.5128
119.6177
128.6831
121.4676
120.2629
126.1207
21.0214
306.0477
97.9138
113.1154
32.3104
132.4041
123.1387
8.4038
126.8857
124.0330
76.0379
131.9461
116.5164
329.0701
336.9960
358.1408
359.1150
26.9361
132.3913
128.7154
97.1750
131.4709
119.8471
120.0289
0.0936
308.9719
153.8949
15.7247
123.2576
122.0870
102.7135
353.5238
359.7263
94.0572
316.9298
323.8943
0.9927
4.3344
8.2658
124.9734
115.6647
129.1313
112.9583
120.2265
64.6058
1.8014
282.4076
139.7267
357.1571
117.3706
133.3225
159.8129
354.9251
359.4678
340.1900
340.8633
112.1249
110.0184
122.6392
104.5849
117.2341
84.7241
114.2839
117.3805
331.6546
123.8395
131.5641
132.5031
116.6988
128.7183
348.9692
344.3144
351.7113
352.4692
359.3656
359.2238
115.9561
121.7116
127.5899
128.3934
120.1827
103.7188
112.4674
355.3100
357.3277
359.0334
121.9745
353.2736
110.7658
356.8928
359.2458
357.5064
124.8574
100.3274
354.2003
6.4604
106.8578
346.1020
142.6191
120.7001
344.1104
341.2737
134.5743
119.6037
127.3805
26.3351
121.9894
127.2331
133.2223
112.0633
96.9248
121.2650
115.7120
102.1481
123.7429
114.3660
126.4353
125.9170
99.0461
118.7254
356.2863
356.4870
134.2176
132.8782
123.7784
118.5903
111.5549
129.2100
341.6946
352.2344
118.9537
53.1250
120.7736
124.1278
104.4906
89.6389
136.0754
136.4238
125.4836
122.7992
106.2628
103.6460
120.0458
118.9931
3.7678
115.5057
113.4657
118.9010
117.3562
15.1218
126.9528
136.6450
319.4376
348.2922
113.8901
112.7104
134.3128
133.9965
2.7015
126.0245
108.1639
350.2379
111.3097
115.3204
130.3674
124.3928
140.8118
326.3305
133.4297
4.3709
0.7050
160.7381
163.7691
119.5189
126.7852
29.5118
92.4060
16.8309
352.9946
129.4293
129.7936
107.4576
315.6677
90.0995
359.8829
359.2387
10.8471
111.3183
122.6289
117.4174
128.2614
133.9726
124.5363
115.9186
133.4353
132.2618
133.0016
105.4813
129.4044
130.5662
122.1789
135.1850
128.5354
120.9021
133.7817
133.2123
131.6307
130.5628
135.4069
132.2189
131.7609
134.2215
134.3028
136.4158
121.2842
124.4489
128.6207
60.0408
115.8866
111.4320
13.7708
133.0338
132.8001
132.6732
135.0652
134.1014
134.1636
131.8055
136.2651
133.9156
121.8017
132.8002
128.8637
112.2197
128.7200
127.5496
78.7346
9.2541
128.5541
134.6791
127.2663
137.4071
70.3508
123.6296
133.1001
24.9510
117.8931
110.6656
347.9730
317.6560
131.5502
132.3213
93.5002
100.5584
121.0514
301.6358
126.0050
124.0890
77.5098
129.8081
124.1152
125.1872
123.8180
130.6641
117.9199
126.5318
133.5380
107.2501
113.9009
98.5822
320.4671
1.3559
112.1818
117.4646
123.7538
113.1799
112.4120
355.7410
352.6598
126.4960
135.6837
124.5303
328.1400
146.5512
128.2920
359.7420
354.2718
352.7424
137.0458
135.1873
113.8566
97.4934
125.7737
105.3511
93.6256
116.4150
109.3367
101.4562
113.0549
353.8145
128.0784
109.0813
110.6581
105.8784
3.4935
112.6128
115.0729
116.2797
318.8158
5.9593
291.0243
108.2204
286.7348
1.1532
127.2644
341.9349
130.0604
79.7300
129.1882
98.2018
120.7426
120.0509
80.6699
91.7497
71.0362
350.0138
111.6788
130.9694
103.1042
90.8313
111.2906
18.4481
134.9261
102.5325
123.8019
123.4924
0.0470
121.0163
0.5989
123.5310
359.9441
358.6250
119.5758
43.6707
312.4714
359.7863
127.8366
0.1220
135.1863
121.1282
131.5547
122.7160
1.8297
143.4406
15.8736
103.6789
294.6419
119.5331
