349.5018
276.4560
9.7260
119.7930
90.0141
106.2060
359.6638
359.6646
329.0227
353.2582
129.1372
127.3334
90.2101
127.6042
126.4251
0.0709
116.6914
79.3823
90.0087
117.5818
6.8385
10.1925
356.5035
324.6440
101.4458
4.8870
94.3758
89.9654
336.8033
359.9359
357.7212
355.0883
125.2162
103.4761
95.2455
111.5672
24.8372
356.0295
358.8513
26.0245
330.9504
114.6900
101.3164
126.3185
109.1441
353.2269
111.8506
43.4944
119.8922
298.2775
102.0608
128.4817
96.9628
114.3406
89.6872
127.5683
57.4689
343.5677
128.8725
127.9888
126.4471
132.3213
3.2174
5.4986
107.6540
122.8189
105.3524
120.9192
121.3680
0.0801
126.4806
114.1940
111.1510
112.0817
118.7330
99.9858
358.7557
85.3533
9.6616
124.7079
136.2036
13.7618
0.5739
123.6883
103.1918
104.8709
1.4840
127.1609
127.7132
132.9082
2.6664
2.9020
352.7277
356.9987
122.3716
356.6510
318.7675
123.5842
125.8759
8.4690
13.0423
64.7618
54.5153
119.3503
128.1468
126.4433
124.0718
121.2050
131.6933
132.2338
119.7217
116.9795
129.3787
127.9605
125.9682
127.9843
91.9376
358.2973
310.7068
118.4860
111.2370
129.8709
117.7041
117.0729
136.2371
115.9657
1.9065
1.9530
114.3314
115.8357
116.9194
113.1182
115.8934
115.7946
118.3779
13.0098
18.4571
135.9379
136.3546
117.3078
131.9025
131.9125
118.3453
118.8518
103.1431
108.1685
102.2512
101.4937
124.9572
129.3822
122.4815
124.5191
117.1549
86.1418
109.1194
18.6995
118.2260
122.4501
65.7966
127.4242
128.3430
135.5486
122.8285
126.3023
118.6722
0.0385
3.0978
135.8635
113.5390
333.5809
347.4212
359.9873
359.8989
347.1658
341.8589
125.7847
108.1862
136.1351
125.7773
317.8878
134.6150
92.9845
86.9141
124.1890
123.8423
359.5465
359.3405
355.7210
350.8515
127.2973
353.6748
132.7428
137.3724
3.1848
130.0726
121.5742
352.6103
350.3997
134.1262
126.4357
112.1917
132.9848
98.3131
125.6727
130.1733
128.6591
137.2172
116.5813
5.7875
51.1132
128.0526
126.9049
0.1698
130.1269
130.2056
129.0699
131.2943
127.2928
127.2259
125.7544
121.0900
133.8850
135.1559
27.7041
346.0634
120.7948
97.6087
113.0333
128.7951
130.4800
131.6456
128.7124
131.1105
354.8516
23.5762
134.2979
134.8200
110.2344
127.9935
125.6768
320.6391
116.2217
131.5676
135.2771
132.1008
133.2644
132.0036
110.5735
131.6716
130.0943
133.7627
117.1536
135.4196
132.0410
117.7923
131.7268
133.4015
124.0468
94.9455
130.6403
126.9200
130.9402
112.9758
132.3310
109.2825
5.3955
96.4353
77.7353
69.9777
351.3859
83.5190
116.4278
128.2018
123.0756
122.7525
120.8983
58.0838
62.3310
60.3861
116.9726
121.2712
125.4605
112.3068
97.9703
114.8803
108.5290
83.1333
350.1961
119.5312
115.1337
112.8025
89.7549
358.8996
129.2854
1.6361
353.4942
122.0547
124.2565
115.5115
96.8421
92.7523
128.1962
129.0985
31.2493
119.9376
101.1351
126.8443
106.2883
116.9902
352.7106
104.4423
133.0052
107.5148
119.9365
114.0795
116.6566
118.7178
118.8186
60.4047
64.6183
102.9716
115.9607
113.7436
126.3482
104.7506
357.1728
110.2390
108.5806
131.2992
128.3388
123.9242
126.5467
134.1177
134.7064
114.1150
115.0221
133.8541
134.7309
121.5344
119.2907
133.9226
118.1351
1.8206
0.3024
38.2711
113.1503
358.1048
170.2622
357.7133
172.9963
114.6974
116.7291
129.5156
110.2810
325.4774
122.3872
124.4072
124.9913
126.0964
48.0120
23.0200
6.5914
353.0724
347.0622
4.2283
339.8845
58.8524
135.6103
140.8736
123.5550
125.9967
18.0887
0.8563
120.5140
122.7875
168.0251
356.7154
126.2213
123.0284
98.9446
358.1480
120.5384
126.6556
133.4859
130.3551
331.0740
333.2629
307.5302
3.2404
98.0591
124.9836
355.5611
111.5828
117.5397
109.2888
129.3422
119.6384
125.3544
129.8397
132.3843
124.3317
126.2358
348.0140
131.1086
117.8865
93.9700
87.1436
121.2368
120.3150
138.0433
14.1003
358.7439
105.2581
5.2866
97.0975
92.5504
120.7744
115.8672
14.4094
7.9618
112.7366
13.6760
97.6998
101.3250
0.0668
359.8373
123.2452
115.4854
130.1750
125.4533
106.7489
114.7081
127.8020
127.0299
135.1991
135.1741
103.3014
110.2625
104.3552
119.5686
125.2426
122.5677
53.3032
359.9999
134.5868
134.4405
134.6295
131.0058
134.8630
93.7257
101.6219
116.9487
84.0090
127.4504
6.5372
124.9215
123.0780
130.2511
119.1593
294.3784
125.4037
126.6955
131.6521
132.6787
129.2945
128.9485
125.5280
125.6716
16.3064
107.6477
119.5466
358.6583
8.4970
111.5298
99.8880
21.5313
48.8968
288.6742
107.6402
1.9111
348.0372
121.4604
121.6300
134.0322
134.2912
134.9203
134.4988
137.8380
128.2102
111.9046
122.2145
130.8213
130.7111
0.3250
352.5050
125.1345
125.7623
101.0216
105.6936
117.0825
113.6208
118.4116
118.7708
339.5703
108.2399
126.7822
128.6270
113.5065
109.5919
122.7163
118.3568
3.2674
10.8717
76.1592
114.7602
357.0004
4.8340
28.6788
127.9945
135.5581
112.9342
124.9176
127.5213
341.2998
348.8939
82.7087
94.6242
332.6474
357.5874
356.7762
129.4729
132.8208
6.1375
11.0467
125.0893
126.4602
86.1085
123.1339
355.2731
354.0080
129.5653
121.7724
343.2912
74.1247
124.0250
125.7149
129.2337
128.1043
124.1114
122.8034
118.4536
39.1628
102.5849
113.0108
117.8427
352.1270
354.0242
126.5090
111.9102
121.8991
133.5560
128.5583
128.1445
127.8294
130.5480
132.2359
118.0566
286.4052
358.3664
359.9665
127.1173
104.1754
134.6793
134.4666
130.9454
129.8873
130.3496
135.1533
135.3118
299.0160
111.5676
134.4108
134.8078
131.1339
134.6922
1.1007
133.6685
133.1900
132.4005
130.9695
127.9320
135.0934
138.0696
73.0639
131.4043
133.2908
132.0609
120.1378
123.7589
122.2295
113.6604
354.4537
124.7556
135.3099
111.6565
2.8014
136.3905
128.2337
120.6463
129.0134
131.4679
132.6334
130.9431
132.9025
116.2097
134.6918
102.3128
110.9908
124.3954
125.4671
123.2643
353.4475
123.7778
125.1914
97.3831
115.4407
109.3018
0.9162
122.5480
122.2902
305.3200
122.3486
358.8050
121.4828
126.4845
126.8397
119.9636
117.9367
120.4283
110.3117
124.7958
125.1063
124.2531
109.2585
97.0040
110.8196
121.1126
124.5614
126.4669
127.1939
122.4739
126.6528
125.7493
124.6787
14.8277
121.1092
108.7294
126.1846
98.6615
113.4806
113.7142
119.9247
82.4708
357.9389
343.8308
118.2555
118.6719
109.1641
112.6812
349.8274
115.8713
123.3027
346.4060
119.2186
109.5072
116.2649
128.1621
113.2782
98.3048
120.3336
98.9569
19.1383
109.6511
133.4578
3.2397
126.8355
124.5412
104.5593
123.2109
123.5309
127.2751
128.3922
120.7919
129.6031
127.2322
122.2580
359.2122
119.1529
119.4697
121.2343
136.7968
115.2250
117.5425
119.0913
123.1551
132.9147
0.2037
127.1770
132.6694
359.7590
99.6988
129.8368
119.4711
114.5204
117.5171
115.8284
119.9384
117.7416
122.3480
121.9216
354.7987
127.1837
109.8401
116.7573
132.6438
126.2514
132.4546
133.2622
127.2757
125.4250
121.5110
120.4704
29.7371
349.4846
124.8619
124.3516
359.7377
123.1181
126.7982
111.7649
128.3212
125.2355
125.1627
118.0328
122.5504
121.7108
8.8008
122.4171
54.4478
125.3342
122.3550
121.1683
110.1108
101.0057
123.8613
120.9112
132.1383
134.4827
126.2190
127.8913
31.1856
5.6814
130.8681
129.1425
118.2398
118.8265
137.0998
140.8442
133.0662
99.0661
113.6812
356.1012
99.9127
100.3191
132.8965
115.6911
115.3340
117.7202
285.6860
124.4307
127.1164
120.0649
353.9991
351.6330
123.6538
127.7599
118.1838
118.2195
128.0288
129.1817
95.8181
111.9814
132.9539
132.6648
132.5820
127.6430
292.1236
116.8231
138.7110
135.6565
115.5433
120.7388
120.4079
131.0467
131.0250
130.5995
131.0234
129.3784
133.1112
133.2795
359.3717
42.2481
135.2723
135.4369
126.6280
126.4004
76.2563
70.9635
129.0576
134.0310
135.3482
135.1445
132.6758
129.4591
133.8406
130.8054
2.0092
5.0235
115.6376
116.5101
135.2302
135.0051
132.1795
117.7723
108.4386
114.5877
133.6686
134.4947
120.6942
121.3545
119.4124
119.3025
134.1067
119.6797
5.4971
354.6399
354.2887
351.8701
121.8688
122.8863
134.8165
134.2484
129.5449
123.5616
123.5478
133.0881
132.9435
119.9388
125.5922
128.2080
130.5295
132.7561
129.2177
133.4225
133.2732
133.2647
125.8856
118.1020
125.5482
125.2916
127.7687
132.8270
135.5126
131.1227
117.7584
117.5216
303.0731
124.7035
2.6114
359.7077
133.9453
134.4254
124.4362
125.5561
130.3010
131.4648
136.2296
136.2876
92.7096
127.4261
120.6052
136.6185
128.4767
128.7247
0.6869
0.4146
132.2579
127.4223
122.5446
122.0961
120.7680
125.4454
13.3885
86.8659
125.3682
103.6591
106.3247
124.7090
123.5058
127.6975
126.8667
359.6711
5.4171
7.1558
131.1014
119.1590
0.2076
0.4226
124.0163
98.2013
357.9314
357.2266
9.5548
104.9258
126.9386
126.6493
127.9198
127.9010
125.9021
127.6832
334.3017
123.3554
131.4238
132.2773
132.4367
131.1666
126.7619
130.8572
131.1195
103.6035
117.1300
130.9066
127.6257
122.9239
123.2458
118.7049
119.0039
110.9398
107.5320
124.8196
125.6529
130.6957
129.0120
131.5186
132.3037
114.8968
113.4261
355.4057
121.4582
127.5003
98.6398
134.9445
135.3122
134.6584
134.5522
132.9698
132.9820
134.0597
335.2731
68.9093
145.0594
90.2693
115.0005
118.7498
2.8314
1.8985
129.6271
131.9560
344.8868
108.4214
294.7476
116.7141
359.6220
359.6222
114.5876
122.0005
101.0937
113.6964
5.5777
8.1697
135.2711
145.4715
120.4053
120.3853
120.4670
133.8247
134.1197
9.0449
10.7887
102.4350
103.5162
310.1934
354.4220
131.2397
133.6549
352.9877
110.8091
72.3811
359.7842
359.9435
1.3698
1.1783
101.5057
110.3846
127.2462
120.5758
125.5249
124.7214
359.9775
3.0769
124.9628
129.4274
125.1564
123.2617
116.8164
115.7160
124.2848
126.4512
162.5318
146.0591
114.8281
122.4399
126.9753
358.7577
117.6444
130.8294
126.1056
335.1046
12.5392
1.3983
119.7822
358.0854
0.7470
0.9935
117.2787
116.3434
118.4347
112.2592
359.7788
2.9108
96.1334
117.3746
124.1236
121.5345
120.0467
123.3917
124.0231
0.6083
1.5331
1.6891
329.0591
359.8819
106.3899
7.6081
124.4882
115.9268
102.5081
116.1592
113.2706
356.6908
355.9780
157.9608
357.3310
101.7653
353.5646
304.1227
109.2081
130.2932
128.1488
106.7011
84.6314
106.1029
90.5074
129.5917
126.5784
2.1596
359.6756
117.6294
359.7772
123.5245
121.3125
106.3672
351.2231
119.4362
101.2451
127.2960
81.5352
100.2648
38.8504
122.5524
336.3742
111.8068
129.1216
107.4339
122.3880
117.2253
117.2743
122.5506
123.3079
119.9247
87.7799
115.8983
126.3963
134.3144
100.2648
15.4072
135.2340
135.8833
95.6869
135.5641
107.9544
137.3952
108.0139
116.9763
13.0170
124.0974
98.3399
84.1788
101.5568
113.9085
127.9649
128.0732
112.0316
298.7989
131.4041
127.4790
105.9462
112.7174
115.4722
118.7266
112.2061
124.0764
115.7492
1.2202
354.2646
357.1770
359.3513
358.2326
1.1637
1.3317
2.5473
2.9381
114.4612
123.2431
81.5779
99.9486
99.5875
106.9867
114.2833
116.6895
128.6210
129.1892
2.3007
132.6782
350.7886
156.9301
2.4677
0.5878
136.5445
136.0030
129.3458
129.0699
132.4939
135.0576
130.0772
0.2104
131.0992
129.3950
321.0890
116.5368
153.4686
5.0985
87.7091
127.9499
117.4908
359.6629
132.6351
344.9880
124.6979
132.4403
358.6151
103.6200
117.6396
304.1438
133.0015
359.4795
353.1605
357.7510
355.7298
60.4165
338.6901
2.7969
126.6087
355.6666
353.1218
358.5522
356.7211
133.1385
118.5239
0.6622
0.6020
135.6365
349.0366
11.3243
119.3925
112.7657
7.3260
118.6229
115.5929
127.2281
127.6791
137.0960
1.5213
0.8119
3.0986
0.0913
350.2047
120.0729
127.2402
129.3064
130.6908
0.1394
309.1960
128.0505
358.3610
76.0139
128.0880
113.2757
125.8574
130.4414
88.3089
84.9890
302.4835
116.9714
2.8421
119.1671
102.8723
131.6321
299.5814
0.6079
0.8885
2.0254
354.9587
16.8381
81.7709
123.5465
125.2109
129.6315
125.0886
151.1073
332.1297
5.3583
114.6566
136.0285
136.2169
129.9498
128.9643
129.7294
126.0310
124.3579
124.0909
134.9877
128.8466
122.7695
128.4975
132.0314
132.6510
116.2143
277.9562
100.0162
90.0137
129.9076
351.8696
104.5633
319.3523
123.3912
156.6406
138.3332
126.5370
140.1791
95.8916
116.6830
117.0596
129.0509
4.1672
109.8078
357.7567
44.0550
3.1453
96.5307
109.2670
9.0856
132.3484
119.8029
73.1924
359.9998
283.7855
359.7446
0.3647
126.3647
1.8420
102.1352
3.1655
347.4192
357.5642
2.8867
90.0071
123.8714
140.0725
359.5793
125.1892
115.2388
358.2371
294.9098
108.3602
116.5956
121.3403
126.6054
0.0432
126.7409
126.1198
108.2123
308.2447
127.9619
125.8191
118.0842
133.4371
132.9817
124.1166
124.3103
28.2838
31.0132
135.6810
135.2050
135.0354
116.4492
113.4805
121.8908
318.6583
130.4529
122.8355
105.5676
127.5857
132.4151
97.7398
100.3243
118.4170
113.0859
135.5333
134.9601
109.2477
121.9009
121.8458
358.8195
357.6850
353.6185
0.0294
317.4444
130.3735
124.5828
2.2102
4.1038
122.7847
132.1240
131.9694
111.8363
112.9047
112.0606
112.7577
30.3008
20.0250
357.3171
354.9993
121.0829
115.6833
117.8235
91.7152
98.6290
133.7774
133.7235
114.5927
64.4548
121.0766
117.8802
116.3808
2.4054
359.3627
359.0868
113.9405
113.6141
353.6401
357.2052
126.3978
109.4065
121.1057
116.8508
113.4024
120.6017
101.0202
113.9871
122.1942
112.0655
103.7305
116.1461
2.1619
93.9208
98.0097
102.0928
108.7408
15.9100
117.8392
3.6275
120.0704
359.4929
118.7534
7.9151
316.4749
132.4615
121.6323
130.8760
357.9629
125.5829
95.1148
4.3426
106.6360
7.6243
355.8330
133.4717
135.8330
95.8955
35.1878
112.0739
108.2507
133.1122
101.5487
118.2103
43.2874
119.7896
121.2219
133.4253
101.2457
99.4181
115.2799
130.5745
127.8429
113.6973
134.9643
127.6244
127.7687
130.3957
130.0997
118.5572
127.6484
134.6483
134.9833
134.3053
136.8646
103.2402
110.4225
0.4455
124.6453
75.5747
116.0986
90.7700
126.3241
132.9634
132.9023
130.8186
125.8531
128.3481
125.1346
123.7498
122.9473
124.3464
127.4117
126.2397
131.3089
130.4978
359.6820
358.6040
113.7397
121.7258
121.0689
121.5956
130.3712
124.3346
124.4544
122.5500
129.5358
98.6356
357.7538
122.4877
122.9036
123.9826
122.7436
123.4821
129.2804
118.8694
329.3365
270.8408
355.5346
121.0707
128.6816
99.3731
120.2467
353.5521
129.4051
125.2137
12.9803
116.0582
105.7779
121.6980
127.2254
119.5134
124.1086
102.4570
359.6330
106.7174
303.3335
357.7475
129.4869
5.8270
105.7611
355.7107
92.3893
133.2602
117.7625
114.9594
116.3744
340.1954
117.3333
53.5617
352.3128
119.7369
116.8220
102.0078
105.3215
128.1118
359.5389
105.7374
355.5204
0.0014
106.8694
124.3163
3.1674
109.4798
118.9996
98.7731
97.7284
301.7952
101.1905
119.6963
122.2146
117.3635
127.7989
9.0087
2.3586
291.3801
120.7326
359.0360
359.3789
120.3489
91.6568
101.2994
99.3391
131.2539
129.2409
131.4189
126.5823
115.3402
115.9407
130.5913
130.3142
130.3816
130.1723
127.3659
126.6089
135.6371
135.8953
110.6383
135.9053
134.9950
114.1703
123.8483
92.5046
96.4365
134.4143
128.3699
135.8196
132.1216
132.3738
134.6083
129.9878
127.8221
131.6072
114.0258
56.5314
118.6572
87.9239
121.7005
130.9694
127.2971
134.5318
358.8464
358.0566
125.2795
128.4461
122.4575
121.9463
5.4595
128.1731
126.9736
100.1321
125.6999
123.5116
112.6891
25.4663
124.1786
126.1326
124.6359
121.3660
129.2848
129.5936
359.3579
91.2921
121.1882
127.2383
150.1084
121.3122
354.7214
304.7494
116.9831
128.2388
124.7861
118.4190
118.0482
123.7582
130.4967
122.1576
45.7719
350.2154
126.1776
127.6959
109.6754
114.0149
129.9120
123.3276
107.9293
354.4144
124.9915
129.4363
124.2546
357.2997
108.1663
85.1745
105.5291
300.9942
128.0913
126.4299
126.4462
1.1668
5.3026
116.5431
357.8900
356.3491
142.5094
108.4164
115.4447
125.7754
113.4620
122.6594
113.8037
107.8262
121.4975
127.7797
107.9246
122.8543
100.9293
120.3540
120.4003
133.2739
111.2108
131.8706
126.2453
118.4949
124.3966
114.1661
96.9601
112.5004
112.6347
109.9411
116.2911
132.0311
121.3727
131.2014
103.0678
133.9534
115.6538
95.2631
120.1669
107.2757
130.2025
127.1374
134.7408
357.8387
133.8851
107.6198
128.3701
104.9523
109.9526
121.6728
92.0685
128.3756
131.3053
123.8248
105.2873
108.7731
128.6954
106.0609
119.6706
132.1490
125.9350
132.4094
114.7685
125.5655
107.7440
133.7136
122.5289
37.8397
134.3602
118.4195
124.2817
8.4744
0.6112
64.5188
355.6045
131.1254
130.2656
124.8328
119.9248
136.1686
130.7360
4.0642
132.8185
118.4516
102.7481
357.2908
64.8823
47.0538
111.7129
7.4121
110.5256
124.7577
125.7990
124.6073
123.4583
353.9133
100.3184
122.0970
102.5988
98.0775
325.6563
124.6007
318.4594
348.4442
97.4658
104.4617
116.8593
84.4620
164.6487
106.4551
359.4737
111.0393
5.8927
121.8170
81.5055
120.7387
12.9307
119.6940
119.3011
111.9395
125.3347
124.4864
121.6306
117.2117
106.9204
319.7968
113.6852
130.2879
91.2067
138.9603
167.6032
105.4956
1.8091
121.2902
112.4565
116.1558
129.1432
133.3390
107.3622
124.4670
77.5731
99.8174
113.4372
122.2211
139.3852
352.7702
107.1075
359.2785
106.9484
82.7692
106.3651
0.1979
118.2651
346.0164
119.1270
125.2326
117.3310
359.3164
113.1937
352.2172
118.3485
105.2525
35.6243
113.7834
129.5500
131.9831
23.2112
82.0874
108.6219
4.7790
109.2854
115.3458
19.0050
1.2739
121.6377
128.9429
123.3991
126.0836
356.1767
303.2038
131.7572
132.1814
127.9549
352.6335
100.3047
119.4253
40.1358
7.9993
0.4814
124.5632
90.9611
7.4899
130.6299
116.9257
129.7323
131.7366
126.6120
20.5102
357.0655
121.0832
113.1512
0.1083
61.8233
10.4196
113.7964
279.8742
359.1732
7.1767
355.4746
123.6425
359.5995
113.9506
1.2376
124.7339
114.0055
358.2064
131.6238
118.9534
112.4431
123.3124
128.4210
108.8387
105.0720
128.6623
41.0458
103.8832
19.8503
135.0212
350.3275
87.8817
283.4180
308.7921
358.6654
295.8472
115.5752
111.3714
358.0597
118.1026
3.6407
106.6133
117.6348
2.7126
108.1958
125.2803
105.2357
116.9862
110.4541
110.1671
1.6559
14.0655
115.9858
99.6950
359.7900
156.9929
122.7793
127.8722
126.4180
135.2753
125.0905
115.0278
326.0034
128.6901
4.7318
101.8374
116.8001
122.3281
13.6224
82.0816
335.0756
127.3767
123.6674
18.3928
76.9755
128.9330
357.5150
37.6297
123.4099
112.8194
109.7178
127.4428
127.6764
114.5048
116.6785
358.0511
14.9755
125.0702
108.8890
7.2182
356.1586
129.4994
125.3953
143.9561
119.7951
91.5999
103.6029
127.5195
117.6428
20.8448
125.0778
124.3666
6.2389
2.3212
341.9039
116.1320
117.6460
3.7793
9.7623
81.6374
358.7027
134.8273
118.5576
15.5049
309.6636
134.1688
132.5599
117.0270
359.9550
1.9167
125.4893
97.1693
102.8017
31.3900
128.3010
128.9780
117.0653
359.3827
111.8752
121.0835
314.0823
133.2364
127.9627
63.8740
116.6633
285.3881
128.2569
117.4038
349.8632
348.3080
123.9102
2.1907
97.7634
128.0792
354.8354
122.9840
110.9758
353.9116
125.0008
115.2786
113.8476
121.5054
17.6406
295.2640
125.4190
354.2551
298.3887
114.4282
12.6858
342.5011
125.0882
111.3164
1.7546
101.4356
125.2952
89.2761
51.9295
2.6488
122.8513
121.0178
133.2773
126.7945
1.8982
115.8930
122.6338
352.3229
117.7336
7.2570
117.2666
111.9923
123.2951
121.2366
119.2083
132.9180
114.2476
120.7199
0.8003
106.6999
98.5437
115.5919
110.7136
127.5160
37.7956
356.2886
296.0008
119.4146
333.7513
359.5672
122.5358
115.0062
121.3465
123.5405
128.6464
128.4835
112.1670
114.4939
114.6989
127.3820
120.7059
153.2695
128.3399
6.4593
2.3334
359.8808
108.8597
359.2024
135.2318
127.2150
128.2832
127.2651
125.3740
109.9479
118.3960
1.2131
3.7606
124.3169
127.4303
288.1669
119.6339
118.1289
357.6733
329.8979
128.0694
123.9118
123.5398
134.2360
0.0269
1.8377
43.4410
132.5237
357.8206
122.4403
118.1044
74.9838
117.3951
38.1700
107.4858
24.2598
110.9275
309.5266
121.4988
120.1021
114.3825
109.2095
147.0858
281.2645
120.9785
120.4422
137.0975
86.1004
111.8871
127.5082
109.5284
109.6208
7.4005
109.7415
122.9365
115.1695
352.8059
110.9650
94.7515
108.5510
355.5268
115.7218
90.2184
328.1086
98.7846
23.2691
0.1968
135.0754
50.6097
123.6422
359.9406
131.6311
90.9658
348.4347
1.9145
359.0741
352.0958
104.7676
120.9934
118.0008
120.2336
348.1434
89.8839
2.4844
0.0737
87.2164
302.2392
118.0049
9.0037
88.4968
337.2804
15.1642
358.0827
107.0043
347.1357
149.2779
130.5751
114.9199
296.6094
105.2759
102.1163
105.5415
349.5926
89.8943
97.7894
131.3463
116.5530
293.4695
359.9272
1.4701
9.0483
109.0322
98.7529
104.9698
2.5901
106.9708
127.8163
83.2351
121.8821
123.9769
111.9332
6.3941
86.1512
93.2217
77.0618
121.5247
342.9198
127.7380
106.4257
120.0594
127.2797
2.0351
359.6580
107.2367
121.7533
116.7203
359.9273
275.1676
0.0017
315.8940
25.8540
130.7247
352.4395
358.4049
123.6541
120.5083
116.5893
15.4098
8.4233
7.0369
329.0594
98.3590
91.9087
305.5361
1.7037
310.9040
110.7323
359.6022
359.9147
357.9870
130.2831
122.9079
92.2930
9.7203
90.6976
1.2822
90.2081
358.1717
101.7304
99.5926
38.9175
125.2025
358.5308
341.7979
353.7068
278.0164
344.1019
134.0460
110.6173
122.8242
86.3029
93.7186
130.9363
353.3649
9.0454
128.3255
20.3789
96.0076
1.2356
291.6929
359.7464
290.4382
1.5305
48.3044
136.4960
118.1744
356.0572
120.3583
359.7850
356.4288
104.1278
128.2002
133.5590
0.2724
120.3334
129.6157
131.3313
111.9166
123.1384
128.2413
301.0835
97.2034
356.4808
96.9092
0.3522
125.1508
133.8669
359.9324
103.4274
97.1351
125.3556
105.0578
10.2282
107.4499
333.8701
356.4926
100.3766
129.7396
142.5388
123.2742
128.5276
105.1901
105.4027
94.3262
295.3168
99.5388
358.4601
103.0010
128.7401
115.5565
2.3271
102.5248
109.7654
119.8099
281.7040
123.0330
124.6685
121.4404
331.5413
336.2409
112.8982
125.5440
123.5037
128.3039
107.9151
86.3317
353.1285
111.9614
106.7217
130.9447
96.6495
360.0000
127.5567
137.3912
270.6758
127.6084
129.7818
0.4657
284.0192
355.0440
111.8278
128.8833
129.5055
125.0312
4.0501
126.1470
130.2777
120.3619
0.2681
123.8094
1.2083
122.1247
17.1418
110.1128
113.6481
122.9413
11.8082
358.7160
132.3885
128.1744
18.0379
122.5184
132.8779
121.3174
123.0263
104.4430
126.1605
120.6518
125.0033
135.0427
130.8694
355.6773
115.8457
121.6520
116.6588
108.3923
83.9564
95.8763
358.2925
127.8567
125.9665
126.0614
113.2359
128.1112
92.9833
9.6671
354.5099
123.2209
118.4875
143.7017
123.5984
124.4855
120.1996
3.8785
62.2047
119.4166
122.1448
134.9904
93.6034
43.6379
134.9534
122.8546
123.5010
127.9249
359.2185
110.8457
112.6920
359.3605
121.1762
125.3867
125.1738
121.1873
118.5391
115.6021
114.9056
1.2311
359.4612
125.9919
352.6515
133.5863
131.2448
132.6146
118.6986
118.5331
132.4846
112.1587
123.4973
122.3133
123.7710
116.6211
118.2738
130.4194
118.3241
115.2086
314.3674
120.7040
133.1437
90.1287
14.5739
121.7152
132.8656
49.1648
350.7668
5.7672
130.3684
134.1422
31.2711
115.5923
122.4070
124.8213
119.7550
108.3035
298.8495
346.4438
300.7819
290.7545
116.4540
133.0152
338.5891
350.2468
0.3378
102.3088
83.2492
356.3092
119.7366
128.6470
118.7656
1.8764
120.8242
352.6923
90.1034
290.5785
1.9486
122.1960
101.8138
120.8953
356.4083
90.6488
296.3490
109.9257
126.3544
135.3437
323.4816
156.6182
131.6300
129.3777
0.7311
359.9016
132.1487
111.8406
102.8724
357.2123
93.2818
126.0887
129.1113
0.7063
128.1755
129.1042
301.3484
111.5675
1.1458
355.0211
103.6064
3.2094
0.9712
14.1820
4.5182
2.7045
354.3104
1.3188
354.4484
285.9614
359.1529
130.5698
121.3271
131.6097
34.4997
0.0312
350.4320
11.7706
112.2915
323.8531
358.3065
105.7603
96.5195
358.6526
132.3657
126.7557
121.7670
317.2289
124.0310
359.4400
0.3914
119.7305
175.3553
147.0213
122.9634
122.1497
130.7727
127.1576
124.0249
127.4623
56.9108
77.5197
119.7748
120.8479
116.0715
119.1768
107.8591
0.6697
77.3848
104.5516
118.4307
118.7825
339.5768
114.8915
354.6001
337.2086
118.0673
95.7129
115.7852
131.6105
123.1455
127.4959
26.7487
50.1800
128.2543
126.5243
135.2147
30.4321
37.9529
127.8430
129.1831
110.7823
117.2280
78.9732
296.0413
114.1146
131.9880
351.0118
165.8202
132.3740
126.9339
133.5607
132.6525
133.6449
134.5421
128.2105
128.0097
110.2562
110.4443
129.3624
129.1852
111.7799
114.5007
357.8023
141.8060
0.0617
114.0400
100.9876
111.4591
103.2034
122.0504
117.2422
133.4230
117.6615
127.5296
127.0611
0.0535
0.1210
102.5831
105.2224
123.7908
127.0932
125.7223
131.2658
133.1466
132.9153
131.8387
133.3109
133.3587
332.6615
352.9010
136.1078
135.3229
121.7665
98.0796
99.0573
359.9416
95.2361
357.9811
332.4968
121.2595
108.1112
118.6526
120.8806
130.8617
122.9790
122.0580
119.2249
121.7646
101.8623
130.1085
129.2109
128.1774
355.1769
143.0513
145.4374
155.4551
150.1710
135.5435
100.7331
115.8541
120.5127
122.1994
117.5767
123.3925
123.5164
116.6029
131.2122
120.4773
128.7175
107.9295
136.2507
120.2189
127.5603
96.2582
297.3490
89.2749
122.1761
123.0248
127.7927
129.0280
123.7819
130.3697
3.0653
4.4689
338.2593
330.1509
122.4757
10.7458
55.5234
105.3574
102.2184
356.5365
354.4998
115.4480
132.6473
132.6237
117.6459
129.5855
347.3291
0.0558
0.9589
101.3918
327.7741
132.1178
121.4178
122.4312
116.2636
121.9272
101.2485
357.8248
353.2120
100.8212
108.3075
131.1963
129.9910
352.4755
346.2651
359.4750
358.8825
137.8127
351.6003
126.7425
131.3895
132.1195
117.4463
119.1174
119.4695
124.5244
301.2673
149.4411
338.9807
331.6316
124.8082
123.3660
126.9502
359.4907
356.4359
355.5133
131.4527
69.1301
126.8205
74.9350
121.3603
162.7110
131.2396
129.9076
123.3226
124.4098
126.3565
123.5535
130.8817
131.8803
109.2629
131.2093
127.6821
126.9242
127.3250
136.1901
127.7539
89.2557
124.4706
101.9363
109.2707
0.2863
126.0130
126.8986
130.1725
130.5610
129.7840
129.6007
120.2946
115.2897
124.6924
130.3193
130.3291
112.6423
125.5333
127.9636
121.0447
121.2724
131.9196
130.4652
124.8128
109.2986
123.6432
127.1213
135.3086
129.3432
128.2611
131.0424
131.7305
134.4899
132.8198
358.0683
359.1419
133.3446
125.7002
115.8215
123.3676
113.0196
103.3203
131.0631
134.3524
135.4338
135.6792
133.8128
134.3346
135.9548
133.5491
133.0543
107.8150
117.1293
3.6015
112.7426
132.8230
133.6347
128.3846
117.9710
124.8059
96.5338
115.7459
133.5449
134.3772
134.1401
134.8017
134.1804
132.0304
126.7932
125.1281
126.9456
130.4517
136.2150
114.0857
355.8289
118.3105
120.1290
342.1836
133.0806
136.1121
298.1589
124.7130
126.8115
127.0005
129.3728
130.5008
133.4904
133.8298
10.5016
116.1864
118.8376
132.0525
118.1416
118.6307
132.0589
2.3312
351.3277
131.9148
132.2032
99.4607
108.1432
135.1602
131.9830
131.7359
129.4043
126.0944
110.3634
115.2635
60.2468
121.0110
121.9964
1.2067
116.7622
305.4253
2.5218
109.5279
88.1554
125.2069
115.8909
114.3344
332.2069
359.8638
134.2252
126.3207
331.0865
122.0711
105.0963
146.7370
304.6939
124.4278
115.3706
109.9697
355.8102
121.5477
4.4276
126.9937
104.9613
109.1950
131.1977
333.6924
120.9162
295.8769
27.5959
318.9439
123.0990
103.9594
125.8241
359.5879
139.7585
0.4138
121.7338
77.9331
122.1232
99.5237
130.2818
121.4220
130.2645
96.1401
135.0193
104.5792
134.2289
130.3565
113.4590
0.6878
122.9115
108.7646
116.7260
0.7391
124.7684
129.8012
130.8440
115.4169
110.7532
134.7821
120.0937
116.3522
110.6533
118.2962
120.7568
128.2906
127.3124
122.6671
118.7916
356.3718
44.0328
128.7947
98.1878
113.7125
124.5943
130.1914
125.9117
2.0978
124.7059
346.0119
74.7983
118.5554
119.0011
356.0374
339.5030
359.3402
356.1252
119.2139
118.9513
129.1062
172.8636
125.7239
125.5486
124.4247
0.6909
355.6672
353.6176
97.5282
118.4347
119.3683
95.5861
124.4272
0.0560
113.2355
126.3417
130.7410
355.4796
358.3508
0.0496
126.9942
1.2999
130.3558
114.2334
119.2547
3.3764
8.5935
108.5144
359.2917
359.3176
120.8993
127.6919
1.7999
137.3064
359.4981
306.6414
121.7338
117.8673
117.8360
115.6773
105.5054
119.7637
1.3298
113.1617
111.7114
125.6976
121.1147
127.1022
124.6854
133.6182
130.9423
119.8166
120.6591
123.5065
343.7803
357.8135
96.5344
297.6590
292.7569
128.1396
129.7184
357.5118
123.4298
7.3348
120.9083
111.7015
96.8640
126.5603
351.9759
294.6775
354.3573
117.0021
68.5901
116.7610
125.8176
101.4776
2.3199
136.0723
121.9247
127.6249
120.0691
119.4443
0.9706
129.7759
124.7262
133.3667
104.6627
127.7884
126.5179
128.3681
118.7352
120.1997
121.6590
116.9268
106.3111
121.4454
121.6362
118.3708
119.0083
85.4193
115.0262
138.6217
135.1808
134.5688
135.2775
125.5052
121.6680
126.1731
131.7899
351.8545
162.2556
116.8052
114.5196
127.4776
126.1723
124.1702
114.5738
134.5302
133.2638
111.4566
111.6764
110.8483
117.8466
114.0247
113.4695
0.3168
114.8446
113.4484
125.4485
128.0863
53.9202
116.8864
134.2651
27.9147
44.6745
85.6245
120.8749
127.6690
136.1186
120.1723
119.6315
114.5632
355.0882
102.5094
153.7756
131.4157
109.5520
344.1509
341.6224
122.4309
2.7418
1.7572
357.6155
356.6866
117.1767
129.8566
131.9597
153.5826
118.3148
0.4685
129.2664
129.1529
109.6287
123.4241
90.1289
359.7029
359.4875
125.2527
116.7695
0.0348
123.2388
125.9968
126.7095
129.1729
127.2867
128.6996
128.9795
109.2354
101.1480
126.9435
129.0132
136.5584
125.7822
122.1804
115.9299
132.4826
131.9314
115.6890
123.7422
135.0666
130.9169
130.9753
133.6668
136.1179
112.9111
129.2334
129.8303
131.4505
89.5678
41.8921
68.8507
107.6414
134.0675
133.7966
135.8607
135.3008
133.1889
133.8470
132.9934
124.7542
134.0423
118.7631
133.7682
134.8543
113.1557
131.7025
132.6768
124.8768
128.2841
133.1588
132.7284
60.6020
357.3403
2.4728
133.0440
134.2159
115.8954
118.5305
119.9002
135.4115
309.4449
123.6926
128.2303
110.4591
66.0711
109.6024
121.1455
5.8299
124.4810
124.7723
125.6740
116.0358
121.3564
118.1750
131.9224
124.4057
134.1627
135.4435
119.3597
121.0882
102.1807
134.6545
5.0072
116.8400
122.3383
126.8411
115.1710
112.8573
351.0203
324.3414
129.1293
134.4975
111.5732
12.1395
129.1490
131.8248
358.9248
341.5673
0.3247
17.2124
355.8869
130.7481
100.9910
129.6437
105.5080
88.6982
118.7053
110.8762
108.6108
96.1238
112.2620
136.3987
99.8919
116.3511
110.4368
359.4815
98.0675
115.0669
120.9789
337.8328
2.3929
4.8594
14.4204
91.9608
1.9665
5.1004
4.6701
132.1311
98.3036
346.2625
44.1229
129.9503
343.6523
352.9852
99.9511
101.8662
120.6487
5.6158
126.6132
344.5923
357.6893
104.3332
349.7685
127.0538
115.5073
342.9695
112.9048
353.0381
104.8064
358.1864
359.0556
359.9031
358.1255
129.3269
10.6646
124.1548
359.6117
128.2078
1.5821
130.6181
128.2493
355.4249
123.6666
0.0353
357.3511
20.7147
127.0075
296.6422
101.2961
