353.6084
275.5359
6.3766
120.8504
90.0147
112.7768
359.6336
359.6345
353.5416
358.1227
130.2243
126.5884
95.4400
127.3935
126.3426
0.5332
110.1503
90.9482
90.0122
112.1200
15.6041
15.8264
355.9892
345.6527
101.8011
324.5291
274.7408
89.9673
329.5348
0.0596
358.0339
357.0470
126.7085
64.8863
95.7004
112.3044
13.2192
356.6165
358.2547
24.5040
314.8048
104.3516
101.0162
125.9086
99.6083
357.1315
300.8799
48.3195
120.3046
7.3076
104.7880
133.8911
98.7713
122.9595
270.7370
124.4167
117.8927
355.7380
129.1308
127.1367
126.7284
334.3208
0.8207
2.2926
105.6201
120.5912
142.9743
121.1141
123.6391
359.9598
127.5070
105.5660
110.5653
111.9125
119.1713
282.7500
358.4612
84.3177
359.6991
115.7391
124.4585
3.4238
0.6824
123.3306
117.4844
100.3084
5.7877
125.1547
125.2008
135.1697
7.7664
10.9763
352.6852
345.6511
125.9583
352.7901
332.6136
123.1953
125.6225
1.1033
1.4441
44.6502
49.3401
116.2944
131.4313
130.0139
125.4032
123.0554
133.4372
133.1146
116.1550
104.3290
135.2844
135.4251
130.2448
129.5147
277.2379
334.1806
2.7934
116.5744
123.6821
132.2949
108.6780
110.6701
143.7243
114.1350
0.1867
0.1518
119.2061
121.6826
122.5487
97.9819
118.7136
119.5902
118.3539
30.9109
20.1311
136.1769
136.8357
116.2786
133.3677
133.3695
119.0046
118.4729
105.7790
111.9292
107.1653
104.8416
124.7356
130.6137
125.6598
124.6207
113.0931
114.9744
94.8856
17.2579
119.2208
125.0956
66.4144
127.2073
128.3018
135.9761
113.6090
126.7063
122.2154
0.0239
358.8394
118.4333
114.3286
138.3930
149.5555
359.8720
359.4302
119.5642
122.6833
123.3161
105.7716
135.5881
126.7048
318.6180
113.2636
70.5137
67.6386
125.7550
125.6197
359.4407
359.3750
102.7995
350.8795
120.5329
1.3795
142.3309
133.1485
118.5222
130.2081
121.7780
354.1382
350.5880
132.9875
122.6688
113.9150
133.7039
97.0815
130.2121
131.6049
110.9594
137.4055
117.8700
11.0453
83.9479
126.6522
126.3794
177.6221
130.8314
131.1231
127.9663
130.3433
128.3457
127.7983
127.1394
119.2524
133.0186
132.5250
103.1904
328.0462
121.5292
96.6471
123.4393
129.1689
129.8435
131.8611
127.2475
131.1329
353.3447
65.1218
135.1329
135.8475
109.6548
126.5793
125.9607
307.8469
118.7105
131.9824
135.3306
131.7243
132.3182
133.1817
115.7551
132.3169
130.8368
134.4521
119.5255
135.8091
132.6197
123.8423
131.9228
133.3941
123.9606
121.7309
131.2260
125.3604
132.1939
115.6994
133.6088
109.2736
6.4832
93.8599
92.5992
288.7803
350.7069
278.6083
113.0045
129.0613
125.4420
125.5823
127.2959
65.1380
50.2406
72.2594
118.6864
123.2553
125.5411
112.5337
96.7878
114.8335
25.9835
56.1405
119.5404
113.8571
106.6226
112.9516
86.9922
358.8117
131.2527
0.3732
340.9817
122.7846
130.3471
113.9866
99.4246
93.0361
129.1225
130.2592
7.9091
124.8190
102.0902
128.8707
106.0038
107.0457
353.0196
111.0709
132.7753
110.7362
120.5562
109.8681
110.5923
119.8786
121.1182
100.9196
65.4849
107.3037
106.4174
115.1945
127.3120
106.8977
357.2065
114.8631
116.4384
340.3747
333.2761
127.0490
131.2535
134.0936
134.2134
301.7608
301.0757
132.6896
133.8897
116.1849
111.0202
133.8381
125.9414
4.9656
0.7818
47.3161
115.7162
157.6023
112.8476
357.5199
358.9777
114.7944
115.3748
123.1849
116.9087
357.4580
118.0226
126.3399
124.8916
126.3114
100.1165
92.2522
4.8046
355.9186
4.7459
348.2287
1.0354
84.5158
319.7185
136.0144
127.4128
126.6951
105.3135
10.9127
127.5003
131.5325
113.8803
1.5934
130.7343
128.7652
95.6267
357.7476
128.2574
127.9985
118.8167
131.5589
346.9821
319.1483
310.1131
27.4985
61.3596
124.8835
14.9880
103.9332
115.7415
104.7958
129.2122
124.7130
125.7323
129.9092
119.9120
124.3673
126.8204
341.2225
133.2526
118.1416
93.5050
90.4343
122.5470
120.2532
140.5575
62.3313
6.2456
81.6049
6.3269
97.2843
92.9610
120.1531
121.6227
357.3317
359.8002
126.8827
11.0102
97.5296
102.1072
359.8982
120.7627
128.1692
120.9438
129.0339
128.7287
107.7337
115.4361
132.7128
126.8441
135.0170
134.4676
100.0476
108.9503
105.8161
121.0450
125.2464
122.0024
105.5361
359.9905
135.3755
134.0396
136.0793
131.7120
136.0087
91.6318
101.0351
119.3876
99.9826
128.2122
6.7626
128.8698
120.8826
133.8246
124.0402
294.6965
125.3627
127.3582
130.5502
130.9367
128.7223
127.9234
122.6391
121.3665
36.5624
113.9828
119.0912
355.6552
347.0584
103.8498
102.5592
14.3292
23.9255
110.2272
111.2240
2.6264
351.8533
122.4897
122.9939
134.2664
134.3706
134.8485
134.4822
355.1199
137.2209
125.8936
121.2043
132.1039
131.6024
3.2614
353.7524
127.6298
128.6346
110.2034
109.7665
123.4989
118.3304
112.5288
113.6109
156.5918
106.9057
123.3740
125.9979
355.7682
359.0387
119.7574
116.1868
9.8635
76.9296
82.4142
114.8806
10.2604
5.2556
8.2493
118.3381
136.0102
108.5433
126.1864
126.2261
355.7568
348.4500
92.9345
133.6515
145.2650
0.0627
355.3417
134.7799
119.4894
2.0593
6.4588
124.6338
126.1038
106.5653
118.1663
352.9460
337.3169
124.6299
122.2369
124.0383
17.0718
123.6523
123.1981
131.4103
130.0403
53.5095
123.9124
119.1278
356.7256
125.5613
121.4933
132.1480
170.7241
351.8262
128.1580
118.6707
124.6428
132.6482
128.4538
128.2270
126.3291
120.2297
131.5315
115.0109
285.9248
355.9566
342.9607
123.8689
103.7988
134.0869
121.9391
130.9040
130.8708
131.5244
135.7305
135.0076
277.1517
115.0475
135.1186
135.3527
121.1518
133.3969
0.8667
131.6302
133.6677
132.9172
127.6588
106.7031
135.7198
142.9303
94.5144
134.1643
133.1595
131.3981
119.7877
123.9392
132.8548
113.7813
355.8166
126.1359
134.7767
115.2019
7.7634
130.0481
129.1845
124.2070
130.6651
131.9586
132.5868
131.5313
133.1733
131.6936
134.5335
101.5977
109.2824
127.3400
127.5881
152.5296
348.0543
125.8072
126.5783
102.9033
117.3883
116.0526
358.2898
123.8761
122.3449
308.1762
308.6455
357.6651
122.9279
123.7613
124.8743
123.4449
124.8760
120.0250
104.4684
126.4764
124.5491
115.7299
107.9513
102.4412
115.8531
126.8085
125.8937
125.8707
125.9778
121.1770
124.6347
120.2194
122.7178
1.4599
121.9325
108.8047
305.5527
89.6538
115.5269
115.3811
115.0178
71.0325
349.5641
318.2693
119.0124
117.2745
114.5313
117.6659
131.8941
124.0478
125.0267
355.4541
116.3740
109.3657
108.3013
127.8488
114.7862
98.4611
121.0075
98.5637
20.4766
107.7771
135.0343
1.8336
127.8507
120.7272
98.4822
120.8964
124.6218
128.7410
132.9109
120.1364
131.9271
113.8262
120.3764
0.7075
122.9810
122.9682
132.5953
136.2084
109.8830
118.5728
114.1207
118.6952
122.6648
0.3491
120.8106
128.2319
2.7991
102.6175
310.0988
119.5153
115.5026
117.8249
115.6239
120.1935
118.4601
122.8047
121.4928
355.4404
129.0441
102.7073
105.9834
134.5342
128.6063
129.5925
133.7669
129.2031
126.0168
122.7122
122.0938
19.1460
350.7224
125.1634
305.5111
0.3046
120.7560
121.5887
111.3473
128.3013
126.1745
125.5168
119.3098
126.2076
123.7146
17.2771
125.0156
43.1645
128.6457
115.6873
117.7877
110.3639
100.9403
121.2852
120.9270
131.5365
132.4146
128.4320
124.7566
36.7628
5.1647
131.7934
129.8946
120.9906
121.0456
138.5247
133.4503
122.2667
100.3730
134.0365
163.8484
100.5895
103.3921
346.4762
115.1347
116.2900
118.4177
286.7630
99.8635
357.1026
119.3794
9.4971
356.0111
131.2619
128.3633
117.9299
120.5079
129.9672
130.5391
108.2841
107.9691
134.8698
134.6634
134.0193
127.5071
118.0072
119.7967
147.2558
115.5089
118.8762
128.5398
128.1699
134.3485
133.8647
132.4264
132.3370
130.9935
134.2067
133.1094
93.6842
91.3641
135.8820
135.7138
127.6669
128.8786
113.4630
112.0892
125.7422
134.4228
135.5845
134.6328
133.0374
131.9790
134.5949
127.9135
358.6872
4.6714
122.9546
122.0888
136.4034
136.0073
132.4126
118.9531
108.0139
106.0803
132.9418
133.5444
124.6344
124.4910
124.2393
124.0869
135.4957
113.4373
113.7635
111.7302
128.5825
136.8373
123.3152
122.7853
135.6528
135.0221
129.7883
133.8145
133.2580
132.9147
133.1145
129.2448
125.9976
124.8013
128.8936
132.1557
127.5386
133.0113
132.8687
132.2446
124.1994
125.5050
130.3326
131.4133
128.7547
133.6621
135.7237
127.1493
126.3925
125.4447
125.7046
126.1628
1.1576
1.1863
131.4902
131.8693
124.4414
121.1285
130.8359
130.7691
134.5471
134.6096
91.5695
128.1817
121.0555
132.0864
130.2816
130.3951
0.1032
0.0925
130.6707
102.6537
123.3795
121.9356
127.0092
127.9284
3.7655
47.0101
123.9279
103.0436
102.9211
122.6795
304.5018
129.4274
128.4277
359.7393
97.2627
100.5271
133.6899
119.7147
359.7749
359.6019
127.4281
118.1325
110.5743
155.0532
12.3872
116.7384
130.0848
128.8760
128.1943
126.3416
126.7289
127.1640
120.9794
125.8222
132.8418
132.1203
133.9536
134.0553
123.1706
130.8300
132.5558
123.7796
122.3873
127.6939
323.7302
126.5953
127.8602
119.8963
119.4646
112.2823
110.2140
125.6319
125.6214
132.2879
129.1109
131.0627
130.9766
114.5531
113.0146
122.6729
125.0909
126.2473
99.3463
135.1387
135.5584
136.4309
135.8939
131.6783
132.8959
134.1491
42.8356
35.2154
131.6441
90.2897
116.3234
119.4289
3.2919
3.1321
132.6331
132.7162
0.1895
8.1589
116.0199
116.2191
0.6988
0.4871
117.7175
110.9989
33.5934
34.8519
94.6593
97.9602
122.4098
126.0516
128.5848
127.3403
119.4073
133.5782
133.8563
1.8882
2.8184
96.5622
98.4691
125.9441
53.2172
132.8856
133.6161
354.9173
122.8662
55.4399
359.8403
0.2448
0.8991
0.9679
94.4698
113.0246
128.1170
125.8069
125.1216
125.8226
359.6732
357.8511
127.3680
130.4845
127.0621
125.4444
120.5080
120.0675
128.4864
127.2977
125.5409
131.2360
116.1264
122.4613
353.7772
359.4355
117.6565
128.7308
129.7575
338.0605
114.7052
358.8267
123.4712
356.1551
0.1049
3.2054
119.6597
118.8093
123.2421
116.1497
359.8940
10.0384
119.3213
109.3262
122.8836
126.5964
123.2869
125.1566
125.7348
0.1663
0.9806
8.2114
335.4883
358.9640
101.5708
16.7964
122.2928
117.8468
104.0637
119.0910
112.5793
102.4437
357.0706
107.4420
101.9296
99.9546
346.8723
287.7405
107.8997
133.3024
131.4609
111.9006
353.3919
124.0838
90.2290
130.3481
109.8688
2.9502
2.9948
120.4995
357.4326
122.2491
116.6201
112.0976
354.4137
118.9508
100.8840
126.3893
22.1051
100.8098
10.7933
123.7125
152.7697
110.7814
122.9970
106.7500
121.1914
116.7359
121.8589
122.9070
124.3298
121.1058
22.1975
116.7953
127.4080
135.5924
113.3930
17.7598
134.9565
135.4915
82.6221
135.4214
108.7051
137.3866
112.5394
118.2044
10.7154
124.2655
98.3665
117.2437
102.0063
114.2911
129.3860
129.1325
112.1133
302.9810
131.5829
131.0023
108.2174
114.1559
119.2405
118.4653
108.9087
122.6835
117.8986
1.0588
103.5228
100.2776
359.6027
0.3833
2.1864
2.4870
0.6419
359.3137
354.0671
125.1262
116.4093
115.2877
98.3668
107.5799
115.7984
117.0377
127.6777
127.9491
0.9017
133.3759
114.4190
113.7170
1.8653
2.2144
131.2374
133.5734
132.5324
131.6404
127.2215
126.4854
132.1570
109.3182
132.0885
131.8793
348.1980
117.7338
341.5172
81.2957
96.5094
130.1568
0.5558
358.2126
134.1711
4.9366
128.3980
133.7373
172.8761
105.9452
126.1734
304.5803
132.9557
101.7315
126.9287
0.7220
359.1829
21.7463
348.0940
5.8848
124.1706
109.3584
109.1673
356.1105
139.1049
356.3405
123.0264
0.5562
0.7100
346.9803
1.1636
17.8133
119.5057
129.0544
1.5187
120.6602
110.7057
128.5141
139.6851
132.3012
359.1471
141.9028
149.1087
0.3767
108.4688
144.5276
320.9947
125.7901
128.1084
0.6359
284.5168
125.4473
1.3787
317.1690
129.9150
112.7755
127.8031
120.5953
90.3873
274.7617
321.7299
116.9252
1.8067
118.3399
102.5696
355.7690
121.1020
1.2507
1.1653
1.4550
54.6759
7.3427
87.4840
118.1101
130.1119
129.8795
125.7948
139.3665
151.7813
343.1878
112.7918
135.5378
136.2885
131.3692
130.5236
130.5725
126.4684
125.8902
125.8771
134.1693
128.6039
125.5706
129.0966
132.6313
133.0826
108.7419
278.2499
110.8301
90.0114
129.6689
353.7987
86.6159
286.4146
123.2180
350.9579
132.2028
126.6712
125.9441
90.8498
116.8458
359.8178
130.0816
1.0157
109.5490
357.5296
49.5259
6.8467
92.9305
104.3822
42.5398
132.4528
117.8609
64.3215
359.9998
284.9199
359.6442
0.0457
126.2154
1.8802
102.1738
2.2264
347.8779
358.2969
4.3206
90.0051
124.9973
108.1393
0.0126
122.9516
91.4096
352.0849
295.2960
113.6131
118.1250
122.1671
126.7985
0.6653
126.2150
127.8635
100.6463
308.0615
120.1951
122.4881
117.7789
134.7623
134.6683
123.3334
123.3566
103.6775
98.7076
135.5174
135.6020
135.4312
116.9682
114.8496
119.6320
121.1389
130.6951
121.9449
103.7728
130.9325
130.5952
99.4975
101.6390
118.0589
114.1996
135.2420
134.8079
105.9624
123.5967
124.3613
358.9289
358.2757
357.9552
358.6519
123.0433
132.6106
127.2856
5.9039
8.6213
124.6965
132.3405
131.2475
111.4862
111.4147
112.7640
113.1815
109.5604
44.1376
346.9291
345.5249
124.9019
118.2329
120.2437
94.4053
106.5849
133.0009
133.8502
112.9881
56.7208
122.8734
119.5431
120.1824
111.1693
359.6170
0.0277
114.8460
114.0508
116.7700
120.2451
129.7414
106.3913
122.4879
124.4570
122.6631
122.5773
111.5308
118.4350
124.5850
114.4458
108.1456
128.3792
3.8729
94.2102
98.5490
99.8009
115.3201
112.6471
118.7444
5.8213
127.4222
359.8280
120.3045
23.0713
340.6230
347.6540
122.7935
107.3348
0.1378
125.4095
113.0463
0.3953
104.1614
62.0336
355.3064
133.8901
137.2761
319.9738
356.4741
55.5612
109.9255
134.5203
119.0819
119.8286
31.5260
119.2793
118.2396
133.0745
105.4751
100.9439
130.2545
134.1530
132.9810
113.7441
136.8419
130.5509
130.6325
311.2842
322.1079
121.1458
128.2021
135.7311
136.3404
131.2154
136.8309
99.3213
118.7354
0.6883
308.7389
50.6449
114.6024
85.9825
127.2268
133.3369
133.5621
132.9876
88.4047
129.0132
127.4286
125.7601
126.2741
122.4436
135.2286
133.5928
129.7597
130.2523
1.6846
130.4541
122.9761
116.1979
122.1485
123.3921
130.7183
123.9589
125.4438
123.8748
126.3951
97.0050
84.5543
122.1463
123.7550
125.1544
125.1679
125.8568
130.2092
104.4182
125.6804
271.4115
355.0936
119.8081
127.0377
104.4542
118.2402
352.0586
128.7514
126.0171
10.8817
119.9873
114.7796
122.3115
127.7947
116.4540
121.0389
99.2271
147.3587
100.1151
310.6113
358.3659
132.0246
13.5860
104.2368
340.8058
116.7203
133.3481
119.1275
118.5014
120.8446
357.3059
121.0189
81.2723
347.4368
120.6023
118.2440
100.9051
9.7847
118.6648
1.4497
108.7924
357.6049
0.0030
109.3353
355.9559
2.8257
112.6834
109.7712
87.8346
105.0828
101.2676
94.1121
119.0566
123.1552
119.6168
126.1893
4.5188
2.6307
111.8559
120.9145
1.4250
33.3328
121.4116
92.5604
101.6406
99.1169
131.9734
126.6818
133.1831
126.9571
120.1481
115.5087
116.4352
107.0003
131.7524
131.4169
127.1438
126.6659
136.1319
136.3255
111.8508
136.5485
135.0703
115.7521
126.1799
93.4106
95.2518
137.4014
129.2669
135.8637
104.5332
131.7550
136.3511
132.8850
131.2241
130.6187
131.9670
131.2865
118.9852
85.0363
122.9898
135.0193
125.8395
135.1520
102.7514
357.6064
119.8650
115.4463
123.3699
121.3661
3.0717
128.4310
127.1822
98.6738
126.6606
123.3747
113.5401
7.3712
125.4108
129.2564
128.5583
125.7889
129.6913
340.0828
0.1170
91.1710
126.5421
130.5650
164.4813
122.9036
122.0702
119.0231
116.7924
128.7102
122.6347
120.7131
120.8953
123.9821
130.8496
18.6805
105.6476
148.0306
127.5384
128.6700
130.4507
286.0706
132.0609
122.9325
107.9225
137.3650
127.2560
128.0378
125.6391
356.1438
98.0076
83.1981
127.6014
102.5452
130.1765
127.9143
326.6115
113.2826
6.1595
119.6097
352.4198
351.9883
130.7737
116.1040
109.5598
128.7836
116.7458
119.0267
115.6121
107.8471
117.3063
126.7072
118.5752
122.5509
103.5783
121.7915
123.0335
133.1432
111.1655
132.0313
127.3714
119.1323
127.0026
114.2328
97.7374
114.1469
115.7475
110.0998
116.1606
129.2818
122.9555
128.4755
103.1757
134.2024
116.5028
61.1415
119.6251
109.6148
131.2020
128.8910
132.6564
358.8952
134.4490
102.9342
130.9318
105.5026
109.3812
123.5218
90.8568
128.9096
129.3316
122.2657
119.5067
106.5892
126.7107
99.3321
118.8655
132.7742
127.4631
130.3436
119.1780
125.8510
104.3086
133.1795
129.7850
77.2839
134.8586
113.0763
124.6178
6.5789
0.5603
57.8757
356.6218
132.4787
129.7274
122.0675
120.6877
336.0464
130.7069
3.1956
133.3741
122.2451
102.5921
357.8267
18.8366
88.0536
108.1300
7.3482
109.9822
122.7706
124.9626
118.3255
122.1429
352.8641
99.7647
125.1309
101.1725
85.7703
130.0169
122.1994
291.7651
328.5588
97.4674
74.1544
117.3578
63.4823
128.3951
105.6973
359.5743
111.0763
3.3916
120.6701
106.7376
123.8941
16.9556
123.5385
120.6287
122.1247
126.2809
123.8968
119.2445
119.8865
105.9051
325.8111
114.7985
127.3984
90.7513
136.0449
140.0318
284.7199
2.2252
121.6001
122.7715
121.8242
129.2939
108.5034
103.7244
124.1339
68.9959
113.6975
113.6318
123.7942
155.2690
0.6296
108.2819
0.7768
107.8958
79.6828
103.4214
359.9451
111.4172
344.7889
116.9905
129.6194
116.4650
116.0830
112.5377
355.5358
117.7423
101.9328
7.1645
112.3354
126.2206
129.7207
55.5035
87.6639
106.2568
2.4311
117.5817
120.6447
4.0958
1.0541
123.2001
129.5213
121.4282
127.8899
359.0560
123.0800
131.5294
132.3807
126.6895
18.8522
96.0260
119.2214
37.5708
13.5385
0.4989
124.2465
102.2607
11.7030
130.5890
121.5838
129.9944
123.4923
124.5321
19.2123
1.9625
122.8237
113.3358
359.7398
56.2096
12.9442
121.9587
281.1848
357.9061
121.7249
354.3900
121.8700
359.5882
114.8739
359.4167
126.0230
87.5458
357.3047
129.2681
46.5281
116.1894
126.7267
128.0593
113.7443
104.7643
121.6387
3.2639
87.2128
6.9969
132.7973
340.7504
93.5170
99.6541
319.5367
358.5890
296.9502
115.7329
112.8923
117.8804
120.5444
1.5776
111.0906
124.2632
2.6478
124.7473
127.0412
111.9777
119.2556
114.2339
111.3982
2.9886
116.4346
116.5002
77.7793
358.2278
124.9255
127.6883
129.7307
128.3796
134.2376
126.2817
113.6274
306.4273
131.1396
337.0559
99.4001
118.9620
122.7713
21.6901
77.3493
304.7273
127.8831
122.7946
12.9204
6.4073
129.0140
349.9486
34.5750
121.0645
113.1949
108.5555
128.7407
128.5891
118.5952
118.7469
358.3718
14.5799
148.5890
113.4587
0.9147
356.1718
130.8208
129.0963
146.2049
118.8315
91.7873
108.2750
126.4758
117.8455
23.4863
127.0754
122.7599
0.2976
1.1828
312.8445
114.7788
118.8357
305.1257
9.5254
28.9215
359.4764
135.2489
114.5907
14.0994
320.3969
134.1671
135.4567
123.7827
0.1006
1.0764
125.8476
97.6597
105.2059
29.3470
129.3134
122.5256
118.0476
1.9162
114.9759
122.1403
333.6511
134.2777
129.2700
56.2166
117.2471
285.4471
129.6785
117.9689
336.8985
335.7222
123.8325
1.8736
93.7473
124.9398
357.7661
123.0784
105.1553
353.6882
130.1660
114.8438
115.2067
122.2893
109.6099
296.8762
125.9709
355.7679
120.9108
116.3999
356.6408
331.2459
125.4263
112.2562
12.1263
101.4017
128.1179
92.1224
94.7160
359.7370
123.5498
121.6106
130.2424
126.0966
1.8470
113.7786
122.8719
2.4774
116.6364
8.3189
116.9402
109.4997
124.4044
120.8408
122.3713
338.8705
113.8095
119.6263
1.1204
116.2537
107.3665
110.9384
87.8753
129.1139
34.0141
9.7909
293.4054
115.8263
351.1475
356.8584
124.2085
103.8921
121.5615
124.0105
130.6466
130.7415
111.6439
115.2398
114.9263
129.5586
124.6251
356.9227
128.2204
359.1300
359.9080
359.8444
100.2525
0.1800
337.1169
129.0359
130.6256
125.8785
122.5236
106.1848
117.1767
0.1213
3.0659
126.1640
122.1431
100.4523
121.5222
119.9955
80.1133
330.2404
129.3283
119.9394
123.9037
134.1700
359.9566
0.5445
37.9168
133.7768
1.1143
118.4596
118.2419
69.0835
119.6467
44.8785
107.9093
116.9589
111.2051
299.2760
121.8902
119.1458
108.0794
110.2797
349.9908
278.6643
117.7715
124.7806
1.2853
85.7405
112.1996
127.7208
105.9281
108.2668
1.3398
114.8448
127.0464
114.2730
0.0867
115.1872
98.0383
108.5713
358.0793
116.0698
89.7060
339.4136
99.7566
346.6718
359.1458
134.4767
38.6559
123.1945
359.9033
133.5672
65.3380
8.1476
1.3298
359.6060
357.9828
108.8894
121.1395
117.7743
119.6537
1.5965
90.6852
1.8098
359.8612
87.4986
305.3634
117.2123
8.4928
99.6855
358.8866
1.9394
1.9498
107.5400
347.0921
112.1673
130.6816
114.2077
295.9761
106.0000
104.1954
104.0142
359.6574
89.6553
97.4200
132.5202
118.6208
295.1598
359.8851
359.2405
2.9503
112.9166
94.9433
115.0200
2.5525
109.0016
127.0985
95.9678
122.0247
123.9961
111.8145
1.5558
87.2990
87.5584
63.8324
121.2757
337.6127
128.3413
108.0664
121.6718
127.4115
1.7686
359.4102
109.6635
121.7128
117.5176
359.9216
275.3653
359.9844
338.8585
30.1279
130.3795
161.5866
359.4248
128.3475
121.8205
116.7346
35.7220
11.6409
16.6767
129.9472
98.4016
272.9238
123.4709
0.5003
328.0461
108.1815
359.8260
359.9878
359.2056
129.8766
124.4230
91.1598
3.6691
92.0977
2.3491
90.1547
358.0900
101.8491
96.6214
1.8787
306.3110
356.2406
129.6711
357.3509
94.0355
355.8941
133.8376
289.9839
123.9217
66.8616
97.3990
117.8203
359.9213
9.8128
129.2543
15.3818
94.5750
359.6155
11.8468
359.6823
52.6520
359.2194
13.4875
136.9297
118.1000
357.9229
120.7986
0.6388
357.6927
36.1394
129.7767
132.8943
0.5113
119.6488
130.5618
126.6287
101.8993
142.7492
128.8841
118.8210
92.5528
353.5165
96.8868
356.4754
124.1982
132.4339
359.7333
103.9681
276.7859
127.3390
108.7075
9.2658
104.8457
359.4790
117.8022
104.2354
129.8480
339.4568
123.9776
133.2095
105.1826
21.2628
95.4644
294.7125
100.1240
359.2846
103.2810
129.3776
112.4627
1.1351
101.9290
109.5985
304.0338
279.3141
4.3483
125.5548
122.5838
333.1812
329.5299
114.0929
121.6191
122.1754
130.2183
108.2726
82.3399
354.7718
112.8010
108.6912
131.3237
93.0423
360.0000
127.0658
145.2744
270.8100
128.1781
129.8220
359.6236
311.2801
359.7548
112.2627
128.8908
129.1241
125.3601
356.4278
126.4186
130.4613
113.4812
0.4395
121.9732
1.8708
123.8015
16.2721
352.4511
113.1133
130.1788
14.7858
0.1709
132.4428
117.4822
14.1756
122.8753
133.7083
116.3700
122.1129
118.6915
127.0670
125.5260
124.7752
136.0398
132.8502
359.4370
129.1437
123.4839
128.7626
117.6963
124.9957
96.9191
355.9044
128.3448
125.7429
132.8857
121.1262
121.6002
95.9821
4.2167
354.1051
126.5629
119.0658
160.2762
123.8862
127.4527
121.7961
4.7535
94.6266
118.4763
121.0915
134.2877
97.0912
53.2877
148.3923
130.1110
123.8922
126.9075
354.6250
124.9695
114.1350
344.9720
119.5860
124.5550
125.4775
122.3276
127.6737
118.7041
118.1270
0.7120
359.3347
125.3910
2.9817
131.7200
131.8774
133.9757
121.0666
121.4076
130.5298
112.6532
120.6482
116.6572
125.3351
119.3689
118.6559
130.1281
119.8075
112.3438
129.8284
124.0952
130.1387
90.1112
358.4186
112.0669
133.4911
354.5406
340.0372
22.8093
131.5097
135.3534
73.7963
115.6048
116.1951
123.3512
119.9674
106.1526
119.5721
6.0704
118.3611
111.5113
80.9649
132.5726
350.8144
343.7178
0.3407
98.5840
32.8655
358.5859
120.7767
129.7223
121.8314
3.3828
123.6447
353.2594
0.5337
320.3409
6.0965
129.4793
101.3954
128.5348
359.9292
90.4443
359.8500
18.5281
129.0391
158.7616
343.8525
144.8954
130.7321
131.0661
95.0352
355.9655
132.4849
113.3630
97.8852
358.7656
93.5200
125.3887
128.9882
0.1874
128.2163
130.3079
305.1696
111.6591
0.5154
353.9901
111.5006
2.1568
1.3022
16.1367
2.1905
0.8890
1.9198
356.6671
358.6584
278.3344
359.2284
135.8414
120.2553
135.2470
34.1428
0.4576
351.5799
13.5067
112.3348
312.5740
359.3159
125.0252
121.7343
359.2786
132.6068
118.3847
119.3477
308.1260
309.3547
111.3401
7.4762
121.6562
0.8815
2.2188
121.8335
123.9627
132.1411
128.2889
123.4877
126.0626
10.0113
21.6137
120.8343
121.8482
118.0377
120.0750
102.1093
2.1336
101.5362
110.5115
116.7134
117.2084
14.9470
6.3942
0.6260
5.1175
344.9626
117.9298
113.4201
131.3751
123.8589
126.4679
13.2062
38.8244
130.1992
128.4505
129.7620
5.7966
8.8233
129.2989
120.6376
113.3559
115.4542
5.5766
292.9836
294.4498
132.5749
2.2975
358.6261
120.0154
104.7003
133.3102
132.3785
113.7458
120.6598
122.6452
126.8261
109.6527
110.4154
103.2484
113.3213
292.9877
292.0559
352.6011
338.3745
0.2295
114.1552
133.9230
87.0832
99.0303
338.4284
101.4939
134.3581
118.3761
126.8678
124.8782
359.9586
0.0176
97.6705
102.4141
120.4350
129.3602
115.8544
131.7439
132.7672
133.0413
127.7716
132.8750
133.8608
116.3115
0.6686
134.4228
113.0499
120.0288
93.8463
100.8938
359.8353
81.7074
2.4902
1.9626
134.8529
146.0715
118.0012
119.6401
127.8015
124.5741
125.4964
123.5108
122.7274
103.0961
129.2448
126.2923
131.3597
0.9789
2.1353
142.4293
126.7008
129.6211
135.7880
104.3437
117.9730
117.7186
116.0156
76.9344
120.9388
120.6029
117.7185
131.8708
118.9314
126.5755
107.0840
136.6290
122.9634
127.6810
96.1312
116.9843
358.9034
121.9731
122.8971
128.3986
130.3090
124.1254
131.3277
359.7339
359.6758
355.4083
355.4920
119.7733
354.7478
351.2800
103.5004
85.1410
358.6465
358.4051
355.0418
132.8727
109.6227
111.0233
127.4196
123.8844
359.9454
1.5272
101.7090
126.2338
132.3775
120.4393
120.6697
115.4424
122.1694
99.3251
0.6972
358.0942
110.4930
124.1475
131.4875
131.0502
121.1027
126.3028
359.5681
359.3208
347.9911
347.4969
129.4997
131.4484
131.3840
109.8425
111.0494
118.2708
124.8708
355.7464
358.4154
343.6198
334.1331
123.5245
121.8081
124.8719
2.0416
1.0568
125.3224
131.1026
58.1221
129.6084
62.6774
125.8016
353.1021
136.4640
127.0778
126.6684
123.8999
125.0995
122.0525
132.1438
130.8822
109.2483
133.0455
128.1437
124.2464
124.5900
136.4292
122.4198
115.7040
123.5491
106.4057
113.3338
358.3146
125.8859
126.1691
131.2348
130.7875
129.7761
129.6241
120.4946
121.1778
127.4543
125.3928
132.3276
117.9927
127.6225
131.4593
127.2077
135.5653
133.6730
131.7488
122.7541
103.3155
124.1497
129.7835
134.4901
130.4957
128.7966
128.6510
128.0055
132.5846
133.9059
108.8960
92.4136
132.2897
132.2893
109.0995
116.4233
2.1358
101.3234
135.4334
134.7795
136.0817
133.8728
133.1406
133.2417
134.5431
133.1858
134.2738
121.1173
105.4607
6.3400
114.6292
128.7539
135.2811
125.4048
120.2156
124.3772
87.5089
129.2412
134.8303
135.0049
129.7473
133.4589
135.0370
132.7577
111.9818
116.9817
131.3698
130.4742
136.1150
125.9919
356.8434
119.9541
118.5981
331.6992
131.9453
130.2698
123.3019
119.3280
121.2117
125.8380
126.6753
132.1561
134.9053
133.8892
5.5994
116.0211
121.6361
132.4547
123.0156
117.2686
128.7097
1.1505
359.9789
130.3668
130.9221
91.3489
101.7548
134.8122
133.3664
131.7214
130.3121
127.8951
124.6152
115.6063
48.1403
114.4164
98.6702
151.9359
117.2043
303.5269
0.8988
109.1535
72.8892
121.3129
115.6035
112.3724
133.5042
359.7714
126.9377
126.6757
325.2194
122.3667
116.6428
340.6952
313.1034
129.3443
128.7582
109.8766
355.3551
122.4371
0.1272
126.3467
105.4751
93.2392
125.7554
106.5826
122.3328
0.6793
22.5080
320.4976
128.9645
104.0854
126.5813
359.1530
107.9231
0.7029
121.5084
72.1013
124.1867
104.5704
124.3596
119.4405
126.3828
297.5946
134.8693
106.7266
134.3548
127.5291
116.7905
0.1202
124.4380
109.5439
118.0291
359.9983
128.7562
131.2931
127.9288
115.5798
112.0181
135.4929
118.6991
118.4470
121.2679
117.6337
119.5544
130.2144
132.1260
121.9332
117.2572
0.6330
117.8654
123.1825
278.9937
104.9257
123.3255
119.5838
123.4866
1.3418
121.9754
2.8803
77.1217
116.2805
119.4549
351.0785
358.7825
1.7461
1.4848
118.2207
122.4770
130.1173
359.2306
129.9291
129.8693
124.7107
0.9708
359.6230
163.7136
90.4727
120.9998
119.8401
94.8795
120.8788
0.1163
94.3806
125.5726
133.3311
172.1415
169.4384
359.6516
121.4915
7.1756
131.4475
114.5674
123.2854
3.5315
30.8725
109.2852
0.6619
359.3391
121.2906
124.9516
1.6549
119.0479
359.7954
303.5652
301.0305
118.7086
121.5617
120.3617
105.2300
119.7391
4.4094
113.4218
111.8181
119.0148
122.8231
131.1855
129.3063
133.6925
130.8937
115.8435
119.9484
122.6935
2.9469
0.0362
97.8462
131.2903
127.7895
128.9455
129.4858
359.4788
129.0528
0.9314
121.0029
120.0954
116.5589
129.5576
353.0021
292.8405
351.3629
115.5777
82.8834
101.4029
124.3518
102.2400
0.4955
110.5941
122.2899
125.0131
119.9602
119.5244
3.5775
128.3614
123.6203
134.4048
109.8545
127.3375
126.2560
128.2407
118.9044
120.5404
122.6195
118.1666
112.5451
116.9690
123.0712
111.8418
109.7587
80.8686
116.6978
112.2211
116.4548
134.3799
134.0132
124.5814
124.8455
127.4670
130.0707
2.6963
3.1371
114.5526
113.7796
128.1243
128.7077
119.1947
113.6054
134.7108
133.3167
111.7396
112.3481
113.7579
122.8935
113.7309
110.9174
0.4273
115.4052
114.1338
124.2417
123.6105
336.4909
113.6728
114.8045
3.2509
1.7705
314.9550
121.7901
127.6480
136.1866
110.1665
108.2431
127.7847
358.7540
108.4745
356.5328
124.5992
106.4018
151.8138
127.1732
126.9739
0.0673
0.5263
357.4180
355.0753
111.7329
111.5395
134.8467
112.8797
113.5211
0.2872
129.8208
128.2440
110.9036
124.5509
90.0200
359.5872
359.4898
126.0854
117.5108
348.4278
104.3214
127.4780
128.0120
131.9383
128.2971
130.4453
130.1681
103.8990
100.6444
130.2652
129.2134
133.8551
123.5267
123.9732
119.1406
132.9096
132.7144
129.8416
130.6013
132.8498
128.4861
128.4702
130.3228
133.2614
115.3468
131.9093
134.0029
133.8822
332.1764
13.6177
7.0550
110.2552
134.2513
133.8729
136.3210
135.9792
130.2612
130.8858
133.7323
121.7273
135.1967
119.4401
129.1247
128.6181
116.4422
130.6955
129.4216
120.4324
128.4676
134.6494
132.7922
91.7011
357.8503
0.5939
130.3985
135.8078
121.1940
117.5005
112.9990
340.8561
308.8197
126.3663
132.8338
116.3449
102.9323
117.7825
120.8378
5.8650
115.7255
122.1973
125.3779
119.8110
122.8448
121.2284
130.3396
126.2062
134.7395
135.3018
122.2048
120.2245
100.3788
135.1585
4.7656
118.3826
123.1333
127.9218
115.6444
106.4827
355.2914
355.7225
129.9167
134.0453
109.7192
109.6326
125.6275
131.3840
358.1896
333.0662
1.3487
94.7216
353.7318
110.2241
99.8523
123.3764
106.8074
88.9840
120.3518
111.9962
117.4357
93.7835
112.6264
137.1526
99.3084
117.3369
109.6329
1.8626
100.4640
114.6181
122.2101
356.1590
3.5988
6.1688
19.0531
54.3586
1.8281
6.2400
0.8857
134.1402
98.7081
354.2039
30.6052
135.6566
359.5065
342.6516
95.8471
95.8666
114.8127
6.1436
122.9810
338.9913
1.5548
106.1346
351.8337
125.5621
115.2177
350.2699
116.6566
333.5270
106.4863
354.2242
3.9651
351.4965
358.6209
130.3636
12.2040
127.0746
89.0285
129.3228
3.0334
318.3378
129.9784
1.7096
123.7035
359.9984
358.2737
17.6532
132.5216
320.7064
101.7387
