340.7441
77.3782
16.4677
89.9731
359.9983
108.7335
359.7731
359.7737
80.0139
128.6880
128.6706
128.7716
69.9468
127.1984
125.0528
96.6277
356.6448
38.8489
90.0104
357.4613
2.8899
5.9528
19.7807
117.2529
100.9316
8.7529
95.1868
90.0036
1.4862
2.5376
359.4923
324.7155
119.9964
131.1629
82.3669
112.9435
35.2610
357.3876
359.8874
348.2415
348.5813
123.3136
102.5604
126.7677
117.6852
335.2742
104.1660
19.0510
118.7014
293.4961
98.9587
100.4457
92.3054
106.3938
89.9051
11.6716
124.3031
123.9331
126.0597
125.0759
125.6854
123.1717
4.2766
10.3630
91.0387
114.1602
97.3702
117.6705
118.5485
0.4660
129.0466
115.1314
112.5405
113.4929
117.6233
117.3733
358.2191
87.0609
10.1118
337.3567
120.9204
24.8058
172.7515
103.4689
115.5818
0.2890
0.6079
104.7967
104.7255
339.5018
2.5921
358.9383
316.9734
122.6064
125.7943
358.8389
134.4108
118.2462
121.3819
7.2324
5.0795
34.4493
29.4572
117.4284
132.5159
128.0814
120.9751
122.5229
132.0337
132.0566
46.9194
112.1106
126.3328
126.5152
129.8002
130.7603
3.4885
119.5974
357.1306
116.6488
82.5223
121.0423
91.7681
92.6720
357.8001
355.9897
3.4801
1.1177
4.7493
3.9528
134.2025
133.4282
106.0138
110.9711
120.4752
62.8132
108.4537
125.7714
136.6311
124.1807
135.3321
135.7873
117.8745
116.7865
103.7663
102.2522
351.0037
151.8439
107.9989
126.6825
126.7637
127.3470
113.7206
112.9935
61.3002
59.1036
14.0461
29.1246
73.9307
350.5752
353.1205
128.7806
112.0239
343.3035
117.4088
357.4008
0.2359
118.4777
323.1736
116.5842
117.1881
1.8394
11.9450
127.0131
126.7021
108.6432
109.9675
136.4486
118.0337
103.7996
109.5245
3.0553
5.0736
121.6060
117.9969
359.4990
0.0879
128.7523
359.7987
125.9508
353.8942
119.9102
120.4716
134.3319
119.0957
118.6464
359.7516
359.6068
133.9844
128.3388
93.3205
99.9850
111.8673
152.5948
126.9923
4.3445
135.5237
123.8522
2.6631
7.0041
127.2098
126.3487
163.9028
133.2407
133.5608
130.0373
130.3513
128.4489
129.3674
129.3634
117.7351
132.2086
130.6403
104.0826
129.1496
124.4951
119.8602
130.1238
126.6619
127.1263
131.9849
130.2868
132.2283
134.2913
359.3910
131.1178
134.7928
128.9316
132.0341
120.1692
125.9289
113.8295
133.4263
134.2067
132.7811
132.4288
131.5669
131.8298
127.7033
130.6874
127.6006
120.9546
131.2795
130.1125
126.5973
129.2237
133.4894
124.3813
125.7619
127.0194
127.4853
128.3778
116.6634
132.7292
109.7640
1.4424
91.3396
87.0433
39.4559
13.6289
82.1851
339.6004
130.6031
115.7550
116.2485
120.9895
17.0505
30.7227
48.2009
116.6260
124.4447
126.0956
108.9318
97.5738
115.6678
120.1316
11.4128
359.1701
120.5543
114.3503
117.2386
120.6881
354.9485
122.1133
0.7062
16.4269
120.4029
121.5256
114.9050
94.4583
94.1790
125.9876
123.4741
114.7509
124.3638
118.4491
122.5249
117.1277
358.4198
354.5493
114.7782
133.2149
131.9495
120.3417
109.9309
108.6148
112.7976
114.3467
112.0386
126.8269
98.2698
121.1746
119.0602
123.6365
102.9950
1.5452
111.6469
112.7887
125.4412
323.3056
125.1051
128.6948
134.3714
133.9698
118.3175
114.3338
118.9521
124.9491
93.6348
97.8030
134.1002
123.3783
359.4265
356.9862
104.7361
110.6624
174.0846
357.1300
358.5492
131.5383
115.2122
115.4941
116.5523
110.4811
128.4216
123.4788
124.9866
124.8041
124.1332
132.4664
113.9012
4.9062
51.8330
137.0679
129.1790
139.7638
118.0485
133.1897
325.9754
122.3511
130.7580
89.4764
0.2974
152.3142
162.2008
357.7518
359.4345
129.9711
130.5493
97.9745
358.5502
126.6794
127.8673
126.9036
115.1931
127.5133
339.3375
306.7851
122.5689
133.0194
124.9508
358.3462
94.3120
113.3547
111.4453
129.2918
296.5106
304.7522
128.5147
359.1456
352.1779
338.9234
3.8387
331.5406
47.7891
128.2717
109.5051
121.4493
121.8537
132.7727
0.4226
6.9060
121.5128
130.3920
126.4587
132.3436
121.6666
117.9689
126.6403
109.9257
123.6387
130.5413
113.3190
119.4035
5.5679
9.2361
135.0486
125.2330
126.2745
125.4612
358.3485
113.4966
128.2175
130.2845
130.0238
133.2479
95.1596
122.8726
109.8514
108.1258
125.8983
125.1806
126.1873
359.9887
127.9709
122.4305
131.4619
132.1532
130.5254
114.1333
102.1591
123.7010
72.9219
124.3250
50.0939
131.6744
129.3109
127.7297
120.8131
114.9042
150.4239
123.5658
136.2300
127.4861
127.7307
129.8314
124.3829
121.3139
78.0941
118.1816
119.9618
17.5899
40.5648
85.9377
104.8419
61.0333
106.4924
26.3247
89.7403
347.1453
341.9275
110.8348
131.1606
126.0544
127.6417
134.6120
133.2293
73.2441
113.1148
109.1274
113.8671
130.7517
124.2334
1.2458
0.1621
129.1546
129.0533
88.8069
90.1994
119.1932
115.5364
118.8416
118.9889
149.7140
112.6045
127.2136
131.7104
112.2556
116.1327
351.9141
116.0627
9.7653
347.8812
126.0970
122.7177
125.6824
3.1325
3.0201
118.1257
136.1998
135.8956
116.3295
1.5432
135.6717
135.6036
120.9733
105.6372
95.0611
167.3490
350.2158
124.2537
134.3960
3.3579
359.5642
131.4307
128.2502
127.4955
126.4701
99.1754
25.9606
338.2672
118.7065
96.6541
114.1319
312.9344
309.4706
119.6085
126.4026
120.5063
121.9544
122.1728
318.2956
133.1570
103.8778
114.0303
163.4800
350.6609
127.5314
125.3735
113.3529
130.1135
124.2997
124.9439
129.3961
334.5788
129.9686
127.5452
122.3885
120.5430
119.2646
124.1348
114.0692
133.4306
134.6168
120.8198
131.2337
131.5777
131.8063
134.4655
283.3713
98.1068
130.0560
128.0321
132.2905
333.9104
352.7537
128.1209
131.7438
133.5983
131.2566
127.0829
133.5984
131.7943
103.4637
101.8015
132.8359
131.5732
117.6324
127.0720
124.6877
113.5171
142.2778
119.2263
134.0536
112.4200
10.0640
120.9087
120.7243
68.3588
118.0103
125.6081
129.7537
129.1082
130.8079
135.1287
130.4695
96.2037
117.7564
127.5221
130.5825
129.9826
357.0451
125.3353
125.6267
114.5260
115.8635
133.3772
359.6987
125.1079
125.7696
109.4428
116.2450
174.7745
121.1858
125.4607
124.1703
124.0992
125.7529
122.4034
115.4226
122.9156
124.6320
116.0083
92.0900
132.1596
131.5123
120.3013
113.7005
122.2723
123.2343
117.3505
124.8567
126.3828
123.1158
83.4056
120.0765
107.4430
301.0704
101.9539
111.0297
110.6975
116.6186
72.1101
359.7046
355.3136
117.0905
119.8718
120.9386
114.9813
346.6032
126.1521
128.1721
125.1109
113.1023
108.3095
101.3951
134.3182
344.6749
97.2126
96.9425
128.0262
354.0989
295.4082
130.3040
138.6039
127.0151
125.6719
112.4470
112.7068
119.2656
124.8580
124.1464
124.2743
133.6424
132.3476
123.5512
358.6642
120.7180
122.2284
109.7355
136.9233
136.6296
341.4186
130.5227
126.7719
133.8895
0.1591
129.8347
133.1112
351.2200
356.8852
120.9544
115.7477
114.5419
116.9396
118.0897
118.4805
118.3148
119.4631
123.5580
124.4480
126.8518
119.5863
127.0121
129.0981
128.1818
130.2990
116.7690
126.1169
131.6176
111.7848
121.2013
27.4604
350.2779
124.3335
123.4608
8.4711
58.5783
127.2161
115.1001
131.3080
128.3574
119.5887
115.1366
120.8290
120.6600
119.1683
120.7524
70.8002
118.0387
121.9192
120.3263
132.8950
106.1912
124.8703
118.3125
133.8249
133.3579
130.2435
128.0044
24.7968
4.5173
129.4720
127.7222
118.5229
121.4602
129.0575
145.6803
131.0187
106.4421
125.3544
355.3627
104.4830
101.1987
131.8920
115.7353
114.3412
131.4699
109.0006
1.8278
117.2006
122.1596
355.8730
341.2915
99.0174
125.0331
123.8203
132.5130
130.5838
130.1080
116.9066
130.7467
133.2081
130.9832
131.0225
119.3796
112.6262
115.4486
134.5280
133.9267
118.6581
103.7261
117.5658
124.4858
130.5499
126.9451
130.5224
122.8145
133.3113
134.6173
134.3622
135.1079
135.8617
135.6515
127.5587
127.6573
95.3798
105.6146
118.6605
133.6051
134.9886
135.6902
130.9985
121.9657
131.0837
127.9776
0.8240
106.3332
114.0124
122.3507
131.3057
131.7655
117.4114
78.8138
117.4683
128.6118
135.1943
134.9242
115.0690
117.0730
118.4468
118.2604
110.3483
128.6546
51.2328
107.9418
356.8588
355.5753
123.9639
122.4706
135.1547
134.8532
125.4724
116.1938
125.7780
134.5229
135.6783
123.1787
128.8583
128.6573
123.3111
120.9636
128.0046
130.3674
132.0526
131.3088
116.4350
89.6484
102.6672
116.7293
132.1685
131.5845
134.2946
130.5473
122.0373
123.2774
302.3545
124.3065
36.7806
21.0596
132.9186
132.5652
119.7590
120.1411
128.4066
129.7645
136.0221
136.0074
293.4461
128.4276
123.9980
136.1743
125.7248
124.4129
166.3548
171.1494
134.1917
69.5298
121.7755
131.1145
124.2480
125.0873
128.9322
91.0440
122.5595
127.6658
114.6680
324.2466
310.0985
130.2882
129.8206
347.8910
1.2749
107.4936
133.1991
120.5673
353.7532
352.3481
123.9740
122.3518
356.5884
349.5119
5.6810
71.5406
123.9679
121.7698
125.4721
123.4438
128.8371
129.2048
69.8773
106.2445
132.9828
132.1267
134.7132
136.9180
125.8945
133.5722
134.1483
100.8942
94.7599
130.6823
129.0884
3.6076
10.1987
120.7669
118.7534
9.7390
24.5786
126.2371
127.4435
130.1462
127.0737
311.0429
311.2794
114.2122
112.2565
347.5327
334.7334
128.7254
134.9314
132.4592
135.8314
128.0850
122.1507
331.6742
331.6583
134.2506
27.7074
91.7761
347.5677
90.0061
113.9980
123.8398
354.7194
1.3519
128.9006
131.5388
144.6161
37.4125
115.2752
114.5049
142.1048
327.5786
127.8687
123.4724
100.1236
43.4209
130.8207
150.4124
126.2033
132.0766
120.2664
127.3516
117.8849
122.3774
129.1266
15.5217
17.1838
102.6915
102.5705
118.1922
352.5418
131.5444
131.7941
335.7779
111.8594
46.8286
0.4699
357.9540
0.0040
0.2425
103.4479
109.0503
114.9261
107.4579
124.7043
128.7802
358.0852
75.4336
125.3949
117.1032
118.7542
126.4405
119.4952
117.5019
125.4480
129.8717
135.5591
135.3016
359.7752
119.5365
103.9993
354.6488
122.9076
131.7322
127.7766
3.6902
40.9267
20.0075
117.0072
359.2080
0.9562
349.1961
118.9978
119.0199
108.4698
104.6590
175.4015
1.2769
102.9048
122.6014
131.4658
119.7557
121.2931
127.6426
125.5336
0.3459
0.6386
111.3181
62.1283
149.1063
116.1267
5.0872
117.1754
132.1245
130.9271
347.6395
122.3390
163.2109
356.4742
357.3988
358.0823
3.9138
355.2889
109.9168
111.7132
122.0417
132.4784
354.9462
91.6343
356.7161
0.0818
128.1061
128.0155
351.8491
334.7433
57.7909
359.9028
339.6152
329.4600
352.5859
349.7280
120.0419
115.4188
125.6556
132.1030
120.8644
114.5863
126.5062
129.5228
150.8900
350.4370
108.5395
126.9477
114.8768
132.0606
103.4746
122.6690
119.4994
127.7898
127.3513
125.0749
133.8585
8.0025
9.4659
133.7757
134.4906
100.5780
135.9021
131.8743
136.4196
102.1350
111.9214
11.6302
123.1208
102.2748
8.5848
123.9076
129.2535
127.2895
132.6123
292.1598
298.3265
130.9881
121.1484
95.4238
112.4270
352.8113
343.9399
109.6595
127.3853
121.9819
18.4942
10.7169
125.6333
4.4451
1.9629
1.6428
8.6451
51.4163
14.6092
355.8641
131.3322
112.3041
129.8138
133.6813
134.5183
114.5110
117.1960
126.2576
129.4141
39.3769
123.7451
148.4526
134.5152
355.7803
9.3463
128.4861
137.5834
103.8502
287.2992
130.1517
131.7120
130.1752
341.7227
130.5669
109.7026
99.8827
345.4358
3.2055
2.4209
4.5265
126.4098
120.2582
0.4686
131.7348
107.2066
145.1096
131.0148
359.7854
1.0835
111.3980
129.3159
131.8563
359.7716
357.9675
359.5739
357.5402
85.4407
130.2761
142.6790
132.0539
0.2742
353.5909
356.0030
358.3072
118.1071
125.2254
350.5569
6.3365
109.2503
123.9534
94.5386
122.0259
56.8871
18.8656
117.1200
115.2298
118.5027
121.9349
318.7251
2.8505
19.2982
8.7230
3.6134
353.8378
129.4926
118.3779
103.2568
94.6615
320.2368
302.4570
124.1798
352.8011
131.4412
124.9042
113.2555
108.9398
115.9219
359.7758
77.9401
112.3890
109.4378
3.6246
126.7838
101.0443
296.5868
301.3461
3.1220
358.3239
121.6851
135.1093
134.2505
78.8918
115.4835
119.0198
125.3998
127.2174
2.7884
133.1832
66.6611
114.4791
136.3200
135.1052
132.5082
127.3230
127.9481
125.0302
118.8083
122.1847
124.6093
132.0834
123.6810
125.7010
131.7636
107.8224
109.3267
98.0967
76.4431
90.0102
129.1429
352.1613
112.5184
314.9980
122.3297
135.4769
340.0129
128.1597
339.4186
87.5734
115.3194
120.7127
126.7518
9.0947
108.9865
352.9299
26.4054
285.5184
91.7505
86.0537
28.0648
132.1298
122.6305
107.3347
0.0012
102.1471
359.8624
0.3570
121.1700
6.2560
93.1454
9.6655
150.3711
4.5339
14.8732
89.8608
120.2616
155.5620
359.4928
128.1212
118.3886
356.6040
298.2360
104.9445
117.0901
129.3919
125.9020
0.0102
124.9789
127.1582
119.7136
60.0275
153.7791
143.9341
115.1412
129.8349
130.2605
311.0266
301.0270
19.0288
88.7332
134.7924
133.8432
134.9017
111.5613
103.0927
347.4522
353.4980
130.2600
123.9585
43.0563
8.1600
1.0817
92.6596
110.4173
118.1984
113.3766
136.1632
136.3058
130.3820
118.9838
119.1085
354.1009
1.9122
46.3834
27.1822
340.1238
127.8888
151.3435
5.2453
9.7761
124.0983
142.4286
323.0575
314.6799
99.9566
108.6887
110.5899
1.2141
8.3507
352.3250
15.5371
355.1487
297.9426
117.7037
17.7508
43.9222
141.3753
330.2422
112.6090
97.4844
12.9753
359.8745
359.1626
359.7029
0.0898
1.8785
110.8636
116.9525
357.2133
352.3394
102.1407
103.1651
117.4247
108.7782
112.7305
112.3666
26.8275
116.0940
107.4449
4.7844
89.9031
119.6955
0.9010
77.7752
4.7309
42.2259
25.7625
42.5443
120.8414
14.4743
354.8209
1.3949
2.6902
290.6424
136.6359
134.5304
126.9374
130.2593
354.5741
130.4941
122.6589
0.8441
122.0543
10.7174
8.3072
342.4102
341.6088
353.9404
97.7143
95.6132
97.5940
123.9166
115.2758
113.7579
296.5410
114.8576
120.8148
133.3144
98.8963
97.5309
121.0521
121.5530
116.6680
134.7260
130.7506
120.4756
130.5356
131.6270
115.5429
111.6030
127.3858
130.7103
132.1658
132.6438
135.9644
106.1973
109.5186
0.8703
122.9671
112.2738
115.1577
91.1206
128.7652
127.3674
129.1003
122.3305
125.9969
122.2509
119.0207
103.5669
115.8012
118.7786
85.5944
125.4997
134.2721
104.6927
158.9662
140.1509
121.6074
119.0538
121.8562
123.1870
129.9158
124.5916
119.0341
120.6373
131.7500
277.7736
359.6322
121.2291
117.5147
115.3258
331.4455
310.5988
123.6491
111.7341
353.8610
90.3680
136.4013
114.2697
122.7257
337.4287
120.2038
118.6329
116.8296
115.3396
13.8888
113.9869
116.6364
122.0422
117.3165
117.5367
109.9321
103.5644
14.7470
100.0073
313.5183
337.4883
301.2786
13.0335
108.7142
0.4851
89.7394
128.8740
115.5708
117.9237
111.9973
328.5369
113.2898
30.7510
350.5704
132.6633
116.8366
118.6626
103.5288
340.1852
140.5537
124.8409
355.8758
0.0023
113.9213
64.9826
2.0008
121.4989
119.3020
85.8397
19.3456
125.0022
96.2780
120.5270
140.1222
119.2874
130.0634
356.8900
7.9005
116.1292
122.5080
126.0110
41.7565
118.7559
91.3027
101.1472
99.4708
132.8451
350.8244
320.7366
126.3302
118.1434
116.1175
133.7675
135.9415
123.1411
125.4587
127.4872
126.5758
132.4932
131.4816
110.0564
134.3036
135.1417
112.4450
116.4118
31.7446
88.0234
129.5871
124.7323
134.8933
129.4744
129.9354
128.6868
126.0957
120.6710
132.8777
108.2345
70.8505
125.9801
123.7127
119.3653
116.9801
122.6383
129.5318
351.3939
354.0846
122.4896
121.8506
119.6452
118.8010
8.5235
127.9844
130.6640
106.5359
122.8716
118.7398
25.6814
43.4149
120.4902
120.9391
119.8742
343.5190
125.8272
120.7461
0.0457
91.1994
125.7711
129.3657
130.3640
119.8447
356.4185
338.2991
117.5024
123.2887
117.1381
113.8069
113.3306
122.1490
126.8066
118.0937
10.1478
344.4047
122.3989
121.6321
93.3640
122.7515
125.4455
121.2228
107.7805
359.5544
121.9675
129.7058
117.1777
355.7112
113.3361
89.0452
39.3098
319.6736
126.2258
123.1895
115.9270
29.9340
44.4270
55.1454
111.6357
123.7472
338.5618
108.0530
161.8756
121.8740
103.5744
85.8751
112.6642
99.1727
104.2488
141.0091
104.5901
123.1396
98.2821
122.6565
119.4553
132.8665
352.4645
131.7408
124.7661
116.7246
123.9885
115.2633
96.8132
110.4161
115.9228
109.6791
116.2872
329.6425
117.8076
122.7401
103.5224
135.1842
116.7600
106.5804
120.4331
106.5041
136.5489
123.8762
135.9201
351.7160
133.2185
126.1679
125.7827
121.5122
119.3197
128.6863
93.3430
131.9743
132.8149
124.6895
116.6302
127.4582
131.7074
112.8828
120.5367
127.7377
129.1369
130.6470
1.2302
127.6991
126.3189
131.4219
131.5376
131.6319
133.1934
123.5734
123.9901
8.8139
0.5253
70.9898
356.0701
128.1564
130.2013
127.8732
119.0235
128.5292
131.6057
4.2566
134.5135
111.4209
105.4645
357.3147
86.3224
2.5870
116.8499
6.7902
111.7365
127.4375
127.1349
129.8005
124.9179
355.8549
101.8468
108.0781
97.8380
112.3357
341.1051
128.8463
348.3896
2.2057
98.6800
112.9455
132.4984
122.1717
174.6706
107.1217
359.4839
110.9882
7.3109
128.3036
59.9616
129.1037
131.6726
121.3803
125.3836
118.0710
134.2819
124.9845
123.6007
113.1375
109.5263
120.8762
112.7600
128.5898
91.3170
147.1811
355.0933
107.1861
1.1456
120.6806
124.0328
123.7526
128.8832
163.9432
163.8760
125.1778
85.3952
80.0083
113.3789
124.4950
355.0590
150.8249
121.3718
128.7474
127.8816
127.6815
111.2222
0.3595
124.3651
24.0490
120.4492
122.1016
118.3526
6.6624
106.4334
351.2548
119.7037
114.1156
85.1871
115.7061
318.4729
140.4810
7.4044
25.2742
111.5478
1.3637
117.9610
119.8960
119.7335
0.9563
119.8408
127.6058
124.7477
127.0420
352.8356
305.9956
132.2052
131.8826
129.6635
133.1358
109.6292
119.6679
35.3055
3.1112
0.3669
124.7782
46.4230
3.9294
130.4249
124.8338
129.2105
123.2034
123.5745
126.0564
359.7978
118.2412
112.9157
0.3334
61.9926
6.6211
112.4505
102.2460
0.2719
100.7986
342.2801
124.6674
359.7000
110.5789
359.8252
118.0764
121.1470
359.6526
124.0701
120.8212
115.2596
123.3967
128.8514
127.7964
111.5232
114.5191
78.6330
103.2521
13.6258
126.4140
128.2785
358.4351
296.2652
320.7042
358.5037
118.3709
120.7755
131.9730
104.9864
107.2522
5.8221
114.8739
120.5892
351.3748
126.0982
127.6038
120.1567
124.3337
121.2453
121.4431
334.3070
129.9477
115.3734
109.1925
1.4000
105.0638
129.8032
131.3864
126.0717
126.2846
123.4772
117.1166
343.4726
117.3855
130.5903
104.4748
114.3993
121.5544
7.2749
82.1489
358.5338
129.2568
127.8486
9.4538
136.2044
131.4691
5.7143
36.9382
97.9433
119.2534
121.3451
129.3323
128.8985
128.2893
122.5619
358.0074
108.8528
67.2561
99.5218
3.0428
135.3435
126.8107
116.3716
127.9958
120.2052
91.2874
2.6309
129.6902
119.9772
123.9090
128.7549
130.3705
134.3400
0.4350
358.4879
122.0727
115.5544
121.1651
93.3971
125.8228
357.3146
133.2170
128.5016
5.1202
304.3281
127.8683
131.1334
112.7064
0.6047
4.0046
133.9790
98.1363
97.5938
27.0143
128.6994
128.6192
116.3076
126.7172
109.0684
330.6011
285.5100
133.4743
123.9867
73.6248
122.4001
121.6800
124.0275
116.5137
9.6959
358.6398
128.6027
2.0118
122.1575
117.3226
349.3446
123.4935
125.5797
135.5998
121.8374
119.0289
112.5193
120.3647
109.8572
103.7623
129.7135
346.6072
125.7742
119.7568
297.2578
352.8681
134.2030
117.2927
2.4115
109.6730
124.0171
125.5327
69.0748
126.1649
119.5754
147.4909
352.5120
125.8568
1.7209
121.1429
125.0629
350.2959
121.0088
2.9676
119.2036
124.0224
125.0588
126.3100
126.1693
129.2204
114.9662
121.6070
0.4295
119.0018
68.0646
121.8337
125.2903
129.3714
134.8576
94.0511
81.2721
101.1021
123.7214
138.4361
122.0513
121.8689
117.3350
121.9355
125.1172
128.9864
112.8390
116.8673
119.6724
115.0964
112.6731
350.5878
128.7983
123.5731
154.1644
359.9259
118.6406
346.4076
124.6037
125.1593
125.8213
128.9673
121.7304
118.1860
116.5353
356.8213
3.3513
120.8908
110.0535
291.3061
119.1572
118.2797
3.3510
133.7238
119.2263
112.4545
121.5308
132.7659
359.4956
122.4207
292.9839
126.5010
123.4954
6.1807
114.9638
88.5634
116.2091
118.5463
106.9207
10.4668
112.4544
336.2932
121.1369
128.2959
122.0911
112.7805
359.9554
102.0183
122.0451
122.4918
127.9482
88.3000
111.3310
127.2880
107.2473
51.6092
3.0265
118.8017
126.6669
124.0504
119.1982
105.3698
4.5095
123.3091
354.7182
115.2085
90.4277
138.5412
351.9332
58.4183
341.6160
135.3562
56.1069
327.8638
359.9271
130.8126
73.4438
309.8621
2.8184
358.3740
338.8619
106.4618
123.8840
118.0167
122.7023
117.6149
91.7857
29.6772
359.7162
87.1673
120.4563
114.2979
297.6567
89.6493
108.6431
43.4230
341.1048
106.6285
349.2995
175.7206
129.3273
115.4779
298.4143
82.5151
105.4907
107.9786
85.2307
91.1155
98.1152
311.2851
114.4099
288.8590
359.9657
29.3430
118.4975
103.6431
101.6394
118.6529
2.9197
121.1153
128.3711
22.4977
121.7231
123.9678
111.9882
55.0182
60.9815
279.0121
95.5883
111.0939
349.1929
127.1677
107.5632
118.1932
127.1725
0.1401
359.7985
116.7481
121.8702
115.8919
0.0315
94.2072
0.0286
313.0045
54.7486
131.1736
354.3070
358.2820
123.0242
295.3207
114.4087
20.3748
0.9000
1.5670
353.4511
98.4516
91.2477
316.3652
10.9035
134.0498
114.3445
357.6773
358.0318
62.0382
130.7224
117.3438
359.7916
108.7124
89.5691
5.9602
89.8434
4.2825
121.4472
99.7977
98.0510
123.4826
15.6189
354.1508
349.7745
89.9483
313.9327
130.0424
111.4483
120.9487
90.8965
102.0424
132.2240
356.6941
5.5837
127.5559
20.2628
101.1489
357.2070
340.9461
0.4639
279.4521
15.1356
49.5139
137.6808
120.7207
79.3493
129.6790
331.5571
358.0297
110.9501
126.7999
133.9437
0.1136
120.7647
128.0883
127.0781
122.4797
118.8755
127.2099
311.4948
99.0456
358.4881
97.2448
353.8108
125.4338
124.1771
359.7157
108.5512
281.4651
123.0927
112.3159
0.0439
120.0818
123.9670
357.0546
275.3437
129.6824
81.4977
122.6027
119.5643
108.1640
108.0293
128.4554
115.2412
102.4903
351.5012
102.7245
128.2748
117.0737
7.2932
106.2411
110.9855
105.2322
284.7231
122.6383
125.8092
119.8554
127.8531
291.0157
119.5367
132.9600
126.4652
356.0047
100.1575
292.5818
4.6267
114.7747
109.4963
130.8614
110.2755
359.9999
127.7976
347.0627
90.7090
127.2971
128.4832
359.8229
89.2923
331.7339
108.4870
127.2321
126.3774
124.0412
2.0874
128.8552
129.6058
106.1465
359.5814
136.3380
357.1312
342.6010
35.8331
99.4499
116.1739
126.1885
305.1342
0.0078
133.3799
341.2010
0.4252
122.0381
332.6382
129.0456
129.6026
111.5007
121.3574
123.3908
126.9150
133.4285
126.1235
329.5470
108.4070
121.6579
124.2503
5.6204
16.2748
96.7571
93.3673
127.9200
125.2230
125.0238
114.2901
336.8808
92.4297
139.0887
140.4728
118.9621
121.3466
99.5389
1.3696
124.7196
118.2382
8.3335
124.8800
302.8185
109.1748
128.4328
98.6174
88.0458
110.9589
116.2727
116.4367
126.9368
345.1902
108.4783
106.8041
357.8532
110.9146
100.5615
123.2618
116.1722
114.9074
124.3941
117.7305
0.8610
0.8522
116.3593
108.6687
133.5960
131.6959
122.1572
120.3732
124.6223
115.9176
111.8457
121.0457
117.6828
115.2643
108.3981
128.1352
126.0077
131.2075
117.1528
122.3796
130.3876
133.4903
90.0435
303.4739
121.3203
122.7351
117.8805
103.6041
48.5047
131.5419
134.6761
324.4219
111.9217
126.3491
128.2154
342.6294
105.8504
124.1152
352.7461
325.8586
287.9900
126.1659
119.1523
358.2150
288.2077
6.7485
102.3664
102.3241
353.9894
115.6900
123.8301
121.5182
357.6558
300.4402
347.7321
69.7392
355.6908
4.8540
126.5714
91.5550
115.8480
57.0271
89.1093
294.7640
104.2895
134.5442
118.8324
125.5793
154.7220
137.5150
125.5868
1.9476
18.0696
129.3103
67.9800
93.8137
357.2374
93.3100
125.9679
127.7294
1.4953
128.0181
132.2965
309.0712
122.1058
356.4535
358.0809
104.7887
0.8273
66.5241
8.9851
51.9350
2.9684
312.9401
32.4881
357.5673
282.1532
357.0793
337.1050
117.6150
133.3784
316.3728
359.9229
356.4090
9.2330
109.5397
342.7571
338.5543
90.2206
107.3609
358.6581
132.2752
130.7871
129.5357
66.2840
114.8266
164.8752
12.9417
118.5216
129.5041
141.0623
123.1885
121.7277
121.2801
120.0695
124.1259
126.7900
79.9999
35.9893
99.0762
118.2576
116.7550
113.8067
150.3985
359.9919
76.6945
104.5787
122.9060
133.3006
88.8826
76.4736
349.0295
128.9366
114.4283
117.3931
114.5673
133.6639
126.2603
126.6614
55.2829
47.1685
122.9366
122.7736
133.1452
16.5903
7.3024
126.7253
133.8620
108.8602
122.7112
17.0860
293.9509
115.1699
131.0910
356.8811
1.6203
128.8983
127.5121
130.2703
131.1522
127.7332
126.1295
123.3728
113.2108
111.3349
111.2564
129.0481
126.0968
117.2907
296.9480
347.3581
108.0063
0.0063
95.1521
97.5266
110.4407
102.6231
119.2160
117.3513
125.9441
113.9549
126.9125
127.5249
1.2857
357.1281
99.8959
100.6125
101.9233
122.9138
355.1662
131.3333
134.9565
133.4771
118.5692
135.2625
131.5713
123.3824
348.1997
134.4794
134.6515
119.1170
118.8634
156.2293
0.0090
108.8316
103.0959
121.6637
106.3217
105.1214
115.5556
114.4838
125.8035
117.5824
114.9541
106.0661
126.5166
99.8826
126.2273
124.8839
123.8864
323.4425
105.0292
332.2344
100.3623
116.6257
135.1152
98.1986
118.3791
118.8098
108.5863
120.0538
121.4595
121.2599
115.1698
125.8360
130.9141
135.0797
109.6913
136.2906
136.3370
126.3408
96.4194
298.5086
357.8163
123.6501
122.6607
126.9298
127.7422
132.3241
132.1291
2.0570
0.7789
344.9810
355.6033
116.9438
22.5717
12.3827
115.5194
89.3037
358.4873
129.1299
346.6316
133.0796
134.6251
127.5248
131.5279
355.0103
2.3583
2.2630
101.0346
340.1833
134.4893
120.9369
120.9144
111.3152
126.3187
110.8911
355.8316
354.9658
100.0499
96.1134
125.1736
128.4449
1.2692
354.3209
357.4540
0.5396
6.5681
357.0569
134.4151
125.3621
135.1485
126.3645
127.4089
126.4248
123.6684
339.7161
350.9546
327.9039
331.3533
124.6137
123.9684
124.5465
359.7388
356.4432
5.3000
132.0407
84.4581
330.9451
29.6134
118.5065
18.3984
132.9063
127.7460
124.9929
122.6783
126.4261
123.2336
131.6023
133.4191
107.1431
125.5232
127.7642
128.3664
130.0627
135.9495
134.4841
101.1708
124.9824
101.7739
121.5020
0.1908
127.2956
127.1356
131.8999
130.3077
132.6455
133.5208
119.6206
118.0007
132.9904
318.8670
129.7228
108.5637
133.5006
127.7554
131.8403
122.5718
135.1249
134.6281
128.4501
122.6080
120.2624
120.2128
135.7599
126.8161
130.1412
131.3703
130.9565
134.3044
135.1190
0.3075
358.3558
130.9818
124.6755
119.4767
119.4926
115.5887
106.9142
142.5738
330.9348
135.7748
135.5285
136.4170
135.5393
134.5034
132.0952
133.0365
129.2185
131.0976
0.8100
111.0086
133.7832
131.6084
343.7092
123.9552
128.0833
101.4994
103.1382
133.3039
130.6832
135.1562
133.2726
123.0145
128.2969
119.8379
119.0685
119.5646
136.8923
136.1250
125.2644
157.3126
112.6036
311.8323
130.3869
133.5425
133.5655
120.4043
116.6358
115.7318
127.6170
132.5661
129.3236
132.5496
126.5351
15.3006
112.2983
108.7858
129.9972
126.1617
135.1062
132.1910
11.8982
132.4811
131.7212
131.9539
128.3535
148.2874
135.3979
131.0381
132.3872
127.7584
124.2848
124.1322
121.7454
125.5251
105.8450
99.3410
359.9687
28.3831
302.4181
333.1961
107.5406
113.6417
124.9875
115.3550
108.9647
344.3860
358.5741
134.9938
130.4353
122.3971
113.9638
112.4003
341.5705
299.7683
118.9503
108.3311
100.4612
354.5834
122.7564
7.3209
132.0528
93.9131
89.2810
122.9929
117.8350
119.6733
111.3009
9.2469
317.7911
122.4415
284.0934
131.8185
0.2757
138.8309
1.0338
123.9186
100.5520
114.4096
105.0023
131.2927
122.1437
131.1592
94.7489
134.2201
100.2753
133.7993
131.1747
114.0151
8.8032
120.4808
352.5950
101.4609
0.4453
123.7047
126.6309
129.7464
114.6595
102.7518
135.3828
129.0013
111.1768
116.4097
122.9538
123.6513
114.4279
120.3400
121.9143
120.3901
148.1165
33.5269
125.6014
97.4561
107.4044
107.0043
127.6543
122.6139
6.4776
127.1830
121.1403
76.5788
121.4909
117.0400
334.5019
323.9544
356.4712
358.1020
89.6620
130.9750
128.8938
115.3163
128.6772
126.3771
121.8898
0.2156
317.3556
352.3834
27.9009
120.1905
120.9562
99.3622
349.3973
359.7882
105.7837
131.2550
135.1236
357.8485
0.5629
5.0126
124.6177
41.5535
129.9547
113.5132
122.5199
8.2612
2.9238
284.7474
335.4042
357.3841
118.6352
126.0599
174.1155
159.0077
359.3106
329.7881
327.2601
112.9272
110.0962
116.9760
105.0181
116.0054
38.8764
112.5102
115.0178
339.2347
122.0616
127.4239
129.8464
123.0223
128.2578
345.0951
138.3114
319.0451
348.5289
358.9395
358.4465
117.2101
121.2035
129.5310
131.1949
139.9379
107.8067
100.2566
346.2232
352.2454
359.4209
122.9944
349.4880
111.6200
355.4524
357.7796
354.5327
120.6809
113.6322
351.0033
4.9545
116.1070
314.8329
140.0589
120.3176
151.8904
351.7760
137.3605
122.8432
129.3709
42.6172
117.0481
127.1486
129.3449
116.0220
110.2510
122.1137
116.0014
104.7933
124.2880
119.6089
127.9456
128.3615
88.2799
117.0827
351.7470
354.4398
134.6997
134.3507
123.1757
121.1220
117.6260
129.3653
349.8151
352.3615
115.8791
83.3152
126.3103
125.3731
103.2666
88.5543
135.1176
136.6828
123.1760
120.3254
110.6157
114.2333
117.2992
116.6033
0.5047
115.9532
113.2488
122.3857
122.0888
14.6534
117.7020
136.0619
310.9921
341.1357
113.1171
116.3146
134.5057
134.4125
124.5671
127.9924
113.2953
347.2809
109.2806
132.9737
131.5506
121.2840
333.6302
333.9071
132.0594
5.7257
1.2688
352.7718
352.7929
116.5857
126.3713
105.0878
98.0597
114.3599
356.0471
128.2110
127.3099
108.3650
131.7299
90.0403
358.9835
358.6110
35.1250
110.8210
119.0499
112.1222
125.9627
130.5433
126.2942
118.3587
131.5354
132.2768
123.2517
109.4827
126.6862
129.5276
127.8435
135.5392
127.2553
118.1776
132.2442
133.6111
129.4703
130.4017
135.5650
131.0412
131.3540
134.9691
134.9144
137.2176
111.3418
127.4592
130.1579
26.8652
113.7423
111.3644
26.3993
133.9740
133.7130
135.5663
135.7347
133.7549
133.6425
128.1488
136.2318
134.0626
124.4847
134.2007
132.3694
114.1967
129.7898
129.7408
85.2243
105.5191
133.7865
135.1310
117.9505
352.6889
47.8704
128.9000
133.2884
80.7536
118.9239
115.7853
339.4746
314.3790
129.8459
131.2549
95.9242
93.6665
119.8330
301.2711
123.3697
125.1392
106.7460
128.0095
121.2476
122.7465
124.1173
131.1611
121.0459
130.1988
134.2008
114.2420
117.0093
99.3160
135.4284
3.8131
113.1924
119.4008
124.6708
114.7775
113.0936
353.2762
350.8759
127.2459
135.5961
121.6301
129.5996
324.0044
126.9690
359.5384
350.5369
355.4054
148.9591
317.2661
120.8586
97.9910
128.9588
103.1780
92.0821
117.0985
110.6086
103.2667
105.9595
345.4902
133.4057
105.4361
110.6452
107.8523
2.1104
108.6046
115.3550
117.6571
321.5358
5.0566
305.9446
94.4510
285.6199
0.2344
128.8272
359.5315
129.0688
92.4132
129.1546
97.2435
123.6450
121.7764
79.0498
92.7424
91.8840
152.2484
111.3507
130.2811
103.8147
84.6011
111.6836
25.9482
133.0522
103.5492
124.6566
125.4681
0.0075
120.8230
1.9006
124.5532
359.8096
357.6621
122.7145
51.7979
304.7930
359.6123
127.4918
0.4635
133.1099
120.3631
147.9153
123.1756
2.0346
349.0487
15.3579
107.9318
292.0034
110.7880
