0.5328
5.9131
359.9600
136.3889
90.0603
114.7066
359.9933
359.9933
0.5870
359.9159
98.8800
125.6708
99.2093
128.3839
127.4029
359.8600
359.9670
0.3140
360.0000
110.2704
108.3717
43.8692
0.0108
359.2414
359.4945
359.9920
0.2133
85.0751
112.4259
359.9903
0.0322
359.8935
359.9590
359.9816
98.8079
0.3863
0.3530
0.3335
1.8488
359.4861
102.8706
92.6136
98.4414
123.0364
0.2913
359.9753
0.1633
2.3206
116.6680
359.9109
97.2087
359.4417
358.7390
0.3198
280.6199
359.9906
18.2414
0.0184
1.0806
0.8768
122.3822
0.0348
0.5941
11.3743
94.7937
277.3385
359.1339
0.9637
359.9767
359.9679
112.7851
134.7145
113.4433
108.2589
112.8972
122.8273
104.2200
8.8911
159.5119
136.2722
130.1920
101.3959
132.8879
133.0860
119.4295
1.2484
12.4645
359.4018
124.2555
117.5317
3.7957
112.6814
139.1464
0.2493
131.6566
117.8226
334.1614
129.1653
115.5727
92.4844
112.7594
112.0773
124.7640
17.2504
133.7863
0.7747
103.2035
105.2123
136.6517
119.0720
106.2145
1.2677
101.1107
290.3743
126.3603
77.2018
275.0479
348.1643
119.9493
1.5960
113.6167
116.1029
312.6976
128.8541
148.5386
121.1852
108.9303
81.0846
0.1836
122.6937
338.4033
356.2292
359.2532
358.5506
313.8948
124.9833
110.3878
2.4312
2.9290
0.1901
127.7987
113.8023
135.1883
117.4970
124.4762
359.4157
110.3015
130.7045
303.5508
132.1162
0.1164
114.4580
355.1627
0.8671
116.1559
290.2848
87.7297
130.2328
2.4424
135.4512
125.4803
112.7319
27.1038
129.6543
122.3421
358.9082
137.0119
359.7394
107.7356
118.4181
359.8477
120.9223
130.0909
126.4972
99.1376
359.2403
271.8517
0.0658
127.3224
359.9658
129.1559
1.2609
120.2692
310.8987
129.9869
104.8664
358.8407
122.0806
126.6008
359.1673
0.4459
120.9645
2.5629
115.9136
354.3499
124.3999
116.2609
341.9862
132.7709
122.1111
92.5964
133.3109
55.4825
5.7898
111.3876
125.6794
359.3173
6.6923
131.6619
3.9416
103.1567
332.3649
323.2483
129.3095
132.7280
297.5340
117.8582
128.0819
132.4647
30.8184
130.5410
326.8392
57.7861
99.7252
0.0596
348.8986
106.0110
359.9801
335.3182
5.7061
126.2220
111.9330
101.4452
0.0059
359.5812
129.3430
137.4587
112.0896
5.1711
133.7225
358.9742
130.9938
129.7059
128.6908
121.9830
132.2237
134.1848
96.5293
131.1617
127.1446
136.4930
359.1900
129.8754
116.1325
92.6683
124.7332
95.2668
116.0129
99.6577
124.6645
129.6866
125.6447
119.1894
131.2567
112.1293
116.7370
357.8302
359.8930
357.6468
113.1754
278.3496
2.8630
118.5108
117.2638
1.0076
0.2036
114.1243
359.9413
106.8791
121.4137
359.7711
358.2297
117.0599
100.9922
121.9456
355.5813
0.8366
359.1206
121.9516
122.4708
115.1364
0.9360
113.3911
93.8123
359.9175
359.6581
130.1323
1.7340
109.5987
123.1101
1.8260
135.0889
132.5817
0.4108
5.0413
346.9993
121.1398
357.8096
134.4790
0.7768
2.0532
129.3957
121.5621
104.2237
114.3078
113.3207
351.8489
279.8292
4.8259
115.4852
122.4970
117.6539
117.2830
358.4832
95.9929
101.0620
131.1249
126.6829
116.2226
99.9980
112.2184
94.8167
130.3685
101.7145
132.8962
134.5691
110.4514
135.9759
130.6026
109.9321
102.5224
0.6210
131.4465
359.9635
0.7744
359.9570
123.2501
104.9774
7.0178
0.0138
116.1080
300.4460
359.7069
13.8015
0.6264
127.9584
58.6466
359.3818
359.9754
125.5021
0.5899
117.5841
122.8825
128.8490
122.5738
359.6798
132.2266
129.7234
359.7893
125.2003
126.5065
121.8508
0.0575
130.8103
17.2529
142.9795
0.4662
0.2744
95.3588
109.2105
0.0882
358.0814
116.9961
1.1052
127.4101
0.4608
279.7617
359.8908
357.0993
131.3537
123.6714
308.0339
118.8920
359.9375
0.1867
129.9093
100.7221
1.9229
120.1244
1.4969
126.7674
0.1904
359.9760
105.7092
357.1901
0.7105
96.5317
98.5166
0.0343
0.2166
91.8557
111.6826
128.6589
359.7276
126.8674
108.8734
359.6986
125.9435
99.2891
94.1482
0.4308
359.9999
40.7101
124.8296
356.0412
128.4785
129.3692
129.9395
85.1687
359.6990
11.3317
107.3215
13.8638
281.2295
133.7403
110.7481
112.4630
359.9228
0.7465
107.1952
23.2073
359.6509
107.5043
0.0003
359.4794
359.9703
359.0106
290.9217
5.2935
3.5636
2.5951
107.8971
121.4647
137.5393
95.1259
122.9066
17.7657
0.7526
127.6718
15.3421
130.9925
133.3659
135.4371
134.9410
136.5612
134.9785
133.4601
130.1353
128.6810
134.4422
134.7099
132.6743
110.1824
4.2243
103.0092
118.3846
117.8507
125.6219
96.7094
106.6217
120.2186
131.0137
57.3754
133.6008
135.6301
135.9740
128.1763
127.3116
126.4856
22.1758
118.4815
128.2412
124.4058
100.6617
105.0472
137.6907
135.9600
105.1476
94.6721
130.2246
95.2685
134.3146
43.4850
128.9623
125.1645
134.1036
132.2915
114.9338
329.2883
17.3620
107.1312
112.2756
109.2465
122.7968
125.5356
299.4933
106.6044
114.8737
359.9952
298.1262
358.7531
134.6421
114.0830
133.0694
131.7396
1.6923
84.4655
121.2146
93.3557
103.1841
135.3530
95.8118
81.0172
305.1666
341.1438
129.0457
132.6453
359.7458
130.1119
118.9590
120.2315
113.4080
21.9772
1.0171
121.5824
341.9460
134.2055
107.5371
111.5293
104.7585
356.2931
128.1057
0.5295
110.1742
119.7896
149.7441
126.7697
338.2589
118.4522
129.3637
120.7579
108.4750
104.3513
299.1041
115.9877
132.0090
125.0125
100.3547
359.8807
119.8003
134.6268
103.2137
126.6124
357.6141
117.7716
115.9338
359.9919
1.8159
0.1779
16.4415
110.1369
357.9576
27.7875
6.8312
127.0974
0.0027
126.7329
126.1367
127.3388
277.8326
3.5480
132.5053
359.1527
1.0470
0.3275
348.2557
110.9189
111.0439
121.8160
126.1255
114.7893
0.8703
126.9563
133.2119
16.0221
359.0772
355.8956
120.6196
113.0210
121.1856
131.5386
132.0554
132.5342
133.6257
124.4356
132.5707
104.6733
131.2056
129.4265
52.4170
134.4566
359.9562
129.7110
128.6869
125.3785
122.3755
122.8898
359.7155
126.7622
126.5920
354.6243
337.5961
0.0250
120.8930
112.3149
57.3099
109.5461
121.9896
122.7826
73.2532
127.0839
9.6034
97.3176
114.1563
103.6890
134.2336
130.0047
127.0422
133.6148
77.9210
109.1382
121.8697
128.0981
124.5642
0.4132
118.3018
281.3139
132.0077
7.7615
113.9716
111.7795
120.1237
104.7644
359.8843
127.0343
124.1335
100.2891
94.0483
110.8492
129.0800
130.1143
127.4318
0.8375
120.3569
32.8455
300.1091
358.1978
126.7707
99.1479
121.3313
125.3545
352.9326
0.0627
131.3596
359.9091
122.2091
113.6094
340.1555
102.4228
2.7092
0.6361
133.0635
112.4046
110.2687
0.6696
106.4032
359.9985
124.8733
128.5520
0.6890
357.5964
359.9652
126.1132
133.3341
358.9243
358.1162
359.9315
284.0193
25.0864
20.5015
0.2330
0.0235
116.8183
121.3585
97.7302
127.3917
0.0245
122.1587
125.7103
129.8695
359.7022
357.0718
0.9911
116.4484
130.2089
108.6335
133.0384
358.6590
355.9516
359.8811
118.9832
358.1446
351.8188
116.0035
122.3215
359.6785
359.9982
359.4182
85.7590
279.2700
127.8125
359.4568
113.0605
3.2276
126.9399
134.2935
109.3768
124.9674
116.2444
131.1272
131.9344
133.6964
131.1570
9.3233
135.4667
359.9652
114.5401
118.0978
359.5458
0.0755
4.5943
0.0082
114.4237
131.8082
133.2874
3.4467
0.9375
353.8811
127.7034
15.4591
134.1777
97.8294
136.5716
94.3105
104.9823
113.0491
123.0824
118.7439
115.9079
118.0246
359.4625
105.4976
2.5369
0.5742
137.0601
132.0186
135.0867
114.6418
90.5514
111.8879
129.0982
123.0852
109.8154
131.3240
134.9637
2.3423
135.0361
113.0770
359.3087
124.2988
121.7889
131.1829
89.1309
115.2787
359.5530
135.2519
133.7045
5.4319
136.1747
0.3743
137.5602
93.3116
134.5538
133.8997
87.8714
119.4656
108.0242
337.1772
1.0164
124.3976
132.5477
119.1764
357.3489
358.5187
114.7180
121.9411
123.6313
135.7354
129.3261
115.3178
130.0213
124.0960
135.1383
137.8196
128.9901
130.2157
136.6663
132.7963
22.2073
73.5851
129.6026
3.3856
359.1341
109.3079
99.1033
110.4067
127.8266
9.6426
121.7261
351.6878
133.7359
131.7501
102.8380
125.6935
3.9770
115.4676
119.1655
359.8850
129.4604
312.4043
134.1340
1.9237
40.5256
124.9065
320.9665
3.9291
105.1306
134.8146
3.9833
119.6563
125.1099
0.3595
356.6129
359.6184
120.8283
118.1301
4.6960
358.9516
105.9110
0.1162
133.6740
134.6253
106.9706
127.7724
102.3658
131.0889
130.4510
119.4992
0.0073
133.2435
107.8461
359.9386
359.5259
120.8434
127.5129
359.9879
132.7253
136.4846
2.1236
115.7933
126.6052
110.8832
0.0170
101.9874
126.9980
341.8169
131.0566
131.4133
122.1055
133.2169
130.7432
359.9996
116.4461
131.8549
96.3754
352.7217
339.1765
2.2013
132.5430
118.9670
147.6779
92.0434
0.0280
130.1864
359.9199
359.7480
357.5103
358.3907
126.2201
97.9804
115.6550
359.9722
133.8109
131.4740
284.0018
0.0189
123.4966
359.5604
0.0023
131.5903
110.7520
0.0380
359.8871
358.9750
0.1062
131.1930
116.1678
6.4399
104.2359
353.2325
124.7866
101.3315
123.0129
130.0795
121.7333
118.4657
92.4427
0.9028
131.1155
134.1328
123.1182
120.6549
98.1989
0.4395
12.4494
128.4478
124.3093
132.1700
128.7399
112.1116
134.5931
271.0886
118.7294
0.6497
318.3871
128.2646
55.0423
4.0971
355.1489
0.1190
41.3267
110.2826
140.8610
1.8971
109.3274
125.0944
123.5901
171.5633
110.0729
0.0827
124.4662
0.0602
119.3733
124.1640
0.4538
121.9446
123.6486
122.9349
118.5290
108.9111
103.9708
359.2737
0.3077
116.5313
120.1396
353.1873
357.7127
129.8632
123.9127
359.9798
341.5616
124.0503
130.1102
120.0208
295.3475
13.6958
128.1795
111.4233
359.9676
359.4427
114.3808
110.8597
117.4803
358.7819
101.6829
124.0501
6.7639
359.5680
19.5768
114.6132
45.4529
358.9446
116.0797
120.1886
131.0165
134.0137
127.0044
119.2324
120.2168
0.0483
122.0427
358.1741
135.1721
0.1077
120.1311
0.0190
135.7758
127.1072
359.8285
359.6176
110.0731
9.8885
359.9897
0.8314
0.3443
126.0821
359.5822
118.7239
8.8140
115.9043
99.4255
359.8157
356.4571
359.6255
111.1488
0.0362
112.5782
0.0611
0.0058
122.7611
123.1529
358.2951
118.7610
118.2323
115.8513
280.8552
109.6804
129.1499
15.2658
124.7737
359.9699
359.7956
0.0056
108.4517
95.0130
118.0842
2.2559
94.2146
359.8586
359.8643
113.7546
113.8429
359.8246
124.2234
101.0124
338.9341
113.4583
87.6578
359.0685
359.7331
0.0113
125.2888
132.5155
106.5071
122.1670
134.9679
132.8694
117.9696
136.0896
129.7558
4.4529
95.7900
110.3761
117.8253
0.1951
359.9805
136.3522
127.2120
113.1921
134.1220
130.3637
117.2310
79.4234
104.1667
357.7007
115.7799
105.4640
125.0290
346.3069
1.5361
355.7051
359.4200
121.3824
357.9800
129.7214
355.0199
113.4049
120.6776
297.1476
358.9540
0.5782
0.3486
0.2150
0.0078
112.2858
98.8214
101.1353
94.2551
109.2661
115.6541
97.8277
111.2625
108.0799
359.2867
115.2089
285.5259
131.9199
107.9473
119.5458
119.8896
126.2631
357.0213
75.2073
134.7778
88.6862
351.0876
8.9710
17.7742
124.3626
1.2644
125.9858
123.6807
108.6918
134.1079
114.6142
295.3414
119.7865
131.9341
0.0280
119.3899
0.1116
0.1986
2.3310
0.5189
0.2730
359.6591
119.2690
0.0870
23.0647
133.4272
129.8921
98.6245
115.3240
342.6721
129.2421
359.9741
128.5191
359.5433
0.1684
357.8754
116.7111
0.6908
0.4207
96.6461
125.8155
126.6115
295.8372
123.6820
126.1667
122.9536
0.2117
5.2798
0.1922
0.6110
13.8706
359.0877
359.8392
129.7283
104.7303
54.7977
359.9889
359.9344
0.1892
126.9290
124.7842
0.1041
108.6026
0.2399
359.9950
114.3180
352.2616
358.6191
1.3457
130.0781
2.7018
4.6878
126.8292
112.9003
337.5695
107.1415
337.3260
359.9929
0.9195
122.3420
359.9914
120.0197
102.9157
0.0123
122.5224
0.0176
359.9210
0.0745
358.8414
359.9427
8.9461
121.9228
130.4249
125.5352
302.9799
108.3583
359.9755
113.2367
358.1779
95.4681
359.9378
359.9196
109.2864
128.8266
129.2568
356.8601
124.5150
0.3988
5.0882
129.9449
122.9383
355.3872
131.3122
119.7130
46.3841
322.7871
90.0141
126.9771
0.0119
359.9976
107.3674
122.7108
359.8077
124.1587
110.2105
129.8038
123.7395
119.8185
0.3070
115.1044
0.0195
109.7791
359.8863
18.3168
1.0926
106.3718
125.9456
123.9413
1.2631
11.1002
358.8965
0.0000
100.4073
0.3419
0.1838
129.1681
359.9561
102.5294
0.5228
110.4134
359.6163
0.1800
90.0064
123.8361
295.2974
0.0047
131.4712
0.5725
359.9878
347.5954
128.2008
28.9565
357.5317
125.4736
359.5684
129.4033
125.2498
0.1945
359.8920
116.1876
118.8112
110.1642
137.4755
122.5734
135.7050
133.4456
130.1600
131.0200
124.3728
117.7925
5.7058
121.7584
135.9702
125.0326
125.8223
120.7280
0.1008
0.2917
126.1084
359.3969
123.2755
135.4679
124.7224
134.5137
99.6419
7.6666
0.0387
129.7608
132.2516
132.9951
77.3296
122.6344
330.0065
119.5235
134.4251
107.5893
131.2884
118.3685
119.5551
130.4281
356.3559
128.7494
128.7365
107.0216
112.9536
82.6086
358.8234
105.7012
284.2862
105.3799
106.2919
130.2344
127.6070
93.4120
108.0587
0.0477
136.3393
133.8034
132.7685
342.4972
1.2342
122.8264
292.8031
359.9540
131.8520
18.1260
355.0933
122.8116
118.8211
0.5438
123.3844
134.3956
124.5046
130.3476
0.0337
357.8885
4.3393
126.6883
359.9614
119.7064
125.4799
93.9074
127.5112
0.0515
1.7243
359.8018
130.1402
0.6628
352.7678
0.0623
358.7734
357.1052
110.6457
131.6388
123.1294
0.6291
359.8969
124.8730
113.2436
322.3485
118.4787
115.1820
358.4838
129.2147
117.3211
359.2784
116.8784
1.2088
9.5180
129.1266
121.7854
86.8369
0.0898
118.9536
355.1854
93.9507
134.5599
96.3355
359.4607
59.9902
121.2760
4.2410
0.9920
358.8783
110.5873
0.1308
2.0495
130.8104
123.6845
109.8007
94.2045
275.6335
116.1128
29.2035
18.4870
0.0469
359.3975
1.9571
358.2931
0.6147
3.3276
293.0048
120.3832
0.0010
115.2480
124.7444
135.1742
136.9644
357.2234
1.6888
136.8313
0.7548
125.2358
356.0192
102.4896
359.5963
126.4262
358.6225
359.7947
0.0148
132.2766
359.7600
122.5164
115.4926
104.0159
276.1468
275.9960
355.1097
101.4562
2.1484
119.2037
106.9888
1.2064
0.0798
127.0831
352.6460
359.8433
3.6006
125.3244
98.9856
129.4420
353.2400
125.7742
352.9735
359.9773
51.9956
129.3432
119.9740
359.9248
126.9136
359.5317
110.0191
121.4074
113.7786
359.3530
359.9881
353.0649
359.8416
92.4581
132.2644
95.7912
130.3707
119.2652
359.8709
116.2110
354.7858
358.6803
103.8666
359.0762
112.9035
352.5131
115.5050
120.2931
112.4238
358.7864
107.5834
0.4626
0.0000
121.7847
356.3208
0.5000
120.2374
108.1418
2.0868
118.2799
118.5361
115.3661
131.8447
125.2636
356.5673
128.6234
359.4657
359.4502
103.1239
114.2689
109.8890
287.9172
126.7502
133.5785
110.2871
123.0891
118.5775
1.1562
109.9319
125.0795
110.9384
1.3431
102.1664
357.1796
127.9292
347.3625
124.2736
128.0245
21.2234
124.0595
0.1071
84.4812
357.0756
336.0341
0.6921
1.2554
1.0369
359.8175
1.1513
108.2666
0.0642
354.9090
0.0771
129.5420
359.9773
118.3523
122.8934
359.1370
59.0107
0.0008
126.1681
135.6882
134.5834
98.3456
131.9653
129.0825
124.7972
123.6696
359.4278
117.4345
359.9976
124.3095
3.2974
2.6550
105.8141
122.6077
122.1776
0.0877
8.8772
359.8576
133.0695
115.0627
296.9388
359.9981
127.6913
90.7884
116.7979
118.4475
359.9058
90.8731
122.2029
123.9057
110.9455
359.4301
122.7357
106.0090
1.4505
0.4829
97.5355
119.7998
27.9358
132.3943
90.8804
0.0386
130.7359
95.4586
97.3328
359.6487
359.1650
137.0873
346.0239
117.8832
126.8179
0.0300
122.1645
1.4997
134.3652
101.5826
130.0257
131.3354
129.1197
0.1221
2.7416
124.8175
123.8802
122.6288
0.3946
135.5560
106.3188
120.3468
128.6349
96.8928
125.5530
128.9524
134.0393
130.6313
355.7618
121.5996
111.1829
130.8146
123.1413
354.8003
9.0069
124.2491
294.9775
115.3829
354.2786
127.7977
95.4903
121.9550
133.3934
135.5043
119.1217
121.8679
118.3394
135.8928
1.7915
129.6988
30.5905
0.7690
132.3644
117.2262
137.1744
119.3596
93.6553
359.9700
127.0444
102.5222
346.4978
124.2074
103.3920
135.6772
115.6956
134.0896
131.4085
118.0153
107.2471
292.7017
359.2011
359.8946
6.0884
353.5945
131.5599
65.4696
109.3567
82.8375
106.7267
320.9899
136.3346
101.6287
136.7177
48.0097
123.3032
0.9700
0.0953
351.3026
0.0049
97.4551
119.2229
91.5479
117.3611
0.9991
0.0209
6.8612
314.7817
120.1236
118.5600
9.1994
114.9462
0.7244
112.4878
359.7474
104.9171
102.6463
126.5815
124.1783
0.4992
359.8453
0.5030
118.5555
92.0724
330.4139
128.9470
356.7678
279.5084
119.5472
101.4670
60.9679
109.5350
104.2636
128.7795
120.9507
359.9526
108.8106
359.9649
116.0139
0.4021
137.2215
0.7923
299.9521
141.2305
134.1375
359.0479
356.4722
128.4737
125.0551
124.2937
0.5812
114.4840
119.4688
270.5328
133.4655
114.8941
110.3895
359.3372
119.2785
95.1340
128.4196
0.0626
1.0285
103.5805
0.0042
355.2626
128.0320
357.8195
8.8704
0.4323
358.6051
127.6630
359.4195
135.4115
153.1122
95.5886
359.9914
0.1970
0.0801
359.8667
105.9169
92.8866
306.4403
359.5561
116.6898
338.0805
13.4685
0.0135
116.3960
295.8451
127.6421
103.4797
8.4243
112.8833
0.5016
1.2264
111.8102
81.0111
359.1134
120.2141
129.5954
118.6684
49.2257
0.4546
122.9069
130.9710
131.1360
124.1247
0.0606
273.0031
122.8146
0.4541
0.8838
359.5542
119.9039
121.0606
119.8962
115.2068
357.4645
129.9382
130.0634
126.0887
359.9829
359.9561
126.6649
110.3104
359.9240
0.0470
3.8061
357.4708
5.9431
359.9839
359.3603
359.7688
117.4988
359.8075
121.7965
108.7924
358.1777
97.5965
359.9626
359.2313
354.8768
106.7579
121.1799
121.2200
132.5444
111.2957
116.7604
356.4532
359.9980
359.5923
353.1192
1.6373
3.3270
359.9540
0.2846
0.0997
126.8195
317.6487
120.0956
357.6864
117.0178
0.4908
273.2264
0.1405
120.5022
87.8417
124.1086
108.8217
9.0305
131.9549
121.6174
357.4721
100.4870
118.8109
359.9221
125.1711
122.8320
130.7739
126.2750
126.8888
359.3862
110.1866
108.5272
126.8089
134.1986
358.1946
111.9856
122.8183
124.1975
121.7146
115.6688
0.2836
133.8129
303.6898
117.1983
8.5951
131.9095
122.4100
0.3851
278.1765
132.7544
354.9121
94.6299
357.8594
125.1909
0.0737
0.0572
121.3615
359.8852
126.6481
30.9407
117.2934
134.6659
91.8555
0.2702
350.3784
284.3434
96.2242
127.6140
1.3855
0.4541
120.2399
92.7718
0.1364
0.2255
119.4463
359.7500
121.2716
133.6166
358.0110
94.5425
0.2643
135.8793
100.8601
0.1908
0.1813
131.5077
358.4537
0.5839
359.8677
359.9873
1.1464
104.3684
116.2079
359.0010
128.3915
116.0332
113.4706
120.7960
108.0770
359.2268
1.6619
339.8674
359.7272
0.3293
126.1499
24.4112
128.3378
113.6175
342.4836
111.8832
120.3260
0.0573
113.1648
123.3733
359.9952
124.6306
104.0296
116.5237
132.3182
106.0032
125.2722
122.7686
127.2046
0.9010
119.2521
359.9191
133.2528
354.0727
358.7550
122.4181
356.2738
117.8776
1.0483
122.5965
359.7986
359.2692
82.3024
0.1780
282.0590
128.9526
359.4386
118.1850
0.0403
129.5849
359.2554
0.2831
121.1865
359.9215
0.3698
132.1192
90.4139
4.9618
290.3937
0.7759
0.0114
355.6228
0.0759
124.8000
102.8489
105.4986
105.7945
22.2123
0.3936
123.9440
118.1450
119.1308
130.8997
359.9185
124.3679
0.0006
359.1798
116.7786
0.0496
0.2076
107.7609
314.3860
345.5828
0.6974
0.1010
359.8614
129.4429
111.7938
359.9336
359.9597
359.5844
359.8734
359.9699
0.9038
131.4157
120.0149
0.0713
109.6141
104.7041
0.0401
23.7717
358.6174
114.7390
0.4204
7.5991
126.5925
100.3081
359.9506
124.3583
112.0573
126.4327
127.9194
0.1530
0.1504
353.8317
90.8702
1.0177
124.2051
113.9180
2.5637
132.6704
118.1853
109.8583
107.7941
132.0281
122.7979
121.2755
105.5934
0.6871
105.2883
359.8990
1.7053
339.3917
125.2753
0.0433
93.6631
110.2459
131.2201
285.7193
113.6363
1.2142
120.4977
123.7929
0.2577
359.9531
128.3265
96.7296
113.7524
0.0240
120.8075
3.0715
0.7780
111.9996
359.0815
359.5554
130.2998
359.1280
122.7747
359.9912
4.9505
357.9984
0.0044
0.0167
0.0284
358.4568
108.9098
116.7316
115.9396
126.7819
0.4394
50.0815
1.3892
359.9996
110.7581
359.7016
115.8743
359.7855
113.0006
0.0403
116.2459
0.0227
108.3614
357.8082
359.9999
130.5875
119.7294
0.3730
109.8421
119.3086
99.3924
359.9816
95.5415
103.3842
129.0897
0.3763
119.5121
117.5904
359.9902
117.3907
137.2183
92.6014
116.8785
0.4259
103.7024
118.0096
109.6228
122.2152
120.3277
111.3489
359.9663
0.5136
346.3868
0.4205
114.4473
131.7735
57.6443
106.8708
130.7935
124.1717
0.3362
359.9466
359.3200
123.2266
0.2435
0.0028
278.7290
0.5517
359.5691
355.9893
128.1104
123.2812
115.4551
68.9646
126.5772
115.5202
95.7933
358.9559
17.5538
130.4832
97.4424
22.7170
126.6415
0.0290
359.1300
118.0029
359.9825
0.0503
357.6034
126.4528
129.1977
90.8629
0.0130
112.8824
359.8912
91.0286
359.4974
359.8505
91.3062
0.0392
1.1412
359.7440
119.9758
0.0373
359.4284
0.0718
130.5850
341.9148
120.4795
126.4996
1.0205
358.3795
0.0005
359.6501
128.7317
0.0601
94.5877
359.9971
357.8704
359.9955
354.9301
359.9080
0.0135
136.8859
124.4113
5.0190
113.7985
359.5440
115.9423
359.9930
115.6343
0.0162
115.4606
280.5931
128.7557
104.4919
109.8289
0.4215
132.2939
119.4430
351.5772
38.5141
100.7222
359.8754
120.9622
125.8438
359.9307
114.3715
3.0454
133.2625
119.5940
359.9897
124.9997
359.3431
125.8352
104.8346
89.9025
0.0011
96.6590
103.1137
0.5551
0.0330
92.6382
117.6045
106.0273
359.9960
102.2944
355.3830
121.7140
359.9814
123.2587
108.0691
113.4805
0.4414
0.3163
133.0828
122.2006
359.9259
1.1098
124.0141
0.0370
1.3759
127.6222
122.7740
3.1684
115.3590
123.6245
348.7851
132.9955
111.5526
0.0000
124.0676
0.1159
119.3792
127.8347
130.2346
0.0229
0.8804
0.0360
110.2719
354.3485
94.1917
126.8801
0.6479
126.6279
131.4975
117.3135
0.2817
123.9130
91.9449
134.1191
359.6537
359.7931
110.1281
108.4976
2.0564
359.9790
129.9437
119.5129
3.4947
120.9463
132.1922
111.7091
359.8481
125.7441
6.4738
128.5845
83.4393
354.6033
294.2524
88.2305
359.1673
6.1000
113.3530
108.6531
0.1761
100.2657
129.7383
357.3392
348.4470
119.6734
359.9869
359.9653
33.0313
29.5720
13.1008
355.2969
116.3793
130.6263
115.2248
128.2294
129.7988
359.9779
1.9355
116.8228
358.9099
343.9532
358.0171
0.4404
359.5705
122.7751
344.7654
116.2492
132.1145
359.0090
116.9013
126.3646
129.7712
131.1775
134.4253
1.4679
35.8232
135.3566
112.0612
359.4466
0.6017
130.4980
55.7604
126.7664
0.4054
108.1912
126.1545
123.4937
130.8766
114.1703
120.0245
117.8180
0.0243
130.5493
110.2363
130.7142
356.0908
132.4395
0.1668
94.1340
114.6403
0.0008
359.6025
102.1194
135.1394
125.6000
359.9156
334.4378
109.3010
131.4485
119.0870
89.8052
126.0449
121.5128
118.2422
12.6116
125.9562
121.5633
354.2193
117.4980
127.1186
128.2960
359.4924
123.5891
0.0529
0.0747
0.1669
0.0403
122.8538
123.0185
124.2042
0.0447
131.5024
359.6166
0.1624
359.6062
110.9980
122.1903
97.9523
114.6891
0.0275
359.1679
359.6121
0.1412
133.1517
359.9996
118.5418
133.8947
118.9545
359.8715
101.0233
0.0242
126.0413
120.4351
0.7075
359.9488
97.4981
122.5571
127.1772
0.0262
118.6550
134.5334
0.6923
109.3028
0.0072
123.8204
114.9292
0.0072
359.8306
359.7992
0.0349
359.9918
0.1443
359.8205
0.2388
359.6881
359.9879
359.9749
359.5684
358.8632
0.4805
359.9609
359.7328
2.5612
115.8065
358.4896
0.0003
135.8234
134.4272
0.0249
334.4102
127.3373
130.9581
131.4539
132.0035
102.3854
114.6986
128.0596
106.2923
108.6213
133.7903
133.7507
134.0941
134.8452
135.6144
135.5462
0.9441
0.6993
127.3457
127.9742
121.7956
113.4861
104.9235
104.8695
132.8671
130.9377
134.6807
0.6113
121.4808
34.9367
134.5237
118.8069
345.9629
127.6760
121.4939
129.7352
131.7238
131.4740
119.6767
119.9657
134.4515
0.1262
326.7976
93.9927
88.6044
132.4327
118.6837
115.5572
132.0228
128.3975
124.2963
102.6411
134.3598
114.9436
102.2210
130.0069
355.1342
135.7839
129.7191
92.3552
138.1558
132.6039
351.4383
134.5513
124.8423
114.3977
97.4028
135.7240
59.7535
126.0921
127.9003
359.8730
127.8519
330.4935
90.9632
147.0950
125.2007
119.3410
134.4481
348.4190
133.4162
126.2095
0.3992
94.3538
119.0777
109.8931
128.5165
126.2364
99.0893
134.7272
131.5184
133.7686
6.2912
111.3520
357.6643
121.9568
121.8839
46.2647
359.7787
125.4310
105.9707
134.7506
122.2122
130.1110
351.5644
1.3774
109.6978
323.9216
130.3272
126.6871
107.6539
119.1777
130.2620
121.3610
131.2111
125.0916
133.6821
118.8540
0.7563
132.1974
359.8219
128.4245
131.9373
85.2363
136.0947
52.9234
125.9512
127.1097
105.4980
10.2010
130.6031
338.3528
115.6096
129.1972
358.6217
97.0738
287.1128
356.3100
287.9820
329.2177
110.8346
0.3093
114.8059
124.1265
359.1957
122.1282
129.6222
127.0930
357.9298
96.2184
97.1686
131.5335
124.9559
120.1495
131.3590
132.6486
97.8282
131.2222
359.4201
358.4838
129.1319
101.6428
359.1592
359.0242
359.5332
358.9882
104.8307
10.3773
101.5468
34.7616
135.8682
125.1180
333.1598
168.4255
126.0635
91.6436
114.9799
0.1412
359.1210
124.4046
133.4393
357.1788
131.6156
299.9116
137.5714
6.0607
154.7173
127.7838
133.8468
123.4479
134.1953
127.6052
97.2838
120.6532
290.0237
359.6033
109.3272
136.6148
130.1702
126.3311
110.0719
128.5857
100.8720
117.4752
129.3456
102.3770
334.3029
119.5942
116.6628
359.9973
92.6055
126.4269
132.6377
21.1007
133.0751
358.0778
0.4659
120.0988
109.6309
100.4323
131.9678
128.7872
133.4520
14.9121
133.6540
113.8427
128.9955
111.9332
135.6413
129.3484
101.6594
107.1480
8.4220
130.6378
118.4479
119.5879
105.7322
128.0606
108.6627
132.8062
131.9445
359.9821
0.5202
359.7384
3.6523
1.7778
347.4834
137.0110
129.5754
116.0579
104.1211
130.8808
0.0210
135.6335
0.8110
117.1198
129.4673
128.8044
135.1733
121.6036
91.9806
0.2811
131.9973
359.8961
133.6790
359.9366
357.9242
121.5730
2.6156
359.2148
118.6176
130.2618
137.2394
131.0910
132.9905
130.1423
121.5959
0.8985
357.3706
359.8046
107.2122
0.3649
133.1819
359.6212
119.2838
130.7202
5.6711
1.1090
124.3559
119.0567
128.1410
120.8874
112.7758
131.9856
119.5868
100.9812
2.9801
135.4366
116.8878
122.2838
112.1056
96.7859
121.5484
114.6450
134.1040
127.3509
126.6690
119.7399
112.0318
118.8494
129.0477
359.3953
1.0472
12.1838
0.2545
126.3690
124.6310
107.2875
0.1225
103.9517
127.2815
122.0831
359.9525
133.6063
117.1005
359.5028
358.3562
130.7611
125.4339
118.6771
129.2493
109.7804
131.4923
114.2425
1.4593
134.1019
97.5132
85.3655
102.7856
330.2504
120.7140
15.6027
135.0867
120.7061
135.0018
0.9057
359.9477
359.9876
115.1322
130.3580
2.0690
118.8549
123.2062
359.9166
358.0352
130.0518
98.7792
94.4672
4.7076
121.3138
359.6196
110.0753
103.5982
95.3646
0.2496
359.9963
126.3203
359.9801
0.1669
0.1296
110.8303
98.9990
342.8947
359.6761
94.6830
0.0508
350.0348
0.5448
131.5499
106.7233
106.8094
134.9380
89.8661
332.1653
133.7660
94.5751
126.9685
0.4114
346.2401
359.9938
128.6777
122.3824
106.1717
0.0005
127.2183
125.2672
59.0215
116.1347
119.2011
126.1293
2.5005
93.2296
2.1505
126.9383
129.7242
112.4416
115.1457
113.4033
358.2477
359.9653
359.5460
124.2952
100.0634
118.5136
119.4443
0.1246
130.2491
359.9977
127.9704
0.2324
359.5790
124.5455
357.4972
128.8191
114.9304
99.8575
39.0875
108.4057
7.5257
116.5879
32.9467
125.5787
105.2468
120.9594
106.8945
0.0061
96.5821
0.2884
131.9541
130.6351
90.5752
358.0113
0.0003
119.8973
123.6029
129.9608
359.0163
99.2616
359.9791
134.1906
359.9531
116.5617
115.1592
156.8940
0.0097
327.5936
110.7542
357.7017
112.3838
129.1417
154.8775
0.0083
123.3654
0.0280
321.3913
359.4449
342.2218
138.9330
130.5939
106.9177
127.6341
358.8098
113.2016
9.3119
120.2032
287.8653
143.3943
359.6056
358.8133
114.9328
130.6023
133.7809
135.5206
1.0288
26.2501
92.8676
135.3463
75.8767
133.8315
125.9407
359.9773
289.7454
359.9624
120.9903
359.9018
135.0969
0.0400
120.6365
359.3395
121.3420
126.0524
0.0628
5.9494
5.7109
128.9936
0.0048
356.7683
123.0018
131.2905
120.8287
346.6085
357.2953
129.9698
110.3434
3.5526
123.0831
132.7783
134.4752
131.6321
117.2727
132.2416
131.7907
124.8391
120.5681
117.5491
129.8922
113.5587
99.2480
119.9025
124.5059
98.8158
103.5281
127.7305
129.7285
130.5115
127.8546
130.4756
132.0188
95.0358
335.3472
93.2347
92.6128
137.2871
136.0665
109.1676
100.6336
133.9671
110.8128
96.7171
126.7671
102.1173
95.0551
132.3762
129.9323
358.9220
118.2008
114.9060
134.4637
132.3286
1.3030
359.9844
108.9760
128.3306
89.2075
124.2774
128.3839
359.9746
345.3788
119.0750
118.6297
130.6202
91.6723
90.0588
359.8465
108.8257
111.5314
134.5402
1.1762
1.6503
92.3349
111.9960
116.4364
96.4786
134.1958
102.0870
98.2590
123.6505
130.9014
0.2062
120.3559
117.5695
354.4569
0.0573
115.7514
103.9880
119.5935
4.9154
118.0491
134.8341
8.2063
130.5488
95.2012
2.5419
131.1092
33.0480
98.5310
98.3770
0.1574
124.2649
357.5705
109.9882
313.8433
34.1689
0.0007
326.1635
275.9891
128.0939
114.6890
121.7221
130.2744
131.8487
132.2406
134.5202
126.3686
133.7199
133.9213
133.6965
123.2727
0.2830
3.1509
106.0394
132.4226
130.9794
132.8191
133.7517
355.3007
123.3153
129.3053
1.4329
126.6305
0.2142
122.8342
133.4676
113.0572
34.0426
118.9389
130.1377
127.6537
134.9386
128.6847
0.1747
2.5029
122.8334
293.7284
122.1215
130.9520
125.3393
123.5767
132.5157
124.0922
294.3232
133.0098
0.0780
281.2825
11.3928
121.6303
342.9763
115.5264
114.8939
131.7784
117.7267
359.8970
0.1524
282.7339
1.8856
0.4829
359.7070
8.1142
104.5942
109.7358
127.9424
0.0033
121.1253
126.7713
9.7599
290.9485
283.5152
0.2464
0.9960
9.2790
115.1268
101.2102
129.1079
359.9740
2.3685
0.5112
14.4871
123.2704
104.3721
0.1226
114.1296
0.0117
0.1469
103.6824
106.7264
123.6317
105.1579
129.8707
110.4983
93.0868
136.9137
123.6047
349.5456
111.8974
359.9968
106.5825
108.8294
123.2070
355.1442
357.3391
359.7580
122.5453
358.7925
359.9328
359.9962
359.9991
125.7475
357.0429
359.9918
0.0250
359.9748
0.0114
118.9882
109.8510
96.1299
108.4357
359.9648
118.2108
300.1713
0.7454
117.5080
121.4029
122.2423
125.0747
359.5652
118.2945
122.6925
318.9180
313.9039
121.1297
126.9719
123.3358
122.7342
0.3568
359.9611
358.6246
127.1282
7.0722
2.5777
121.8855
0.4458
119.8564
0.7558
85.6657
119.7806
0.0162
357.9905
123.5309
