333.7167
39.4541
22.3122
88.6855
359.9997
112.9996
359.8687
359.8690
106.7832
121.2847
313.4039
130.7520
53.8589
126.4719
122.7406
95.0129
0.0908
9.4490
179.9918
359.3790
1.3803
3.4057
55.9548
114.9237
281.4905
0.8224
279.0818
270.0373
2.9747
4.4432
0.0002
127.7392
121.9902
342.7448
59.2349
115.3546
32.8239
358.8957
0.5234
298.6938
355.6176
124.9899
103.9570
127.1413
122.5043
324.5950
101.1538
0.2520
118.1809
296.9149
96.4773
86.4351
91.4102
103.0285
89.9151
8.5835
123.8367
123.1134
124.9068
123.0380
124.7225
121.4148
3.6621
7.6378
52.4301
113.1381
97.2313
108.7261
112.2923
0.5057
129.5056
118.3246
113.3621
113.7813
116.7442
119.8022
352.6292
87.1981
6.2274
350.0135
119.1538
47.0236
356.7227
45.8404
118.1829
0.2940
0.5140
100.2858
96.9280
359.2284
4.4167
345.0704
126.1942
121.4864
124.9315
359.5210
133.6052
105.5077
112.9174
359.9498
1.1432
8.1679
6.1551
117.3588
135.7964
130.6195
120.3933
127.6682
131.4860
132.2125
14.0739
120.3779
127.2573
123.1042
131.1645
130.8478
0.2924
119.9644
359.6355
115.3425
58.6735
117.7690
91.1760
91.6082
359.4726
358.8059
3.6876
0.2886
0.3416
0.6596
134.2490
133.8847
104.2936
114.8569
119.5739
87.5031
120.7730
107.5264
137.4788
129.0665
134.4854
135.8189
116.8951
115.5555
103.9628
102.4351
355.3566
355.4105
103.0479
124.0767
127.3664
128.1186
108.3412
87.1018
100.0867
74.7570
6.2257
15.7118
283.4554
358.4074
358.6438
125.5702
90.3825
123.6162
117.3174
357.5328
359.7102
114.2285
348.6555
112.9163
113.3658
5.1967
12.9217
118.5883
139.1159
112.8865
110.6909
136.5573
324.1577
93.5089
102.5561
1.2289
3.4433
306.8043
109.0673
358.5503
359.9278
131.8361
359.9352
138.3955
358.9213
117.2713
116.3575
130.0337
118.2525
118.2954
359.9343
359.8788
127.3323
125.8566
91.7563
98.6564
109.4476
356.3022
123.5603
2.7387
134.3014
127.0309
0.5425
2.0647
126.2711
124.6423
141.1112
133.3303
133.5391
129.9747
130.1919
127.2459
128.6494
128.2943
122.2635
129.9519
120.4470
106.1506
130.2167
124.5982
123.1164
130.8928
126.6430
126.8845
132.1259
130.8111
132.2122
128.5664
359.8361
129.8759
135.6698
130.4343
132.7620
117.9517
126.6226
112.3595
134.6167
133.3045
132.3243
131.7439
132.1175
133.4953
300.1338
132.1125
121.2590
122.8577
125.6442
130.1609
123.9843
129.7202
133.8065
124.6104
129.5290
124.5827
127.5243
126.4133
121.9846
128.9702
120.2430
354.6326
7.2816
99.4627
16.4819
40.8631
85.0959
352.9485
336.0533
106.3942
107.6614
311.3809
10.5141
29.2819
56.1645
116.5315
124.9531
124.4277
85.6498
102.2254
119.5517
121.2704
4.0834
5.7309
120.8036
114.7234
117.9692
121.5162
65.8076
116.1720
0.0099
81.2430
119.6322
118.9095
301.8365
94.7074
93.9881
124.9029
121.4784
114.4594
124.5501
122.0145
121.8308
118.8030
104.1464
3.1602
116.3174
132.0447
132.9830
120.2767
106.1298
98.9110
107.9063
114.2001
143.3190
147.7063
96.3779
120.2200
118.9242
128.1983
65.7277
2.7729
111.4148
118.1932
347.5948
331.5159
124.0414
319.4300
133.9246
131.8430
313.4404
326.3745
118.7179
122.0404
76.4018
96.6985
129.5989
131.0679
358.9875
357.2395
117.8713
111.6032
354.5607
359.8154
358.7077
126.8237
114.2198
113.1899
116.3984
92.0581
123.3020
327.2805
308.6433
125.5152
123.4296
124.0561
109.3901
357.4996
59.0734
129.8349
126.1054
134.0951
118.8326
328.8839
346.7101
314.7357
142.0756
92.7688
0.0577
348.5220
354.3158
359.5882
0.7753
131.3910
130.3202
95.9015
102.7628
128.8087
125.8669
123.8264
106.7918
122.2656
3.3263
116.1626
117.8769
135.0794
122.6629
359.8470
11.9549
108.6505
111.5850
130.4529
290.8536
333.8661
127.6378
359.8117
358.0968
352.3910
3.1973
356.7611
10.2660
132.4463
105.5583
120.9862
122.4732
129.1230
142.6891
9.2079
138.3507
129.1183
132.4435
134.6740
120.6299
116.6188
123.4171
118.0518
128.7020
133.2662
131.4977
123.5214
4.2757
13.3099
136.0645
128.0631
122.6405
127.7189
359.3718
109.7588
129.3811
132.4294
127.1303
131.9838
60.1175
130.1916
107.8469
98.5139
126.2253
125.1422
129.0745
359.9915
119.3444
117.1693
130.0395
133.8877
120.6689
123.1127
114.3046
123.4867
55.1878
125.3507
44.1215
131.6658
131.7372
126.8010
338.3831
114.1637
351.9031
122.1824
139.3200
126.5733
129.3778
128.7526
139.7588
124.4563
98.4136
125.2209
119.6575
1.3895
15.8494
85.9235
97.0174
92.0481
116.2166
3.7941
18.8184
132.8979
343.3586
112.7967
132.9933
123.6518
124.9022
132.6531
130.1072
86.4398
104.2437
106.5200
113.9118
132.6437
112.3914
0.8525
2.3637
130.5072
128.2589
84.6174
85.6063
122.4490
120.9021
120.9578
118.8511
131.5905
108.1730
128.9560
132.8661
298.6872
136.6786
356.3813
115.4448
118.3873
355.6229
72.0283
128.0160
128.2593
354.0048
0.7099
99.9708
136.1562
135.6248
115.7380
1.8592
125.6549
134.9575
124.3022
116.5576
105.8864
130.1272
169.6532
120.7581
137.2028
0.7809
358.3542
133.6907
122.8786
127.7968
126.7829
66.8265
11.8304
344.3592
118.2214
24.5683
113.3402
329.8962
328.0875
116.5558
129.0703
116.2291
122.7287
125.5437
346.6348
347.6133
99.7138
108.4200
140.2456
346.8478
125.6802
342.0391
104.7211
121.7170
117.9203
120.1610
356.4843
345.4864
129.6204
127.1874
127.9467
96.8108
124.7828
124.3414
120.5594
134.7880
134.9932
104.2284
132.4752
130.0156
130.1631
135.3905
278.6501
102.4323
128.9535
123.1956
133.8289
348.1124
338.6482
128.5289
132.4316
135.4234
127.6886
127.7830
132.7447
125.7247
103.5137
104.6388
132.7238
131.5520
107.0806
129.8903
114.3837
113.4350
135.2865
118.7844
132.8299
114.2337
11.3096
122.9023
106.4851
87.5211
118.4136
124.1737
128.6369
129.0888
130.2553
135.5169
127.3342
93.2926
121.4203
126.9345
130.4749
130.3856
358.7295
125.6856
123.8524
121.2059
117.3590
136.8374
359.8951
125.6851
126.8555
114.3117
117.5610
171.0819
339.8823
124.8045
119.9424
128.2340
124.7448
124.4076
119.8425
123.6499
126.4413
120.3433
8.5848
135.5766
131.4210
120.2617
109.0711
124.4440
123.5370
120.7168
124.4021
127.2130
125.4628
108.3616
127.7164
102.8800
295.4201
113.1505
111.1669
291.9353
116.5240
61.0735
359.9750
359.3331
116.5736
122.6392
136.5782
109.1374
350.6737
127.8219
129.3644
121.2716
108.5005
109.1127
106.2601
152.9668
348.7230
103.9212
110.6910
128.5932
356.4472
358.5557
128.0217
131.2347
342.9280
126.8313
111.3284
111.7448
123.9031
133.1861
116.4941
126.3139
154.1193
162.7436
124.0581
358.9299
122.7626
123.7306
104.8807
136.8958
347.3273
348.5832
133.0847
123.9739
134.0672
0.1788
128.5931
132.7709
139.9400
359.3031
102.6759
116.4190
114.5063
116.4966
118.1404
117.2742
118.6963
117.2305
123.3634
123.6222
312.8731
119.9828
126.8143
127.7737
136.0419
134.8768
111.8371
125.7318
131.7014
110.3448
124.1508
18.1896
352.6801
123.8843
123.1120
56.9798
10.7559
127.0573
118.6949
129.2926
132.5652
113.6584
113.0589
121.1861
121.9854
122.8472
120.5351
77.3023
119.1220
121.6137
118.6626
353.6777
128.2363
119.5833
118.1450
132.4721
129.9819
322.9976
332.2888
18.6560
2.8508
128.4703
126.3822
123.5153
121.9805
120.4690
142.3966
115.3603
105.8863
130.6810
158.3093
108.1953
111.9503
312.5809
114.9950
111.9343
356.2249
116.3543
26.3924
110.5970
118.3789
358.4459
351.7470
108.4486
123.6861
120.7103
134.8189
128.1745
126.7586
135.4786
145.6732
132.7728
122.0579
126.1679
119.6467
114.3495
116.1568
131.4937
135.7300
113.2375
9.3987
118.4997
123.6944
133.2801
115.5314
129.2609
114.2254
123.0435
133.2248
134.4010
134.5347
136.0790
135.2730
125.8229
120.9885
96.9038
110.5807
90.9330
133.2897
129.1648
135.9005
131.0430
113.9753
130.8364
131.0587
0.1987
110.9111
119.2767
124.2058
123.0731
128.4516
2.2218
17.5937
120.9548
129.6397
134.5415
133.1944
113.2888
116.6542
118.1253
117.9763
85.7433
126.4391
87.1497
115.5049
358.6442
358.8365
125.1472
120.7420
135.8836
129.3006
121.0584
113.4620
126.1533
132.6465
136.5424
121.4982
332.2173
150.6644
122.7020
113.3309
126.0696
129.9671
132.5929
130.0704
127.9949
33.1690
96.1484
115.3835
348.2663
329.8659
133.5065
130.4864
121.1048
121.1462
302.7285
122.9578
68.9808
5.1476
133.2091
130.8493
116.0024
115.3810
135.0360
129.1740
135.8264
135.5073
300.3335
128.2767
123.9748
134.7755
125.6309
122.9171
149.8884
357.2393
133.9504
110.9172
117.6980
135.7223
127.5751
125.2594
124.0188
91.6795
118.6800
125.4355
116.5550
3.2733
351.9109
129.6152
128.8191
334.3997
0.3083
108.5284
133.6854
119.8281
331.0113
353.2173
119.9839
116.4677
355.9134
108.4478
3.1268
53.9722
122.1878
121.1433
127.4528
122.4180
130.3032
129.9977
101.2366
111.9093
132.6791
131.2888
137.1740
145.2813
125.3846
132.4350
139.1377
104.8926
100.0359
130.4375
128.6786
0.6752
2.5740
118.9516
117.2951
5.5819
138.1310
126.3191
125.9060
130.5592
122.9518
316.1041
313.1887
293.1084
290.3701
357.1209
350.9044
129.3540
135.6097
120.0224
136.1880
124.5036
119.0406
346.9968
354.3994
134.0144
18.8274
77.7784
354.3866
90.0188
113.9885
345.4082
130.5966
83.4417
129.1774
130.4382
349.8900
28.8495
113.1334
110.6896
129.1240
127.3680
124.0509
120.4092
66.3076
29.8622
122.3043
0.0916
149.8974
344.1065
127.5285
131.2576
118.1148
109.5832
125.8717
22.7664
7.8526
102.5513
102.3014
116.7213
354.3543
131.7668
127.6758
350.7741
355.5667
24.9917
1.1309
105.9195
359.4776
0.2219
18.3455
41.4485
113.4402
104.9649
121.8543
130.6641
356.9508
60.1962
127.2195
105.7107
110.9949
126.3343
121.8850
122.4958
125.2122
128.2632
134.2647
134.4031
0.1327
116.9754
94.2736
157.9974
123.9531
136.8703
131.1589
6.4800
87.9401
112.0024
115.8676
359.6331
359.3754
345.7082
120.1881
119.0412
92.9792
96.1816
157.6258
2.1899
109.8215
110.6332
133.6277
123.1705
125.7165
325.2023
129.7711
0.3262
0.3859
114.8965
12.4439
121.2290
119.8670
5.7969
41.9894
130.4310
129.4544
356.8916
124.0149
151.0010
20.4967
358.6344
358.4870
3.6007
355.2217
118.8346
114.5270
107.4689
134.9641
357.7645
99.6010
359.3213
0.0714
310.6738
310.8605
354.7011
350.8077
2.7054
359.2248
349.1495
351.6756
358.5003
354.6309
125.1373
128.7174
125.5488
133.9412
122.4695
118.3478
126.9823
128.6311
110.3638
355.6965
116.1450
132.1985
348.8941
134.4031
113.6211
122.4329
119.4160
128.8271
121.7501
116.8607
129.9791
4.5529
4.8770
130.2888
130.9430
101.7216
136.1183
133.5444
134.3111
108.9648
119.7236
7.6688
121.9410
102.6191
5.9326
134.8726
135.4754
117.8399
133.1391
293.0599
299.7118
130.4731
116.2173
108.7850
117.2410
357.9477
101.8125
108.8924
127.3902
123.0450
23.7589
14.0239
127.8404
4.7934
0.9947
358.2088
24.1154
103.1535
8.5038
356.2616
321.7911
103.7087
133.4073
133.7612
135.2965
113.4418
118.3728
124.2572
129.7246
102.9294
117.2677
113.4850
118.0260
147.5035
70.2540
126.3158
347.7241
93.7851
281.0029
125.5664
131.0004
129.8858
343.9372
130.7746
112.4762
108.8967
351.5669
92.5860
1.2662
1.8611
124.4829
121.4952
359.9028
130.5468
127.0559
353.9361
137.5877
359.8590
3.4398
116.5859
129.9015
128.4673
359.7760
359.5575
0.8688
353.9720
93.6551
128.4421
135.3256
132.2870
0.0601
359.1176
163.4834
358.4395
118.9505
136.3815
141.8314
75.5018
104.1191
123.3519
106.6867
121.6849
15.4093
15.1215
302.1162
298.8579
117.7112
122.8146
349.1713
4.4688
29.0988
9.2945
3.0915
11.7274
126.8880
99.3379
99.1300
89.3734
82.0358
305.4581
122.4398
359.3709
133.7489
125.3337
114.1602
98.0003
104.9637
0.0980
65.9668
102.3127
18.2317
63.1770
151.9611
102.2864
309.0455
310.0746
4.7386
355.1552
122.2626
124.5327
133.9501
76.6200
111.3392
118.0312
122.0190
128.6676
1.2090
135.1476
80.7301
114.6522
136.4106
134.5192
141.3011
122.7654
126.3966
124.0619
117.1893
123.2781
120.5603
130.9732
123.3771
123.5677
135.6859
106.6813
344.3174
97.4430
70.4882
90.0066
127.3773
354.6366
117.4924
312.9701
120.6601
132.7276
353.5160
312.0538
350.7708
74.0048
292.8268
122.2260
124.8607
129.3807
107.8700
345.5031
8.6337
284.9518
81.8774
15.7532
107.3627
130.6795
122.9534
111.9653
89.9938
101.9410
359.9287
0.2282
110.0638
31.9545
97.4459
27.6079
133.8901
3.1051
31.0736
89.2607
116.5313
338.9183
359.3147
129.1446
140.2625
358.9674
305.7379
101.6191
117.0221
131.7764
125.8344
0.0816
125.9442
127.6047
124.3711
64.1464
352.2302
346.3996
115.2980
127.9456
130.1189
325.9254
303.0720
11.1162
104.4751
134.5545
133.1523
136.0482
107.8006
8.4630
344.6072
119.3892
130.1815
124.6387
4.5141
3.3161
118.8081
82.5914
114.7946
117.4138
116.4442
136.5082
136.5783
131.9924
113.3827
121.7298
352.3080
16.7582
75.1611
8.1819
310.7916
127.6915
353.6512
6.4755
44.7740
128.5543
345.8603
338.7664
328.9441
88.9666
105.8668
110.9723
0.3417
6.2127
350.1902
56.5786
358.6273
335.0082
116.8677
7.3334
43.9430
333.8632
347.6470
119.0943
95.5266
1.8431
359.9044
359.6436
359.8129
0.0711
1.6448
111.4663
122.4651
356.8677
333.9445
95.6423
114.5987
117.9479
97.0070
116.8214
0.0899
3.5265
122.2214
27.3277
0.3312
91.9519
121.0911
0.4149
17.1242
2.7327
15.4466
9.8111
38.0374
359.0355
58.0153
359.6614
0.7525
0.8303
6.9210
97.0681
130.9310
131.2372
127.9865
357.8332
132.3705
124.8781
0.2098
123.1481
56.3919
67.4786
354.9646
355.2538
356.3646
104.9496
80.6206
76.8343
119.0951
124.1995
118.4680
117.8913
112.6524
123.3390
133.2092
98.0776
96.4469
120.8253
123.6781
118.8946
135.7415
119.6735
111.8099
132.7402
131.9128
100.3088
100.3792
127.3002
127.9030
131.9996
127.9402
136.3025
107.8622
108.9425
0.5341
149.8352
125.7214
116.0834
90.4492
128.3177
125.4839
128.2949
116.6076
130.7989
119.1903
33.6352
84.9659
121.3649
118.9336
100.2918
120.0273
141.2368
98.0582
133.8972
119.0284
113.0459
117.1435
124.7540
123.9924
129.6309
124.6922
114.6450
119.7576
133.1827
277.8646
359.2566
119.5068
115.2571
70.7208
349.8707
318.4304
120.0575
46.7105
358.2474
90.4180
130.2404
116.7526
113.9500
330.7318
116.4737
116.4398
293.7871
9.7052
9.9456
114.5966
125.8410
121.3535
109.9993
114.6065
112.1644
100.5454
79.4756
4.7771
341.3516
116.5733
344.9594
16.3994
123.2416
1.9720
98.8098
329.5391
112.9048
122.7302
110.9534
338.7179
110.3731
17.2918
354.3997
134.5133
117.1105
121.2477
116.2219
347.3507
133.3085
129.6498
357.9787
0.0061
116.9074
38.8321
8.9531
131.2020
117.9059
12.2692
5.7175
124.7917
62.4995
121.0428
336.6422
119.3668
126.8821
357.7936
1.1359
139.3337
126.6508
119.3898
120.2886
118.4512
91.1957
101.0988
99.5185
132.7745
356.4568
348.2151
134.8667
121.1929
116.1718
133.9733
136.2158
321.3839
123.6632
127.5292
126.5640
130.9219
126.7483
109.8665
133.3863
133.9626
112.1644
2.6971
13.9519
45.3890
130.7736
116.2633
134.5912
126.5267
129.0743
125.6722
122.3536
122.5519
133.6207
106.9318
79.7761
125.3729
123.4040
123.3663
114.0716
121.4887
126.5420
342.5318
352.9143
111.1565
112.1688
118.6666
116.6692
14.0308
127.9079
132.7103
117.7761
122.3790
117.8445
1.8020
17.8389
119.6499
119.3844
118.3615
357.2193
124.6110
116.9939
0.0084
91.0553
125.8224
128.9113
129.0482
344.7938
358.4057
333.4805
118.0187
122.2784
115.5259
112.1348
340.3267
122.4578
126.0918
117.2153
26.8114
150.6134
121.8607
119.5658
91.3169
121.8039
123.7182
118.4555
107.6996
359.8615
121.3378
129.3053
115.1828
356.4836
115.3161
94.2868
12.2037
329.3938
125.3703
299.9132
115.1640
66.2466
9.0491
5.3751
112.6043
126.4819
348.9022
108.2623
355.8536
119.6061
86.7562
28.3011
112.2395
98.3041
102.2689
346.4221
103.8507
123.2728
96.9686
119.9161
117.2735
132.5860
359.1537
131.6854
123.8413
113.8616
349.8593
116.5626
96.7748
111.6228
117.6680
110.0348
116.1418
343.9795
116.0424
119.6825
104.8258
135.0168
117.4274
109.4237
120.5211
106.7868
338.4289
142.4845
136.0560
119.4483
132.8399
151.9799
124.5496
359.3457
120.2751
128.9628
93.9697
131.9216
132.5744
125.0277
124.4270
130.9345
133.2255
118.3705
121.0102
126.8723
130.9003
128.6374
0.4185
127.8503
127.9198
131.3279
133.0877
133.4323
131.6725
126.0503
123.8587
7.3452
0.3546
77.6635
357.3848
125.6059
127.7824
129.4614
120.1720
126.1778
132.1943
3.7453
135.0176
104.9657
107.3284
358.0025
90.7754
0.7034
120.2377
5.4793
113.3023
129.0484
128.1708
131.9103
125.7212
357.4973
104.3802
106.4578
97.8039
118.5790
346.3437
131.7715
355.5199
3.1246
101.0894
115.2966
135.1605
122.4919
357.4895
107.4099
359.6214
110.9568
5.6334
128.9217
37.3912
129.3883
122.4146
123.9298
128.4137
120.9655
134.8308
125.2211
124.4705
110.1763
112.5009
103.0561
112.3660
124.2980
270.9547
159.0273
357.6249
108.5037
0.6575
120.2202
123.9705
123.9889
128.6877
355.4086
355.9510
125.7269
89.0584
66.5985
113.3659
124.9902
359.0917
131.6443
122.3312
116.0484
128.8159
128.1717
115.5606
0.3108
127.8261
49.3886
120.9394
120.9032
118.9349
102.4966
105.8439
352.8451
98.1423
43.0706
93.4755
116.8748
335.5414
156.4128
3.0992
3.3414
113.8003
0.3961
119.2583
121.2227
120.5804
0.5710
118.8700
126.1331
125.3241
122.6807
351.2015
316.4414
132.6400
131.6607
130.7934
128.4221
108.5566
119.8055
25.2724
1.3213
0.2338
124.7672
17.8235
2.0647
130.2672
129.1439
128.6888
124.1254
123.3513
126.9462
116.5382
116.0565
112.7701
0.2946
57.0323
3.8434
117.3021
109.2847
0.5036
108.8434
138.4166
124.5968
359.8139
106.3329
359.8527
116.4291
109.9772
0.2598
122.1529
121.6908
118.2661
124.6013
129.0952
130.0217
105.9330
113.0361
80.7199
97.2269
6.5642
125.9535
126.6638
355.5459
300.5167
347.3240
359.2454
118.6779
120.9101
130.5897
115.2806
114.0651
6.3414
119.8826
122.0359
314.2180
127.1144
128.8161
122.2070
124.6096
122.8189
123.4841
126.7381
129.9468
115.0044
111.6075
1.3092
98.3926
130.5050
131.8971
122.3696
100.2078
122.4179
118.5974
350.0929
96.5563
132.6183
105.8848
113.3682
120.9022
3.8911
76.8969
359.7116
127.8948
125.0862
4.1735
136.3547
133.6369
3.2280
31.0927
95.6385
121.2766
124.2489
129.6606
129.0274
130.0213
123.4915
358.4566
114.5027
65.1299
91.2117
1.0364
62.0805
124.1996
117.0788
126.2863
120.3300
90.7222
359.9674
129.9147
120.0992
121.4684
132.0430
130.6022
123.1837
0.2102
359.4797
120.3477
113.8133
126.2031
120.4058
127.4557
0.1559
134.0514
132.2691
130.1223
306.8675
120.0158
130.7894
113.1904
0.2316
4.5667
135.0233
94.9031
59.6671
17.7226
128.7629
128.1859
115.9558
117.7343
106.7728
345.5321
285.5718
133.5871
126.3693
82.6489
123.0949
123.6718
115.8575
115.8067
104.5095
1.6419
131.2387
1.4550
130.2582
112.8364
344.9269
127.4905
130.7796
134.9079
122.8150
122.4335
111.8682
119.5853
113.3921
108.8129
131.0793
352.3095
126.6433
119.9422
117.2850
356.8578
134.1282
128.3201
1.0688
110.4832
124.0481
127.0767
107.3462
121.3189
119.6261
352.1719
358.2486
124.4866
1.2828
123.0790
125.6325
357.6978
125.3845
1.1725
122.5756
127.9692
125.9365
128.4867
126.7694
130.4804
115.7113
122.0157
0.2225
120.0109
94.6354
128.4999
131.0099
129.5386
134.3907
102.9367
100.5505
93.0249
127.5631
126.4355
122.1770
124.3144
109.7548
124.2477
123.1433
326.3533
113.2538
116.5230
119.5696
98.6298
337.0361
354.7178
129.9218
125.6577
122.5933
359.9564
118.0916
344.2387
121.9324
124.9610
124.1338
129.9423
121.3639
120.5033
345.2319
355.5289
2.3525
119.8956
104.7020
293.1438
119.0372
117.6585
3.9748
130.2759
118.2322
99.7588
121.8773
132.3617
359.6230
123.1692
94.3942
126.8071
122.2974
4.6389
114.1987
82.3807
116.4149
117.6188
106.5605
112.7703
115.5805
349.9560
120.9659
130.2388
127.1213
119.7450
0.0151
101.3943
127.2587
129.4343
127.6797
95.3627
110.8512
127.1753
98.6616
351.4806
1.0208
118.3808
129.9397
125.6323
117.3744
101.5085
358.7852
128.1680
356.4328
114.8455
90.3163
130.2797
353.3223
67.5001
302.6822
134.9705
56.8061
349.3721
359.8273
129.2445
9.7122
309.0776
1.7132
358.9810
341.8582
111.0415
130.0668
118.0342
125.6351
117.3808
91.9886
37.7188
359.4507
62.7128
120.1654
110.5935
293.1407
92.0665
71.6433
48.9833
318.3078
106.4235
352.5251
358.4252
128.6413
115.7167
300.3268
77.3477
108.8373
110.2868
45.8683
93.4836
98.2632
316.4372
114.6494
306.0143
359.9833
58.8465
122.5401
99.7299
101.2270
123.1996
3.4161
123.1781
128.6033
6.2014
121.6363
123.9667
112.0788
70.2471
18.2166
280.9360
99.6434
101.7737
353.5116
126.8942
308.3304
117.1460
127.1261
359.9639
359.7590
121.9858
122.0950
115.4543
0.1577
93.0722
0.0537
335.3120
56.9347
131.4695
355.7277
358.6793
118.4600
292.1537
112.9403
19.3814
0.4530
0.3730
358.2033
278.9109
90.0753
321.8584
42.6100
133.6854
119.4710
357.5613
358.3060
78.2901
130.7449
112.0694
359.7423
113.5077
90.3774
7.5949
85.0080
11.2970
357.6346
109.4625
103.7739
122.0787
21.8579
356.1725
352.0147
88.1744
132.0504
121.5437
292.9346
120.4041
91.3171
107.0714
131.6751
0.4346
2.3919
127.9394
14.1813
106.3662
1.5705
342.8086
0.3415
281.2657
28.7080
59.4152
137.3443
122.5442
85.7877
135.4588
129.3496
0.8213
113.3234
126.1590
134.0812
0.0525
120.9253
128.5986
126.0103
122.2830
120.2320
126.4954
334.1783
98.3844
359.2911
97.9339
353.7548
125.0843
115.3025
359.7976
113.5414
285.1396
119.9747
117.1315
359.5730
124.3058
125.2083
358.9186
274.9508
129.6629
52.4490
122.2739
112.3434
110.8803
108.6976
130.5927
120.3749
106.9879
90.4916
102.7775
128.0868
117.5398
7.2300
107.8705
111.8667
89.6387
105.8531
121.8726
129.9116
120.8688
124.5519
336.3049
127.9750
132.9653
129.3716
358.3967
93.5431
322.2917
25.7875
118.6794
115.3420
130.8947
119.4402
359.9999
126.7829
357.0639
90.8143
126.8794
127.2492
359.6144
83.1584
311.4713
104.2381
125.1652
123.7518
123.1406
1.2099
323.8935
123.0502
86.5096
359.0013
144.8405
162.8828
357.5303
31.8122
100.8819
119.4661
345.9692
122.6056
0.0259
133.7062
350.2582
354.2876
121.9363
351.6311
129.8489
132.3952
117.5908
122.5716
128.1377
127.4886
127.9841
119.4925
135.5832
110.0464
125.8720
127.4790
4.1809
13.6252
97.5165
105.3824
130.6775
123.0281
126.2855
127.3400
348.7787
92.8487
135.5879
135.6547
118.3253
122.8085
100.0799
0.6590
128.9100
121.9178
6.3687
125.5405
303.8439
107.6767
105.4308
108.6854
94.3531
103.7748
115.0606
112.5246
122.3604
130.6754
107.5323
96.8202
359.4630
96.8077
87.3566
122.6787
114.1603
111.1652
129.2939
124.9597
0.3140
354.9433
110.2380
109.2560
132.9071
133.0387
106.5615
125.9722
125.4100
114.0855
108.9668
117.7370
117.6397
109.0540
41.4843
128.4803
125.4230
133.5746
121.0346
127.6032
135.5675
133.3576
90.0278
308.6942
122.2163
117.9023
124.2469
113.6963
20.1156
131.7018
135.1250
337.7636
108.0461
126.5189
130.1454
357.6545
111.3920
126.6802
355.6645
348.0875
289.7953
127.6831
108.7762
4.2037
286.9103
6.6077
100.3531
109.2533
353.2750
110.4089
121.3893
121.6789
359.4927
308.1723
353.4097
65.0944
359.2552
9.1759
128.3238
79.7909
301.9486
64.1173
86.2200
302.9507
104.7888
157.7180
111.7841
124.1092
132.2007
324.1562
123.5766
1.4350
19.9452
127.8448
22.2022
14.2222
352.5230
93.6302
125.0994
126.5897
1.6084
128.3865
132.9832
341.3384
124.3759
346.4400
358.7103
106.9971
359.0174
93.7833
3.4239
77.0530
1.9184
314.6672
36.7689
359.0487
281.7125
357.6228
354.6580
115.5342
131.8918
292.7730
0.0624
356.0117
6.0679
107.9178
352.8874
313.3118
47.2883
110.1655
359.0776
132.2482
130.7109
127.0962
87.5296
106.7264
121.8711
89.0803
118.0727
124.1895
171.1871
122.5752
121.8493
111.4664
110.8896
124.3096
122.4413
78.6247
4.6134
114.0528
121.9505
120.2001
99.8916
174.8608
359.9160
75.3377
69.5487
126.6874
135.1055
88.6909
52.6919
349.2037
127.1890
116.1115
118.9061
111.3966
135.7676
127.3922
125.8127
114.5892
109.2087
120.4214
122.8461
132.1520
359.4750
2.4919
126.4973
135.2656
109.8387
129.8979
10.6367
293.8235
303.9782
130.4766
359.7709
1.0703
131.0672
130.7037
131.7863
134.4251
125.6724
126.0667
114.6949
121.8977
113.4700
103.6004
125.0063
121.3465
295.1804
297.5439
350.8517
5.8133
359.9991
94.3654
98.0030
108.5678
99.5647
70.6400
116.5802
118.5717
108.5905
127.4613
126.4317
4.8957
102.4705
104.2515
98.8219
94.3550
120.9931
359.4881
128.9794
135.2149
134.2677
105.6300
135.8754
128.6139
121.1885
357.5067
133.9757
133.5905
117.1914
164.8324
348.7061
0.0179
113.7388
108.9202
121.8983
105.7554
99.7914
111.5238
106.6147
118.7112
106.6372
110.0891
104.6767
130.8149
98.3625
126.2050
337.8542
121.3448
15.8914
92.7700
340.9972
94.0207
113.8453
134.7867
97.4254
117.3075
116.6353
106.9002
121.5231
120.9168
120.5553
114.2077
107.1258
127.8365
134.4238
111.5500
136.2800
136.7386
121.9288
96.5765
300.7725
359.8716
130.8183
122.7462
126.3788
110.0095
131.2853
132.3561
60.8029
0.4267
20.1948
352.3781
112.9522
30.3616
36.7130
123.7509
90.6265
359.4475
350.0564
357.9707
132.9216
132.4995
130.5287
144.9237
357.5557
1.8325
147.8607
100.8448
343.6674
135.2209
301.9302
306.9477
102.3962
126.1051
116.9391
355.8176
356.1380
101.3360
93.4777
116.2284
123.8507
0.8535
357.4943
124.8415
0.0800
6.8426
346.5663
127.7148
119.0594
136.0950
344.1108
337.3238
353.8963
120.8454
356.2642
357.6372
345.8737
351.5403
124.0403
125.2794
117.9558
359.6006
356.7742
64.7759
132.5147
92.7541
354.3393
1.9034
118.1931
25.1185
156.0484
123.5400
123.4534
302.3218
127.3426
122.8543
130.7067
133.6304
106.8445
122.7165
343.0059
124.8862
128.5877
134.6000
135.3369
114.6606
125.1415
106.8896
129.4403
0.0884
131.4610
128.1965
133.1551
130.6150
135.4119
134.3178
123.8305
119.7026
134.2907
341.5580
131.0265
107.5016
136.5256
112.6269
134.0141
119.3286
135.4396
134.5774
129.1660
123.2932
120.7251
119.6602
133.9656
119.8649
132.4469
130.8385
130.2777
131.6181
135.0000
359.5580
359.3950
128.7563
116.0408
122.4732
120.5533
164.9642
105.6288
68.1560
350.8401
135.8092
136.1618
136.2216
134.5179
130.4410
128.6469
133.2969
131.5224
128.8283
0.2710
109.9534
132.3779
131.2083
353.7391
131.4168
131.0089
95.3424
99.4756
129.7380
121.1777
134.5703
131.3142
112.0972
127.2517
100.3722
119.9103
116.1231
332.5487
136.0563
128.6202
133.5441
107.6099
347.2696
128.6792
129.2397
131.5776
124.5879
109.1901
102.5839
127.2506
132.8401
128.8172
131.7350
116.0087
15.3816
299.3401
113.4966
128.0031
136.3599
135.0530
130.6752
2.4100
126.8367
126.3946
123.2881
167.7025
167.4110
135.4688
127.1500
132.7345
126.2985
124.6572
126.8860
125.0009
131.4356
36.8019
59.7693
355.5683
9.4924
309.6410
308.2383
106.0012
122.8299
122.8536
119.4487
114.8461
346.5267
357.1953
124.0951
133.8657
125.5880
105.9659
119.5690
354.6220
299.0070
112.3527
100.6097
91.6961
356.2102
334.5273
1.1448
133.6705
106.8937
78.1208
130.2987
124.8757
353.7131
325.9846
2.4820
137.4571
119.9964
284.3777
133.2613
359.8775
135.4432
1.9695
122.4763
114.6390
110.2548
109.3966
129.6170
126.5484
131.7226
96.1498
132.9857
97.6189
133.9470
129.8434
108.4005
13.0462
113.6361
355.2809
97.6237
0.1403
124.3128
123.8016
128.2371
114.0938
96.0722
135.8542
132.7246
112.6378
117.7052
124.0831
123.4907
120.9320
130.1608
121.3534
120.2111
124.0460
17.3858
306.2608
98.1383
114.0758
17.5009
132.9815
123.3634
8.4664
126.8154
124.4054
75.7791
138.1107
116.3253
127.4117
340.9208
358.5076
359.3052
17.6558
132.5446
128.6922
96.0177
132.0155
118.1277
119.5887
0.0720
307.7905
142.1215
13.5266
123.8623
122.3162
103.8546
354.5554
359.7348
90.2415
320.0774
328.3515
2.7024
5.5545
8.7419
125.1539
117.7662
128.8269
112.7666
119.8638
82.0991
1.4587
281.6506
137.5974
357.1138
116.9141
315.5049
155.6337
356.4189
359.5250
343.4703
344.8005
112.2091
109.8864
124.0435
104.4016
117.6773
88.2109
115.0141
117.7982
331.4504
124.1072
132.4545
132.9230
114.4792
128.7519
349.6209
345.7493
354.0461
353.6760
359.4889
359.3818
115.7588
121.7987
127.2137
127.8234
118.7866
102.8242
113.8025
356.0752
357.9627
359.0289
121.6111
354.4949
110.3727
357.3768
359.4337
358.1057
131.1729
97.0013
354.8659
6.7193
104.5789
349.6260
144.8184
120.8535
346.3857
157.2713
133.0904
118.6897
127.0366
24.9667
123.2592
127.2579
314.4999
110.7698
86.1285
120.8487
115.6251
101.5801
123.5244
112.4450
125.7718
125.5097
103.1828
118.9012
357.0937
357.1004
134.0474
132.2992
123.9121
118.1870
110.0069
129.2144
158.0692
352.1663
119.4171
45.9511
118.1376
123.6930
105.0838
90.1467
136.1469
136.3223
125.7395
123.0753
104.2031
96.6328
120.5869
119.4802
4.8374
115.4482
113.5675
117.3340
115.2107
15.3678
134.5495
136.9073
322.8975
350.3176
114.0388
111.6323
134.2874
133.9365
8.5696
125.7925
107.4789
350.8640
111.7447
107.8620
130.1613
125.1536
136.6192
323.6395
133.5283
3.6194
0.5657
155.7134
159.2669
120.1194
126.8931
21.5061
91.7227
15.9530
352.4450
129.9479
130.1467
107.1488
316.4190
90.1110
359.9648
359.3918
8.1442
111.6680
123.3564
118.0931
128.6684
134.6437
124.3002
115.5212
133.7361
132.2446
134.4665
104.6632
130.3400
130.9401
121.3355
135.1379
128.7104
121.3599
134.0937
132.8219
131.9641
130.5841
135.0266
132.8782
131.5786
134.0013
134.1037
136.0105
123.7113
123.1768
128.1029
61.8807
116.2751
111.6079
11.1262
132.3409
132.3357
130.6675
134.7249
134.2831
134.0237
132.8540
135.9757
133.8369
120.5233
132.4543
127.7594
111.5214
128.3326
127.0868
77.7372
8.1589
125.5618
134.5160
128.3745
127.6404
74.4953
121.9465
132.9577
18.7693
117.5841
109.2195
350.1623
319.4445
132.0671
132.5086
93.4870
102.3242
121.2874
301.8955
126.1184
123.8432
71.4842
130.3418
125.1578
125.9292
123.7234
130.7599
117.0177
125.4148
133.3301
105.2394
113.3826
98.5127
324.1244
0.3401
112.2053
117.0629
123.4464
292.4919
112.3052
356.4139
353.6818
126.3262
135.6739
125.5747
337.9622
147.8211
128.8800
359.7898
355.2337
352.5628
135.9009
135.1317
113.9920
97.6931
125.1107
106.0438
93.9666
116.2862
108.4413
101.7103
114.0942
355.2089
126.5542
110.4662
110.6674
105.5182
4.7275
113.5088
114.9296
115.9517
319.6639
5.6898
290.9317
110.6204
287.0218
1.3495
126.9225
336.4720
130.2413
74.1043
129.2064
98.3161
119.8603
119.8014
79.6582
91.5192
62.5561
352.6269
111.7327
131.0536
103.0376
91.4908
111.2373
15.2831
135.1693
102.6237
123.7026
122.7107
0.0393
121.0385
0.4410
123.4271
359.9591
358.8862
119.1546
38.7642
316.2993
359.8314
127.9704
0.0821
135.4825
121.3772
128.3903
122.6507
1.7277
134.5827
14.4852
102.9611
295.4737
121.1459
