35.1892
25.3199
328.9047
235.9373
180.0042
44.3798
16.3356
16.2979
272.0665
124.3364
167.9842
257.2288
271.3928
35.8855
95.2565
359.3010
184.8742
234.8175
179.9991
32.6484
230.1604
233.2169
304.7536
132.4306
91.3782
10.2456
153.7783
270.0242
31.0152
352.9812
61.0754
139.2489
84.4628
33.7647
42.5634
312.1256
358.9980
221.5938
7.7002
228.0902
19.4171
327.1847
268.6899
103.3173
247.6974
85.8753
94.1152
107.5787
90.4656
139.7220
4.2639
50.6937
0.0543
355.5920
270.0290
227.9186
59.9798
57.6515
45.5631
40.7238
96.9227
61.7017
26.3340
14.4298
287.7753
9.4139
357.1630
60.1323
58.2153
249.7392
74.4458
86.6529
85.1597
86.0332
71.6516
61.7433
345.4543
281.8391
30.7957
9.2843
45.2437
18.5737
357.9932
58.7978
34.8260
7.0408
4.1873
3.8091
358.7891
29.9846
21.6489
19.4129
65.6090
108.0227
55.9475
19.2710
211.7124
76.4674
73.0685
11.7842
16.8970
51.9336
51.7246
55.0662
190.3084
213.6264
30.1678
33.5411
51.6271
35.4675
18.9360
37.2242
46.7153
38.2113
115.3748
79.9756
46.7302
50.4416
48.9285
63.9535
359.9233
12.6121
0.0393
359.9453
2.4620
3.6218
5.8996
8.9577
22.5370
26.2437
71.1751
63.0169
22.3991
44.1212
75.4144
242.3817
49.8349
330.5603
95.4379
51.6119
23.0504
47.5972
74.3952
76.8114
12.0639
10.6556
7.2736
7.9378
3.5787
28.3650
50.2637
56.8805
69.3187
69.2822
28.0987
20.6577
42.4282
39.6003
83.5514
26.8753
33.3033
84.8644
272.8764
35.5467
38.9197
14.4403
5.8161
270.9134
218.1946
20.6729
21.7333
30.1441
18.1670
23.2789
21.1086
0.9009
87.2003
88.6834
125.7544
283.9684
3.0980
18.0052
16.3449
71.2728
77.4852
13.4821
11.9607
49.0146
42.6243
38.6784
39.3860
24.4513
19.7494
197.1534
43.8390
47.6955
5.8148
5.5892
337.6395
254.5694
358.3781
0.8108
71.0180
14.0795
45.6451
236.2980
133.6049
62.6671
45.3107
49.3766
86.1359
84.3775
168.3096
62.3729
67.4452
70.1806
70.9049
88.7238
52.9326
53.9521
17.3175
77.9853
245.7621
12.9881
62.4204
48.7680
46.6994
69.7744
71.7962
76.5417
79.5094
71.7332
67.7240
71.4295
36.6618
99.4263
114.0659
59.3971
73.6534
28.9753
35.4864
17.9181
62.4644
38.2744
66.3821
68.4352
62.1777
80.6733
239.2138
34.0943
272.0661
97.3824
258.3103
80.7623
171.6160
115.9470
121.8182
343.6379
210.5030
250.6097
189.9581
281.1377
12.9156
321.7844
73.1947
211.8380
51.7599
44.7797
56.9969
238.7901
294.8636
172.2786
195.7415
60.5179
69.7662
162.7970
230.2193
228.4787
258.0274
52.1097
34.6603
59.5926
49.0970
336.9623
87.2819
113.7908
45.7940
53.1642
70.7647
51.7678
86.8116
85.3724
241.8749
85.7118
9.4370
357.8163
48.7976
81.0051
203.0544
1.7512
2.9127
30.8333
26.0821
15.5870
63.4151
57.1253
38.4766
30.8480
12.9958
208.6152
13.5410
37.2933
110.9298
66.3929
85.9435
86.4124
86.9012
72.8722
344.7787
166.3466
96.5005
68.9630
73.0478
194.5906
16.1008
15.9735
308.9185
342.8167
38.5882
57.3734
34.8385
135.5238
49.8426
29.2618
67.7900
70.8430
14.6346
39.5287
283.7695
301.4617
32.1667
223.0451
8.8952
4.2164
57.4972
60.0098
180.4199
185.6841
2.9164
141.1875
89.0901
91.5514
16.9665
45.6448
45.1999
58.3800
63.3829
50.9620
51.9440
171.3913
25.8100
27.8976
318.9037
209.2972
60.1898
163.7906
77.0121
30.7120
198.4426
45.7497
141.9205
358.9524
5.4415
12.0884
9.1459
356.7484
328.7998
129.1265
96.6611
356.6036
12.3221
43.6930
32.3299
43.0402
348.0710
116.7715
230.8901
41.2036
36.3303
109.7544
234.5216
30.9861
38.4096
21.1911
16.4707
342.0928
76.3440
236.5943
71.8802
24.0296
21.5522
218.2055
1.3910
222.1758
222.1719
124.7119
14.7411
44.5446
52.6046
196.3155
182.6527
219.6671
106.0459
59.2131
86.1418
109.0551
41.2054
32.7532
11.7519
349.7016
69.1590
202.5212
145.7282
45.8144
37.6017
0.4570
127.5831
76.5816
33.4672
39.8311
193.1225
20.8325
5.3100
16.2299
31.8707
110.3041
310.3245
159.8411
8.3022
332.8944
102.6734
118.3319
19.9751
0.0600
0.2661
353.8698
22.8440
263.0155
52.9818
127.4419
351.2188
338.5010
42.7659
63.8561
320.5307
140.8031
242.5966
57.7141
37.2604
277.3862
12.6031
44.5835
104.7307
5.7852
42.4522
87.5695
347.4291
4.9663
327.5193
292.5656
98.3723
5.2741
10.6912
3.8594
355.6993
0.3357
30.0942
23.1045
39.1260
36.7486
64.4872
44.8339
152.7195
42.7234
4.0944
111.4862
209.6378
345.0171
5.8509
11.4657
18.6679
87.9458
319.4826
356.5215
356.3058
128.7719
60.9879
265.2834
280.1449
34.7511
351.7668
69.0977
73.0537
38.4684
9.2218
18.0768
70.9296
76.8054
53.6533
21.4059
24.5020
11.0487
31.2769
25.6842
198.4203
80.5833
49.3409
43.4208
233.3828
81.7831
90.2575
79.4496
201.5676
192.6192
116.6342
70.8665
358.4373
355.7278
6.6276
7.7521
74.4801
261.1973
8.7812
352.0652
279.9774
264.3551
61.2668
69.1075
256.3269
238.1076
43.6807
263.6763
349.2645
97.9586
221.7473
42.3387
83.0446
83.2475
359.8089
83.0604
76.1136
29.8116
194.5329
3.5124
8.6801
166.1632
355.6466
54.7016
53.5019
297.1540
304.0290
78.5332
86.2493
221.8980
135.8701
54.0481
46.3147
29.7008
218.5273
347.0505
44.3894
39.6766
286.0151
114.6458
327.5303
104.3892
63.8044
82.0548
163.4230
90.5933
46.5682
60.7535
50.9147
68.3595
186.2239
187.5945
31.7269
261.3715
195.3160
253.6080
323.4743
70.2509
214.5066
10.4732
342.9032
67.9008
69.6876
313.8916
10.2685
235.7051
70.4741
179.4871
300.7419
167.7091
332.2905
278.1539
73.7009
246.8421
297.5729
22.6508
60.5211
61.0499
86.5671
94.3107
73.5210
354.3745
353.5254
183.6009
54.1301
84.6070
97.3334
184.8036
87.5816
81.3141
44.7265
41.2206
166.8004
226.8564
48.7491
65.7632
251.5350
82.7851
3.2716
59.9647
70.8257
76.6386
32.8408
69.1061
59.4687
51.5326
64.7700
60.6086
28.3538
58.5853
124.7554
53.0919
59.9913
283.0512
49.2639
61.7369
55.3505
61.6664
66.4787
72.1057
281.5678
71.8081
268.9247
146.5966
17.9574
98.1669
96.2104
60.9800
315.8938
9.9140
2.3641
89.5094
94.0413
39.0744
15.3392
23.2957
143.3316
53.6111
163.0267
58.0380
314.2994
309.8764
346.0962
236.7909
99.0261
52.6482
102.1579
220.6923
235.8760
98.1891
150.5434
205.2268
82.4235
14.5700
13.2744
40.6815
196.6666
12.9837
296.4333
355.3387
358.5175
83.3193
133.7554
55.3694
58.5195
305.0083
93.8598
175.2023
188.4582
344.2142
78.6025
155.6370
0.3969
170.9095
87.8799
356.7611
186.5834
64.4616
50.0008
84.7254
82.2504
63.3364
71.2219
89.7692
79.7226
53.4163
101.2231
162.5821
30.3779
38.2301
8.9801
176.1671
65.3063
307.5159
41.2634
92.9071
354.2367
40.4393
84.5096
101.2990
46.4046
194.6952
215.9344
232.7601
73.7612
303.2362
27.0242
236.5610
315.1014
78.2722
70.8344
64.0246
76.1492
88.6393
265.9287
73.9563
23.0354
278.6590
180.8022
174.5199
5.0556
28.5981
42.2053
243.7083
187.0476
197.1823
249.9598
264.3869
317.0840
209.7854
59.0245
59.5351
191.6373
184.1491
189.7447
143.6722
158.9627
357.5804
357.2998
19.9571
189.0880
89.5092
82.3727
38.6128
283.8779
33.3959
109.2778
58.1882
43.4155
9.4471
82.4362
89.1809
33.4990
72.2110
72.3424
89.6156
31.6193
169.0455
44.3143
12.1551
17.7186
21.0285
87.9473
80.2630
130.6708
173.2209
17.7896
66.7138
68.1508
79.2897
47.2622
296.9668
22.3795
346.3494
33.4266
49.1413
109.4484
103.4048
64.2232
71.4527
29.0293
8.6571
349.4034
20.7105
254.1249
65.6887
40.3130
61.0925
104.6199
291.9067
94.0306
168.1526
4.2791
62.4897
42.9369
44.4899
358.7391
357.5815
245.7634
65.3563
21.6301
38.4724
140.9281
207.2309
33.2003
46.6483
42.0433
42.4771
272.6698
189.2415
30.9516
26.6100
10.9672
14.9865
70.0911
70.7995
54.0604
335.6244
62.8430
297.1264
52.8120
350.0817
47.2324
29.3676
24.5538
345.4720
31.9315
10.5190
42.4193
62.1496
58.1620
54.8882
76.5397
245.1304
72.8270
66.3114
198.2886
25.5969
64.1965
164.0326
56.4058
56.4549
90.6079
72.2045
16.7113
14.7524
60.0706
9.9978
21.5315
19.3046
159.1197
8.7744
65.2200
60.9267
185.8668
33.1081
22.5657
126.2396
64.6470
68.0958
4.6920
3.8210
85.5937
47.4252
33.6708
142.6378
74.4040
91.6832
46.0368
74.0138
78.1260
44.8145
87.0380
60.6591
58.8800
48.3607
54.1166
356.4851
13.3749
16.9837
53.3704
68.7782
22.8368
33.9007
73.9496
94.1311
15.0893
17.3952
216.9133
47.8497
96.2321
58.1978
98.2008
89.5742
88.9650
90.9010
5.5345
20.7762
74.9644
69.9899
46.0841
104.7627
92.6431
57.4224
90.8103
78.7439
78.1102
74.0534
93.4621
36.0508
39.5066
78.2512
68.1954
26.8654
200.0983
80.7521
71.9934
63.1491
47.6841
216.4047
213.3512
72.8177
78.6576
60.8166
238.4207
218.3707
115.8325
355.7758
76.8016
28.6827
14.8611
207.1493
27.1075
65.6263
238.7002
262.9739
10.9841
270.0347
37.7405
31.6467
200.6152
2.9548
87.4961
96.3986
11.4207
287.9833
89.7433
89.2122
10.3839
42.3604
47.5422
44.0572
15.7799
268.3278
26.3749
16.8513
25.1204
35.9182
258.1810
79.5030
79.1740
272.2029
310.4228
5.5567
17.5992
8.5138
9.6066
53.8270
8.7795
41.6555
31.9904
21.7488
23.3656
239.2511
41.5215
32.8041
357.8171
13.8423
213.9822
203.0504
13.5732
1.9246
201.0924
71.8882
22.9679
26.2129
16.1854
257.0669
8.2417
41.9818
71.7024
71.2870
50.8042
63.1053
92.9946
99.0786
202.7558
22.8288
266.5405
7.7516
88.6109
74.3624
231.5650
39.3962
48.3974
39.8491
24.7145
15.8706
1.8699
9.4859
88.1469
91.6105
66.1753
82.7853
354.5000
353.3870
272.2705
340.2272
186.9291
19.5836
29.5111
59.0057
67.4357
15.0092
14.8614
55.5935
47.0292
38.7115
63.2858
9.1358
334.7585
30.0650
100.3502
23.9636
51.6422
5.4537
3.2906
6.1584
14.4301
8.8969
10.6533
272.8758
261.4277
324.4737
38.3439
6.5409
286.9703
9.0010
7.7528
65.2459
90.5822
30.8244
25.6263
58.7279
49.4043
40.2479
29.9485
1.5500
131.4268
290.8691
255.9591
85.1869
200.8855
42.4093
96.2482
54.7743
67.2185
15.9399
10.1782
40.0358
176.2123
224.7818
57.6189
254.6787
68.0872
249.4701
91.5178
183.6740
155.9012
279.5413
280.0178
290.3442
59.9186
12.6334
280.4159
49.4840
62.1993
221.3788
9.1724
326.4818
293.5996
93.8801
259.8012
205.5896
74.0602
103.0988
44.9479
114.6333
143.4098
222.2379
65.2436
270.4744
55.4835
56.1162
12.4230
351.0114
3.7883
281.8959
52.9773
3.3401
21.7045
41.3269
0.8243
5.5003
29.7037
31.1002
1.9716
5.2434
20.5887
59.3343
335.4411
87.8170
96.4881
81.0330
70.5170
73.7342
318.2549
91.7132
39.0119
270.5605
348.1260
327.5677
7.3657
0.0397
34.2414
177.1491
259.4838
262.7195
39.2123
53.4988
71.5708
30.8709
43.4786
79.2004
245.1862
12.3083
206.2940
20.0746
2.7640
46.3190
44.4973
6.2913
34.8884
235.2707
1.2709
358.0068
0.1034
6.3842
72.3670
157.5197
352.5676
0.9590
357.9382
28.4853
10.7669
310.5482
36.5055
196.6938
123.1340
33.7685
34.5781
0.2035
3.0967
32.8268
0.1051
359.9515
9.1578
79.7836
112.9854
38.9107
51.1033
30.8868
46.5382
63.9383
81.3018
82.7243
122.5617
37.4899
327.8260
2.7516
28.6962
12.3002
356.2543
161.1717
229.1316
264.4631
270.2827
331.8147
154.9714
46.2125
19.6979
202.6010
57.4981
67.5929
328.3286
354.7639
355.8144
331.4883
256.5224
40.4567
195.2260
338.8751
326.0837
229.1744
159.4630
356.5488
187.5453
95.9427
58.0320
205.5001
10.0816
357.1297
250.5666
97.7700
42.1568
32.0108
204.9413
264.3342
18.0933
143.3663
153.6281
141.9077
31.9215
45.3954
56.4037
54.4904
50.2043
217.1532
114.4156
213.9341
160.9662
130.2952
101.5341
57.3362
287.8120
271.3942
179.9999
39.1297
106.4802
250.9564
228.7114
208.5150
147.7971
28.0927
148.2683
184.2807
312.6139
88.2166
111.6062
210.2940
22.8245
62.7350
175.8643
280.3506
117.2143
34.7037
235.8253
346.4232
54.6502
60.3071
288.8459
180.0047
51.5966
176.0755
347.3010
296.9301
356.5861
285.7179
319.1841
166.0814
27.0622
239.0358
89.9720
119.9256
28.2920
359.8919
91.9848
166.4271
63.6580
180.2272
92.4342
88.1409
168.4397
70.2223
190.0262
322.0603
266.8077
35.1424
270.6317
339.2660
346.4307
294.3038
49.0758
17.7406
183.4809
140.3262
66.9112
264.5922
63.3516
66.6459
112.2432
22.9536
209.8888
53.7520
53.4723
3.3131
357.6317
28.5626
218.2085
47.8950
0.5429
20.5064
78.5434
90.2892
60.6912
312.3405
113.7025
39.5202
21.1082
27.1714
34.7908
31.7792
16.2092
47.8017
90.6419
190.5523
58.3824
48.0445
41.8449
16.0690
210.9264
66.9740
73.1059
87.0778
93.8905
28.2328
211.1651
50.7441
56.3072
36.9670
64.5454
68.8401
16.6239
349.5804
30.6641
34.0063
43.4791
45.8424
44.8990
38.2131
37.3950
33.1500
26.4341
25.0672
81.6832
93.6917
27.3778
24.7043
68.4971
4.8402
33.8437
264.0974
86.5001
36.4861
29.5494
54.4178
49.7667
201.4030
17.6215
85.8345
22.8091
85.2165
194.0380
244.9554
64.0227
58.6351
48.5007
308.8869
9.1329
36.9871
34.9328
252.8434
206.5810
5.3348
245.2774
230.3665
16.9070
141.9046
52.7802
21.9694
74.6857
10.4937
7.0345
188.2522
184.2551
334.4314
48.5581
50.5228
265.8174
279.9559
267.3080
33.1796
101.6703
81.8160
46.4254
81.4818
359.1496
215.6799
322.7354
33.1066
17.2281
109.9236
221.1755
10.2731
73.1556
117.1135
304.2861
68.5217
74.1598
50.7808
39.9865
40.1953
71.2312
4.7028
4.6868
359.9786
133.9988
247.2208
11.5961
300.1326
109.8396
105.3050
42.0380
9.3379
44.1013
93.3052
45.8139
79.8470
65.4782
52.0681
227.6411
14.0599
155.7343
271.8730
35.0424
25.6483
354.9738
17.8839
79.3836
79.2666
42.1890
55.1800
67.5638
28.0238
161.0792
170.9760
13.2125
344.4700
80.1508
70.2680
46.1259
86.1061
65.9837
339.0741
36.4785
271.1117
122.9385
15.5796
60.3366
54.8167
41.5363
72.0355
247.4404
63.2465
284.9506
73.4385
236.3428
89.2182
72.7407
235.0953
67.3619
28.1704
0.5911
4.4414
199.5099
316.9544
240.2540
288.8652
13.8009
13.1440
46.0112
223.3142
70.8848
109.4996
14.6249
61.5224
304.6444
239.2653
64.0404
112.4511
81.2228
124.3638
82.3988
39.2223
162.4199
182.1613
0.1647
359.9919
40.4271
65.1603
28.2577
193.1345
56.7591
24.4157
30.6480
61.6149
76.2558
253.6179
165.2624
226.4722
9.6235
159.6643
23.0083
152.9728
57.0873
129.0580
36.9080
39.5786
359.1056
6.8910
6.3450
47.8988
216.2219
31.1307
53.3627
14.3443
12.9268
87.2755
67.2065
59.1039
61.8115
73.8678
77.3356
53.5010
68.2942
18.4235
68.0692
59.8782
18.6866
224.6220
221.9768
305.9502
72.2936
11.7139
94.1607
89.2240
50.9374
53.3593
46.9607
51.0308
206.4264
76.0010
66.2180
74.3510
70.0728
52.5467
299.6607
81.2764
250.9272
10.3778
9.1264
6.8572
12.6501
81.3415
80.0831
334.9959
62.9197
65.5311
267.9912
67.7479
54.2524
30.8235
8.3837
80.9080
88.4189
53.3949
49.8768
66.0906
59.7152
40.6839
273.9894
31.4171
39.9058
62.4704
47.5245
37.6876
61.9210
70.1706
62.3772
57.1846
71.7484
67.9854
81.1600
62.7425
67.0015
13.9997
192.9870
59.1079
67.1569
358.7495
359.4317
59.9124
60.7008
16.9941
17.9850
57.3464
62.8320
59.6747
94.7692
81.0551
342.9129
236.9708
75.7958
266.2531
105.0592
28.3098
19.1372
345.4577
39.5593
332.8262
31.7497
169.9212
11.9201
180.4048
234.2324
355.7837
246.7543
12.9674
4.7325
6.0334
193.0027
325.7066
42.4788
5.0033
38.8955
34.0699
22.2817
28.6774
69.2990
75.4424
6.7619
197.3332
232.2626
11.4556
21.7039
82.6274
10.8262
23.5353
177.7913
22.3031
23.2442
351.7617
78.4389
72.0063
8.6859
24.1926
332.5368
169.3546
136.5810
128.1453
43.5244
59.6663
62.1892
350.4873
194.6940
32.7534
43.9860
331.5285
61.6170
66.7184
98.7057
54.6403
116.3457
247.0530
231.0416
147.8196
74.0409
103.4186
65.3788
185.1981
53.7709
48.5971
54.0856
53.7780
56.9465
182.3636
244.5171
26.0936
249.4589
261.9278
263.8711
150.5766
64.4099
50.6008
316.8237
141.2115
139.8763
179.5124
31.4213
86.0237
322.1041
251.5687
75.4494
342.7840
210.9483
9.7107
235.1504
355.3677
291.7045
57.2647
212.2469
231.8531
68.4234
70.1377
6.3732
4.2561
348.7664
132.4870
258.7876
191.9493
28.4708
285.2471
102.5709
186.8373
41.1053
177.1351
12.8842
67.1314
17.5135
285.2632
50.4385
275.2857
49.0412
50.9029
28.7061
63.9386
33.4106
107.1612
97.5348
109.8307
73.2453
289.5005
359.9392
75.9389
93.4911
89.3088
167.2728
167.4951
304.7407
2.0261
159.7475
62.2878
62.6298
165.5070
4.1117
180.1568
194.7804
301.3582
275.5082
103.9573
53.1076
10.4596
176.5979
74.1865
201.5961
81.7183
93.4498
307.3149
258.8089
235.1747
4.5881
52.0063
124.0679
84.4963
15.1614
11.8515
125.2004
7.5478
243.8765
328.3393
38.8943
164.2703
138.4446
230.2364
322.4220
68.6845
39.1675
46.4620
49.7206
49.7457
20.0791
109.6375
145.0631
98.7393
351.3275
88.8843
179.0021
71.0760
280.1674
233.1772
89.7982
85.6615
31.9972
288.0449
93.7279
7.5439
344.6289
3.1907
239.2350
135.5288
55.4845
112.1063
46.5757
31.5952
74.0071
207.8566
298.8344
110.7829
243.2202
302.7170
48.1371
89.0818
268.6224
216.3573
91.6939
169.2850
18.8887
45.3847
281.2487
16.0141
18.4878
322.1740
313.1484
29.2030
217.6304
82.3165
72.5252
355.0353
34.8832
11.1965
1.6269
290.6588
91.0469
86.5235
95.8568
115.3986
194.1609
159.8503
175.1701
156.0232
83.3764
84.4016
73.6353
26.6265
15.0928
275.1742
52.8048
92.3005
57.1254
56.6916
54.9014
74.7888
87.0815
84.7764
83.5307
56.2314
110.1717
66.0817
353.2838
359.8148
358.6148
74.5773
64.8792
28.5578
348.9780
215.6221
293.2866
207.9710
229.4959
85.0826
280.4570
297.1818
86.3488
237.7567
81.9217
36.4478
43.6561
17.8415
327.5990
130.0298
287.0826
0.2105
286.6651
344.4945
89.6430
94.4487
70.9122
92.7835
121.7863
47.0849
178.1950
75.9127
82.0730
267.1132
12.9277
335.4208
158.3921
65.9172
101.0133
85.0857
297.5023
197.4061
344.2334
87.1904
71.7595
53.2669
245.7963
56.9446
38.2095
24.3240
100.4023
43.8330
62.8169
86.9075
88.1379
16.9239
63.7232
47.1681
161.7831
113.6370
5.0764
85.9667
82.3019
11.5000
233.2050
98.0043
334.7098
76.2862
279.2588
75.0892
68.4929
99.4151
53.0156
82.8354
199.9838
95.0917
60.2638
37.3332
296.6965
57.1497
71.6343
30.9795
185.0227
17.3386
7.7685
193.5614
225.5325
261.8551
332.7832
32.8812
84.4362
326.2994
148.6375
84.0026
83.4082
89.5091
107.9199
30.9316
10.0541
77.4528
46.3022
72.2222
87.6864
93.9885
189.8085
138.2451
185.4740
352.6134
20.0908
67.9319
63.5682
43.6640
121.6079
25.4353
188.4381
27.8768
331.6614
352.0211
67.4787
69.3659
211.0905
232.8542
315.7051
75.5987
66.0915
72.7289
66.8033
75.9636
70.0484
117.0829
86.9413
208.5318
33.8954
304.9607
65.3028
147.5543
93.6434
139.4218
8.3642
9.2268
282.9009
53.2517
58.3303
59.8599
54.8108
257.2418
287.4212
55.9923
14.9383
66.8663
92.0627
89.1354
265.7849
241.3733
191.3592
114.8840
56.2343
41.1327
87.9745
43.9332
72.0100
165.4415
78.5803
76.9122
333.3910
33.9229
41.3487
1.9111
119.2172
231.1276
84.9494
293.0636
211.5596
73.3836
84.5132
35.8489
167.2692
57.8049
50.1544
84.7299
82.7473
8.8978
108.3417
261.5978
93.1565
125.2236
59.8448
68.9868
264.9515
81.3407
110.2316
338.3885
41.9773
25.5213
211.0772
82.4727
71.5634
251.1441
354.8935
33.0837
284.8443
70.2308
240.1593
80.0863
85.4157
21.6616
76.8406
328.2302
233.5061
23.3076
75.8157
277.6988
137.4498
31.1240
235.0178
55.8152
62.7312
123.9522
334.6179
85.6713
84.0479
82.8647
320.1452
230.6139
246.6060
254.4614
38.2357
11.8308
43.4894
28.2651
192.4969
298.0144
143.8612
167.1114
270.1497
116.4488
82.3985
288.0325
42.5614
289.5290
269.8028
45.1223
337.8191
91.3861
273.0136
96.1458
294.4111
335.0077
31.6297
198.6922
77.5167
40.8675
0.5742
62.2883
33.4620
244.1981
299.8182
115.1623
280.2111
82.7713
30.7942
8.4229
202.6803
50.2661
67.8630
10.7311
250.3245
44.0481
164.8105
353.4677
2.0905
13.0374
43.0618
43.8763
227.5353
27.0343
56.4064
85.9029
305.1386
63.1746
260.2407
100.3195
337.1623
203.4238
49.5791
156.0117
89.2541
85.9262
15.1683
181.1396
16.5229
80.4766
72.3066
46.9858
94.6795
347.7795
183.1790
285.0421
83.2260
179.9801
9.4229
86.1119
217.0005
95.8849
231.2454
63.5949
29.7320
13.3546
101.3487
270.3580
190.5552
243.8363
152.9981
325.4951
56.7293
157.2861
319.7705
0.0513
280.9114
359.3727
256.2872
91.9258
235.0046
357.2016
334.5204
79.7180
184.4307
168.6092
149.4736
245.7879
183.2877
77.7622
89.0106
199.9705
294.3505
124.3977
66.1327
273.8459
97.0804
109.1196
342.9184
51.0925
10.4150
290.6615
10.2559
342.0714
72.0160
357.1720
97.0616
216.1368
72.4477
279.7897
264.3264
308.8719
190.9327
4.0996
301.6559
335.7356
82.7901
80.8530
45.9173
30.6341
49.5307
119.2865
64.5144
83.8202
303.5317
155.6936
331.4254
22.0938
333.8651
162.2845
91.7675
5.2999
3.4525
7.0311
250.3943
209.5575
88.8598
86.0163
279.3384
237.8882
193.7092
268.3866
84.4644
84.5950
70.1222
271.3364
35.3725
16.5009
117.7778
275.0035
267.5935
359.2928
15.6218
75.2594
95.7006
327.4328
86.7273
111.9023
8.3805
253.0065
120.5587
134.4694
110.7702
95.3904
250.0280
325.6528
193.9673
113.4567
354.7861
279.0444
169.8750
220.2209
271.4699
280.4963
28.7132
94.7780
179.9992
185.9167
17.8714
89.6529
296.5525
165.2388
9.9451
277.3905
216.7495
247.7192
40.2745
210.8002
0.6012
18.2818
171.1568
330.0187
276.4448
196.8355
80.1257
3.0846
198.3030
350.4989
308.3310
277.5088
36.0922
112.1788
13.0135
125.0857
78.0816
80.5840
45.7104
201.4642
56.0370
45.4589
332.7845
24.3340
280.6689
64.9497
359.5852
17.6881
181.9039
99.6526
109.5081
81.4451
21.5983
5.2847
90.0000
287.7600
111.5766
242.9241
81.9226
244.4050
203.9530
38.5483
177.1000
157.9403
20.9625
69.0206
1.4946
39.0407
81.1223
38.0427
64.8308
137.1672
236.6923
355.5879
345.4622
66.9737
95.0887
212.2340
216.6763
314.3602
53.8079
29.0944
17.8134
350.4418
39.2229
59.9884
280.4397
66.0247
69.0728
63.8417
240.0111
324.1216
9.1512
11.6566
9.4331
15.3090
25.0124
38.4269
279.7700
258.8649
78.0838
13.9204
23.4618
58.4865
78.0326
92.6288
242.0067
77.2186
71.3576
10.9081
266.4819
259.4021
207.1551
142.5156
359.9642
221.8369
29.5725
5.6304
129.2275
231.5256
239.4514
58.4007
220.4723
208.1647
98.6892
272.1517
330.8155
36.1699
76.4845
95.9313
169.5846
200.8710
104.6257
102.6772
260.3446
74.5677
84.6552
318.6791
350.9135
94.5141
192.2523
351.6943
344.5771
56.3984
237.2616
226.0953
156.6381
269.5157
104.5101
241.5218
42.0767
286.6293
235.6000
256.9308
328.1398
94.8679
64.0242
173.7403
169.5635
149.2811
349.3990
168.4294
133.6486
190.6132
9.4585
97.2999
241.5305
40.8242
233.4259
1.7086
14.5924
67.5751
10.6935
61.2298
174.9338
39.7386
71.6205
49.2584
32.0363
336.3755
24.1264
232.1347
275.4277
211.8709
38.7702
159.6983
270.0736
343.0139
157.6274
148.3839
223.1014
332.7114
124.8572
129.3658
62.0702
222.6233
287.8733
276.0808
193.2905
174.4763
247.1833
119.8401
177.3471
76.0250
101.8385
50.6167
48.4422
38.0144
15.1413
0.5502
24.1921
358.7737
3.7930
73.1352
67.0833
92.7223
2.3245
91.5914
36.1112
321.4778
10.4592
20.6775
39.3352
30.9421
16.6175
355.8479
32.2854
50.7559
273.3777
44.6170
79.8958
292.6587
252.2721
52.7436
37.2332
201.1408
51.8087
50.1072
101.4064
94.5529
89.7855
45.6638
45.9833
34.2965
14.7470
64.4668
6.7475
25.7445
266.9498
151.5167
180.3308
181.9134
227.8953
42.3688
134.7497
116.1695
24.4135
194.3838
86.9998
305.3042
52.1537
242.6706
47.2325
40.4054
26.9413
30.2871
76.1173
73.1759
41.6660
27.9534
72.4610
74.7386
20.7584
18.9749
18.6339
2.2676
1.2388
328.3869
337.0015
53.7737
77.2511
226.6694
74.7270
75.5880
63.3252
6.5553
9.6232
66.2330
79.5043
328.5408
28.9236
197.6124
314.7974
56.3854
85.3143
357.1841
54.8440
22.9829
57.3592
34.3096
76.6969
90.9469
75.2957
171.8897
178.9921
37.8780
47.4273
315.4838
73.5085
9.6654
6.4827
86.1508
74.6202
1.8692
327.7891
50.4608
4.2255
128.8120
96.0976
100.4899
143.8834
22.3791
22.1263
17.5977
167.6945
356.8587
17.7076
270.9229
343.9606
66.4203
64.0977
318.7921
26.8522
90.4890
89.1390
65.6616
334.6557
221.4713
104.6699
70.0257
68.9089
105.7395
273.4803
308.7149
97.0193
16.0050
66.0836
77.1090
32.9258
358.3671
91.9057
55.2780
4.8554
15.6488
45.6984
48.1263
90.1769
4.7887
3.8699
268.4484
314.6755
19.8785
36.9079
19.6487
71.0060
100.7621
36.8887
158.7639
195.9665
17.1556
196.5734
185.4456
193.3482
237.2798
68.1309
71.2423
75.4177
59.7079
340.9160
6.1666
4.7105
6.9991
356.1681
7.2886
17.0284
213.0698
207.6013
357.2544
13.9022
24.9429
14.5204
55.0205
20.0310
210.0641
3.2543
186.4830
28.6300
37.1812
359.2514
9.6809
37.4056
41.4374
67.8241
62.7551
357.0867
5.0858
3.3398
293.8730
71.2701
295.7831
29.2007
47.3961
97.7444
238.8191
6.7080
272.5843
350.1666
118.2667
84.7926
113.9594
176.5505
140.9723
74.3926
43.3544
39.6059
58.3832
56.9649
269.5698
136.8454
311.1055
101.7139
297.0825
82.9763
6.0641
102.1590
271.7173
76.0728
63.2351
201.1370
81.2444
11.1775
342.2834
160.2202
201.5876
12.5711
325.2468
197.7826
272.6962
79.1622
216.4187
59.3500
67.6343
64.6254
48.9507
61.7459
62.1096
53.5600
63.1392
68.2865
81.2063
79.4298
290.2301
79.2634
6.7459
359.9281
82.7525
272.3671
51.3652
56.7281
3.9939
13.0692
335.3880
198.6152
344.7016
93.6361
67.3423
66.0227
143.5813
167.5701
98.6930
99.7512
74.4087
43.0706
22.8384
207.6119
128.6124
201.1187
296.6619
3.7152
0.4468
6.1833
338.6650
331.1900
88.9263
48.9607
273.8399
43.5562
59.5060
60.4995
263.8896
201.0941
82.9499
254.7178
359.5001
3.3429
221.9726
161.6433
11.6775
66.7476
310.7852
85.8214
82.5586
330.6690
346.1515
127.8412
123.4288
272.0967
327.7546
187.0874
217.5332
62.9369
139.7778
74.2179
78.6664
40.5871
59.9899
12.5672
344.7563
19.8411
158.8040
243.9597
332.2890
58.8968
216.8788
88.8867
64.2287
74.5704
186.5665
250.4407
258.2935
5.4507
209.0315
95.9628
188.9210
91.4787
99.8346
36.2685
71.7582
268.1913
81.8194
164.7767
202.9009
280.9899
20.5721
343.1862
57.7792
5.2972
154.1329
359.8420
344.4019
256.8897
181.1383
169.2368
242.2878
66.6888
349.4544
313.0430
149.6353
206.4601
208.2591
11.0258
27.0744
190.9197
76.2269
91.2461
135.5735
178.8273
176.3158
30.3958
199.2485
242.6901
319.6436
27.9765
157.5184
355.9991
94.9322
119.0200
48.5521
302.2058
84.0318
81.4485
10.9314
251.6213
9.4496
188.7374
300.9896
25.3228
30.3357
82.8375
16.9650
48.6239
282.3102
45.7482
140.3461
65.5265
79.0705
60.2233
90.4384
13.8441
236.6172
54.9964
41.0188
72.8128
57.1363
67.3712
89.8861
269.0455
34.5404
178.4876
73.9076
59.7843
298.4453
108.4784
2.6977
352.3217
88.2103
35.1991
30.5641
357.4215
2.6811
241.8764
120.4216
58.8296
0.2104
95.6971
318.5029
252.0656
25.4505
179.5479
9.9615
222.5871
53.2999
50.9771
353.4271
24.6616
60.5203
256.7795
112.5138
145.0434
358.9726
1.8182
349.0284
275.6787
54.7206
37.1882
170.4969
51.4400
2.2691
27.7199
105.6081
184.5228
25.5838
103.9589
129.1424
0.3960
10.6480
44.7768
208.4073
201.0025
320.9818
88.7109
17.1742
89.6781
28.6188
1.2155
94.9360
75.5131
57.7148
36.7086
235.2554
87.5999
62.3281
74.3725
199.9548
194.0261
38.3355
33.3741
18.1823
0.0480
80.9317
78.8277
23.9762
36.6632
329.8711
263.5898
13.1183
202.5590
15.3876
210.8760
40.8713
21.0177
251.3676
172.2941
20.2648
346.4823
194.0113
270.5430
164.3632
25.9183
339.3657
191.6060
34.7200
54.9023
103.6604
96.3658
108.6309
249.0252
61.1347
237.7414
44.2421
84.7659
159.1058
353.3286
41.8791
47.4204
91.6102
326.2563
94.4933
14.4722
28.8191
7.7968
41.0125
73.0177
184.9367
182.6382
67.6531
229.0926
53.3764
51.4736
299.3662
260.2470
4.1634
6.4608
326.2294
262.9554
25.4130
47.7858
30.5411
12.1933
70.8171
90.0487
37.1529
28.9817
6.9154
6.0700
76.6570
78.8405
11.4895
78.2716
48.5220
56.4666
31.8553
26.1068
23.0357
161.2749
71.0634
33.7525
71.1473
62.8128
51.5030
44.0774
340.4698
20.2057
286.3067
172.5501
21.9509
64.2207
89.1645
253.6765
45.0895
50.8343
132.4856
3.4156
16.5877
355.5165
356.1897
41.5986
53.7456
305.1362
336.2506
237.9398
77.3116
274.4445
42.7016
85.7405
107.8333
90.0044
1.6883
8.8512
238.0891
192.6304
56.8936
67.0621
85.6670
294.8650
344.4908
319.7773
163.4980
93.4999
30.2340
332.6916
227.2488
324.9859
14.8745
95.2178
58.1131
17.4994
68.6219
293.9958
58.1124
64.3540
142.3904
137.2518
88.3161
306.1312
56.4221
134.4395
356.7187
304.8273
295.8291
317.1074
118.6121
33.4627
224.5753
89.4626
87.8939
282.5620
312.2274
137.0868
97.1624
331.7878
112.9200
339.8672
218.3463
79.2963
342.5811
173.7573
156.1833
41.3163
283.8995
238.0564
22.7647
26.4030
80.7510
20.0043
346.2922
247.7025
136.9296
234.1638
271.1282
265.9184
186.0803
159.6453
284.1025
59.9020
42.0879
4.8551
38.8655
100.4907
21.0929
50.7811
293.4881
265.8439
274.6371
103.7856
108.9789
96.9453
298.6295
157.6709
106.0603
2.1484
66.4027
78.5364
87.9213
4.3744
70.6893
53.1152
55.7791
91.7091
90.4486
57.3611
34.8614
270.5653
107.9769
305.9402
59.9733
64.9106
107.6345
3.2851
183.5698
25.8736
356.5010
181.0876
7.0678
194.5848
125.8997
342.3629
306.8858
60.5910
47.2934
4.8641
31.6868
33.8041
199.6355
310.8058
84.8387
100.6912
196.9115
5.8014
18.9377
80.6303
216.8851
25.7678
247.1983
332.5351
107.6425
238.4930
115.0667
54.4223
15.5018
334.9895
85.7279
95.1962
24.3197
79.2170
270.4103
75.9698
313.1843
185.1524
143.6175
216.3166
7.5594
337.1109
21.3870
14.8329
35.6761
317.0942
66.1681
265.6193
22.5808
80.8881
22.5133
51.2237
23.7466
16.3871
18.6084
335.6972
204.8625
12.3551
53.5339
20.4341
174.1096
345.3202
163.3146
95.0445
9.4301
181.9532
267.2695
300.1773
212.4547
323.1675
