31.0922
23.3546
319.1730
220.2003
0.0018
36.0428
16.2786
16.2408
263.8303
125.1097
197.4747
256.5163
275.6441
40.0754
116.3033
359.1397
178.3985
243.5658
180.0003
21.9126
232.8006
233.9067
298.2313
124.3741
101.9105
4.0477
132.8127
269.9889
219.1546
334.0352
61.9277
112.3796
56.2239
17.4216
39.5031
306.5241
346.7161
217.3077
10.0642
246.1005
22.1132
335.4908
268.5775
87.6817
254.7279
86.3151
94.5025
336.0916
89.3014
131.3334
7.0630
39.1657
0.8481
356.6087
270.0067
43.5992
62.3261
60.9428
49.4890
46.2617
97.2010
62.3208
27.3047
10.9945
2.0745
7.1094
354.1519
60.1081
59.6209
260.0224
84.7481
88.5102
86.9402
88.1291
74.1203
64.2415
345.8609
281.2508
21.1764
21.3784
42.0043
16.1024
1.7343
52.9680
33.4517
5.4559
3.7751
5.7037
2.9463
32.2267
21.3277
20.7757
36.8852
92.6294
56.9122
20.1014
34.1650
69.6502
67.0145
24.1158
13.7826
52.8480
54.0181
54.8015
103.5490
153.3834
29.7893
26.4944
55.9800
26.5051
31.5831
30.1258
52.5216
50.5538
48.8427
63.3937
39.5772
40.8698
49.0688
64.2304
358.2889
31.7527
0.3002
0.2623
3.2162
4.5595
8.7180
9.5143
15.5670
18.2686
63.8339
54.6354
50.6421
49.5747
71.4492
57.6180
52.8884
39.0207
50.3878
27.7084
44.3767
45.2032
76.8563
79.6810
10.8228
8.9459
9.8442
8.1257
8.7139
32.1324
49.1757
57.8819
67.2719
69.7692
34.3081
32.9731
38.8231
37.9245
73.0207
30.5080
34.8507
79.9874
347.7249
34.4862
38.0823
11.6607
7.7687
257.6397
226.3921
27.9098
30.1862
29.3474
30.3839
31.1801
29.0361
35.4502
87.1813
87.0959
21.5340
71.7984
4.6308
17.5867
16.7141
69.3090
69.9326
13.7580
11.1765
55.4161
43.0771
30.3525
29.4935
22.1175
14.5542
196.9458
45.6074
50.1836
5.7084
5.2394
53.5728
26.9148
0.2300
1.5349
71.7885
24.0290
57.0794
224.7081
144.9218
45.9857
44.5569
47.8882
88.1613
86.7419
3.1758
60.4752
65.4682
70.9388
72.6312
80.4112
56.3973
58.2841
18.3959
80.6999
71.1718
11.7799
104.1297
47.8265
44.9648
69.6178
67.1119
71.4033
84.4346
81.6069
69.4570
74.2933
35.0744
61.5298
73.7828
49.9614
60.1771
30.5044
40.1761
16.0004
75.6533
53.8445
69.2813
71.9729
64.1015
70.0134
121.6659
97.0689
12.4555
78.8597
70.3941
80.8170
161.9051
354.7363
124.1143
343.4333
237.8230
281.9687
194.0717
280.3971
15.9612
80.1215
26.9582
58.6953
304.9567
27.5334
47.1625
60.2379
288.3631
185.1298
168.7424
64.1983
65.3474
132.4303
19.9012
213.5951
45.2523
55.3282
37.6236
69.6014
47.2659
301.3341
87.4834
103.3740
41.9099
53.7428
73.8148
46.4850
85.8965
85.8790
236.2412
97.6238
6.5585
353.3366
50.1649
84.3285
267.8344
1.5123
2.8673
33.1451
29.1402
15.9601
64.9735
57.8478
39.4550
27.1413
191.7907
101.6544
3.4904
48.6986
97.1868
66.4015
84.3316
85.3959
88.8280
70.6940
344.4013
66.2318
87.2494
49.7095
59.0796
56.5566
9.7768
2.7241
312.7633
355.7585
38.3929
37.7997
36.6852
48.7742
60.2516
66.4030
65.7181
70.7749
34.1586
39.8678
337.4900
331.2508
74.9196
233.5280
6.6554
177.4144
53.3646
54.8486
179.7472
2.5490
3.8671
148.3713
88.0850
89.4343
10.3560
44.8448
59.5801
61.2718
65.5510
51.9436
50.2512
65.2441
44.1268
21.6361
1.6757
207.2545
49.6220
161.2762
58.4012
31.2067
161.0914
53.7319
61.2541
7.2072
2.4058
20.7839
16.4430
359.6974
342.1110
53.6073
98.1650
359.1829
28.0801
36.9660
28.3123
44.6132
6.4873
116.2761
45.6661
224.2347
35.8586
67.2084
272.5853
27.2946
32.3408
22.7936
18.0467
10.7244
81.9143
69.2537
99.9302
24.2955
22.9907
44.2525
3.9981
166.1907
242.6787
8.4434
15.2594
46.6921
51.5604
195.4702
191.5501
207.3827
242.6178
77.2156
14.7348
51.0071
45.0712
36.6486
18.0648
9.3046
47.1602
213.1395
4.6163
7.3117
32.6916
13.1993
35.7154
5.3645
40.9221
59.2532
17.0568
40.6844
26.0466
15.0287
38.5077
71.2475
7.3835
63.2493
186.4858
40.4954
91.0724
106.2861
29.1021
0.2999
53.5954
11.9023
115.6158
301.7287
101.9707
318.3383
358.8263
347.3984
35.4681
154.0171
337.7664
119.5624
239.7025
85.0244
39.9503
96.4015
25.1661
37.5218
85.4123
14.0504
66.2487
55.2339
31.8305
13.3020
307.3068
76.8935
84.5935
3.3417
10.1337
12.5862
9.1580
41.8759
31.3377
27.4916
41.2754
9.1470
22.1099
44.6582
74.6262
27.6824
30.0203
68.1725
85.8617
14.4334
14.3758
15.6677
17.2272
73.0312
44.4022
356.8051
359.5377
82.4847
60.9120
253.3757
254.6023
35.8312
26.0247
69.0765
70.7716
30.2938
10.3180
50.9583
56.9015
81.4287
58.3095
20.4295
24.7317
10.2964
32.0045
26.8490
63.8048
58.5800
46.9595
43.8457
40.7607
81.9270
90.6950
67.8057
11.1525
185.8733
123.5345
67.1323
7.8203
0.6867
0.7227
8.0151
60.7212
242.8371
15.0127
6.0634
329.4143
293.8465
46.8963
62.0498
66.1323
51.0730
42.6503
262.3776
348.1626
87.2918
62.9331
66.6455
83.3152
88.2821
202.5112
83.2009
77.1431
64.7521
299.4316
18.6725
21.5115
355.6172
357.4991
55.8737
51.5091
2.8454
359.4304
81.4909
86.0271
37.1250
353.8790
57.8372
49.6955
355.6132
129.4028
52.5711
44.5613
39.3647
74.9990
87.1223
344.5227
70.7227
63.6906
84.2261
116.7177
89.8306
36.5806
62.7740
60.8650
57.4676
23.0317
196.8295
11.8635
65.9486
72.9154
302.5956
310.6082
66.4799
150.0501
13.6790
328.3908
65.5874
64.6707
350.2436
24.1657
70.9357
70.0795
194.3318
274.4195
161.5258
333.4361
289.3608
70.2096
243.8831
319.7745
30.0164
67.1608
71.5200
78.7791
88.2340
56.7837
247.3025
11.1496
101.9255
44.8133
82.9884
40.5585
185.2243
85.8421
84.8404
15.2204
32.8357
176.4734
226.7464
76.7029
70.7960
251.4753
74.2805
3.0902
61.2156
69.6344
67.1016
59.4653
70.6866
56.4399
50.7755
71.3391
67.7087
16.6203
58.4355
38.7714
63.3500
65.5810
36.3095
54.0941
64.0190
50.0399
65.6581
60.6099
75.0070
269.0727
65.1789
90.7717
105.3104
356.5733
89.8740
89.3867
59.4773
311.3170
13.4041
16.1006
86.1728
89.7121
23.6230
22.2996
22.9553
10.5550
15.4288
169.6602
57.9520
354.2809
320.8614
171.4986
60.2711
305.6506
51.9637
2.6401
42.0403
79.3867
179.8673
168.5482
43.9366
43.8084
2.5551
349.4192
20.9130
337.2637
29.1737
302.6971
74.9956
9.5994
82.6919
143.6405
57.1292
58.5871
296.8338
88.8329
163.5368
190.6621
202.1417
30.9772
1.0462
1.1248
353.1025
53.1300
0.6677
359.3518
61.9130
46.6490
79.9121
79.5192
63.0045
71.0968
87.6836
85.2407
51.8980
86.0199
91.9767
30.0607
37.8479
28.4063
245.9291
33.8016
308.8581
40.5074
88.9883
66.0306
54.6919
82.4702
101.6583
46.6483
192.2808
222.4340
30.1506
111.4077
313.6332
36.6607
200.2690
8.4665
78.2479
72.8307
61.3864
66.4438
86.5225
267.9130
75.4059
17.0804
349.7127
178.2143
226.8406
18.4655
194.9482
59.0334
350.0308
55.0836
62.6865
252.3201
265.2038
347.1622
214.2563
61.4436
58.2195
176.9981
183.4785
186.2399
356.4757
121.7454
1.8292
358.6673
4.3196
164.4827
89.5071
83.4132
25.2848
277.2364
43.3579
104.5582
53.2253
42.6266
8.2758
255.4410
76.1130
31.7376
43.2358
70.0342
71.4332
34.5481
59.6402
53.3463
58.3682
39.2173
20.7462
87.9018
80.6048
157.0352
15.7321
19.7346
67.2698
72.4242
74.1472
80.0942
44.3218
41.1114
33.1651
60.5938
56.6346
38.1476
77.3791
63.8582
76.5846
35.1222
39.2546
22.9617
15.0147
67.6874
58.8892
61.5810
60.6941
86.2946
304.3936
73.5095
27.8307
4.6051
49.4807
46.8371
44.8298
46.6443
33.1903
65.9518
62.2919
21.7081
39.1231
73.8342
74.1606
53.7548
59.7267
47.3613
48.1354
34.6385
170.0577
30.5948
26.0324
11.1034
16.1858
61.9033
67.1348
70.3494
26.5546
61.9946
83.3200
76.8706
78.8742
67.2545
79.1333
57.5781
14.2978
29.6592
23.0611
54.7941
51.1299
60.8114
62.0467
39.6010
24.6869
69.0547
68.7765
20.9561
47.4338
66.9270
53.7938
26.7024
7.4499
90.8330
85.6183
18.3307
13.3051
53.3408
38.1070
25.3871
24.4122
5.4448
18.2795
65.6661
66.6105
72.8972
41.3919
32.3915
136.6098
56.8229
61.4184
2.5639
8.1042
54.1315
49.3440
35.2758
31.7456
71.9560
76.0179
33.6891
79.2338
77.1491
13.1547
86.6276
58.0631
58.4808
57.2048
62.7215
3.1068
13.1351
18.2176
50.5642
68.0796
20.9485
30.0798
69.9768
91.6513
15.0582
17.9237
216.4692
52.5352
67.9333
47.9178
77.5637
78.6418
87.7027
89.2531
36.2925
22.2021
77.8395
72.2064
55.4831
67.5055
82.4225
66.1719
70.9388
66.0440
65.3933
75.6905
88.7831
35.3065
37.5380
72.8128
66.6293
27.2626
23.6190
74.5935
67.7777
62.3017
46.2147
149.6561
131.6945
74.2448
81.2478
63.3352
62.2817
219.5221
94.7937
64.5423
70.2391
46.9246
26.6603
40.2170
37.1265
62.3837
50.8827
65.7647
13.7655
269.9866
34.9908
31.5789
19.5647
20.6547
72.8524
71.4189
13.5545
339.2350
87.9792
88.6722
23.3312
27.2664
52.8132
44.0985
25.5394
22.8771
4.9275
7.9315
31.8271
36.5901
296.4216
63.4141
78.6389
36.6507
36.7270
8.4280
17.3569
7.6735
9.4791
48.3503
2.2911
64.2887
43.9870
18.7742
36.8387
233.4006
41.8704
40.5875
3.5944
12.1650
20.3425
19.1672
15.9308
7.2776
26.6743
357.6584
20.8267
18.1130
27.9113
228.7957
46.8960
43.9914
73.0520
73.2964
358.2728
40.0584
47.8344
118.4120
21.8972
24.7801
89.4424
8.0695
87.4649
50.3593
73.1141
48.1268
46.9411
42.6164
24.9482
15.9513
1.1929
355.2650
86.7264
87.2602
56.6493
57.6966
359.0979
0.1427
276.7932
331.4407
194.3723
25.3211
20.5268
54.0847
60.7132
13.7839
11.6984
53.4233
43.3100
33.4214
65.0426
9.0839
350.8466
28.8474
23.8807
23.8674
20.6311
7.9519
9.7671
9.1097
19.4943
4.8383
5.9734
264.3681
257.2830
25.1087
14.3528
11.8277
292.2816
355.7079
7.7141
73.6585
76.5457
29.5477
29.8933
59.8883
51.6052
46.8755
39.1598
2.8336
129.7914
288.1891
269.5536
50.9601
181.8346
35.5370
286.5455
54.8452
70.1863
12.3967
183.7109
42.2065
165.2933
296.9056
285.1436
263.0221
69.4595
249.4497
134.4977
158.1680
144.0114
129.2201
273.0714
291.0926
53.5212
56.3210
279.0778
47.9938
61.2785
239.1400
3.2894
351.2559
292.1781
83.1455
260.4055
206.2328
13.3266
38.7231
47.7961
88.2622
142.7672
220.1996
63.3266
281.1611
57.3874
56.8647
13.2477
15.9052
221.1811
265.5803
54.8774
345.1107
20.9460
12.4090
0.0095
4.8135
30.2681
26.9940
13.3231
5.2764
27.8721
45.0698
32.6235
25.2909
77.4521
73.0592
69.8531
74.3162
78.7837
89.8346
38.3383
248.0041
8.0150
5.4264
11.7430
9.0308
42.8811
2.0968
80.7207
84.6288
50.0436
54.0837
70.3532
23.8965
42.3492
68.4333
45.2491
16.6715
47.5334
13.8505
1.7796
46.8122
44.5253
6.4620
42.9155
237.1437
355.4156
31.4773
0.3548
7.2850
60.1931
190.3040
68.7509
1.2193
358.7172
203.2135
15.6864
306.7645
37.5621
207.3907
192.1530
34.0564
34.1769
1.9801
3.8035
67.9756
3.7553
11.4937
14.6911
69.1981
118.5810
38.9515
51.0544
11.4373
2.1537
69.4348
71.9819
82.4285
113.0613
40.2851
3.7649
11.1577
14.5212
7.6978
354.7803
36.5891
203.6751
85.9418
269.2855
320.2588
158.8493
49.4076
27.5086
183.2022
54.5788
63.9427
47.7295
1.1048
354.5590
337.4194
246.3227
43.0330
11.0687
342.8672
320.1366
106.3828
180.8030
359.4698
184.0533
60.1475
23.6928
206.3585
4.7041
0.3963
249.2790
98.3092
44.3374
27.9015
172.4018
259.9000
18.2647
145.2185
154.6574
61.3334
51.1245
49.3145
60.1566
67.3393
61.9669
195.3238
138.7743
204.1248
59.1136
53.5671
100.8695
82.5112
272.7155
283.3957
180.0000
27.8926
106.3782
257.6781
241.9622
47.8572
151.3297
27.1760
101.9092
185.6006
305.1139
87.0906
101.2842
256.7103
36.0193
63.9977
195.9724
270.5173
117.2762
58.0078
262.2932
251.5773
65.8017
251.1029
237.1929
359.9932
248.8957
173.3474
346.6991
131.0715
6.7270
276.3942
315.0798
165.3249
32.4221
240.5502
89.9731
121.2725
12.6297
358.4374
111.0862
198.5932
66.6202
140.9428
89.9559
88.3238
107.7954
86.1152
185.0705
149.8169
269.4045
21.3510
245.8000
338.6056
337.8241
290.4339
56.6629
42.8406
54.7686
79.2267
233.5330
58.8294
64.3956
66.7663
71.2789
21.0292
13.1205
53.0485
53.7776
6.5466
7.7464
25.2596
215.7882
44.6467
3.6742
13.4871
80.1130
89.2069
75.9016
110.2347
107.8961
28.8094
16.9047
30.7360
31.5530
37.7519
22.9431
50.8259
88.9896
18.4008
55.2393
54.0498
44.0487
19.5897
204.1308
67.9272
70.0492
87.1507
87.7219
28.8386
27.2751
51.6300
51.6835
38.9734
67.2055
66.2665
11.9514
1.4659
106.6492
112.1564
56.8274
41.6400
43.3705
38.5400
37.8502
34.6815
25.3279
22.0274
79.9412
84.2860
26.4707
26.3434
54.6240
9.3998
36.1641
81.3704
86.7246
43.0263
10.6997
41.0893
47.2812
17.9403
15.6656
77.2764
22.2245
85.1965
189.6724
352.3922
61.8674
61.8732
48.4766
223.6789
2.8004
35.9924
33.8235
247.8464
178.3252
176.9449
248.1603
229.7353
16.2561
100.5322
63.3897
19.5502
78.2014
23.7937
17.1990
19.5836
271.7207
261.8704
31.9177
43.5956
280.2729
339.1669
271.0772
27.2934
103.1506
82.3848
48.3898
80.1581
359.4420
316.6631
3.7095
39.2687
23.5358
225.6138
200.5449
61.1768
71.4264
124.1252
214.6402
70.3062
74.0816
49.6868
49.3349
60.7291
74.2951
1.1955
5.3556
2.9339
356.7948
264.9851
13.6058
326.6164
95.4753
58.8773
51.0091
65.2132
38.7780
80.1701
46.1376
76.1720
66.7741
51.8044
230.1907
61.5980
119.8517
278.2564
11.2129
11.3460
43.5031
12.8881
81.8485
79.7856
42.8023
54.9638
66.7727
29.0784
136.5726
83.8015
22.4359
52.6659
79.0535
69.9602
52.6203
60.3132
70.0996
40.2461
39.2623
269.3923
117.5826
357.2435
61.8163
48.8977
45.3972
71.3938
247.6247
65.6323
272.0401
73.0678
69.3698
70.9662
68.0373
279.0648
59.0516
5.3827
13.3366
37.2472
202.5629
320.9030
65.2174
294.6722
14.4701
15.8994
43.0179
212.5954
71.3051
103.2406
22.4874
227.5845
304.5371
240.0962
65.3354
170.2562
78.3965
113.4187
298.1326
33.0345
158.9248
327.1746
0.0939
359.9872
27.6022
56.0447
15.2216
210.7341
58.6607
13.6482
19.5577
72.8583
87.5195
261.1575
28.3076
247.5919
14.1432
80.5257
30.8445
150.2585
44.1516
148.2502
37.8458
40.2962
359.1208
6.9147
6.3058
44.8897
220.6264
41.5042
44.3608
354.7008
12.5640
89.2321
83.2742
60.0979
62.8899
73.8499
77.2473
55.4594
60.5933
19.1427
67.6541
78.1328
17.3505
19.4378
233.7006
8.9767
41.4721
31.9131
93.7637
88.9634
49.2608
54.9997
59.9843
53.0446
191.2955
75.6651
66.2179
77.0028
76.0868
54.5809
244.8085
82.3236
150.1557
12.9109
10.8714
45.8447
30.8135
80.5225
79.0898
336.2552
62.8987
57.7699
273.8420
67.2293
53.5430
27.6835
341.4295
79.5622
86.6496
55.5505
52.3409
67.0609
60.2691
40.8869
274.1166
29.1541
46.6576
77.2983
49.6208
41.4130
52.2111
63.8693
62.7026
57.0750
71.7508
68.4482
72.1980
63.9297
69.4487
17.8634
192.2215
58.9289
73.2914
0.6628
3.2182
60.3833
66.2325
16.9272
17.5694
55.3563
70.7997
55.3998
353.7719
79.0131
337.8127
57.2583
71.6041
259.3567
91.4171
29.0882
32.6331
13.3386
29.0675
241.8586
25.7716
173.3503
12.3523
177.4178
233.5893
1.7807
40.0508
13.2862
7.9930
11.1693
191.4013
324.2808
42.7834
6.1828
39.7324
31.4294
26.1036
28.3450
69.6871
75.6533
353.7148
80.1180
267.7750
11.7085
19.1013
24.8441
9.1024
22.2561
173.2149
26.3044
30.3968
354.6459
75.4683
71.7087
6.9697
23.7539
334.6091
24.0383
34.8145
122.6878
43.5208
61.3161
60.2850
351.0513
203.5275
29.3525
49.0269
329.9813
62.7906
72.1318
96.7549
49.7430
47.5894
244.5960
231.5089
146.1099
84.4060
105.5408
64.3006
39.1627
52.3253
40.8918
55.1262
56.1680
64.1664
164.4146
244.8569
26.0225
258.4095
267.3788
263.7911
149.7009
65.3306
52.3348
13.4143
116.2748
139.9003
177.7860
30.9894
77.1707
318.7834
251.6273
73.1062
342.9142
230.6426
11.9507
234.2430
354.1014
288.3485
52.9131
354.6132
235.1906
68.5395
71.3096
3.3924
2.4614
348.4282
149.9336
258.8724
191.2490
28.5373
284.1359
103.2903
190.6342
44.3292
177.0004
11.3870
71.0420
17.1706
284.7266
57.3854
274.8839
65.1998
135.5129
8.5905
41.8488
19.3943
151.0301
100.1405
110.0055
72.8467
284.8984
359.1227
75.1131
79.9550
89.5499
166.6926
348.6264
283.8066
358.3577
160.8426
72.2038
71.0859
165.4515
20.9410
35.6800
194.6648
301.9265
279.7909
102.4466
86.4325
6.4902
179.2469
72.1891
202.3222
82.0685
100.1934
306.7572
254.8004
235.7258
11.9749
51.2756
130.5670
87.6075
17.8537
17.1084
124.9311
54.9984
77.4614
329.8108
40.3890
165.2064
138.9679
231.3849
322.0905
68.2300
38.2598
45.6961
49.0871
48.4176
19.8442
122.9444
145.9480
99.2530
49.9753
89.2215
179.0509
69.8958
281.9429
234.6490
125.2775
87.2262
222.0122
286.9746
92.8179
6.8157
346.0909
11.6965
239.3439
136.3248
63.2865
111.0677
54.6382
46.6188
31.4988
208.8777
301.2653
108.7725
233.4539
302.9100
45.6197
270.5321
273.8027
159.7954
75.4203
185.9572
19.5885
47.4366
282.0289
14.1911
18.2116
126.7562
313.6009
51.5218
219.9822
82.7067
80.4126
352.3319
17.5236
22.7140
0.4705
299.7341
96.2569
86.4557
92.6264
111.4550
214.4441
125.5138
163.3788
119.2723
86.6287
87.9928
76.2111
35.0760
25.3444
276.5411
49.4821
92.8108
61.8686
51.9234
56.2764
80.2690
88.8427
86.4502
84.8382
39.3589
44.7711
248.0845
358.7851
1.3120
7.9748
74.8038
65.1653
155.0714
205.1541
201.7137
292.7025
206.5700
7.9994
70.4613
276.6296
296.8886
88.0743
237.0408
80.4467
34.1102
55.9341
38.1726
328.4901
139.1629
326.9862
13.9351
286.7429
327.3230
87.0166
90.5841
70.5156
102.2344
137.3712
48.4062
177.3215
71.6298
42.7390
268.3186
6.0023
341.8828
159.0633
43.8508
134.9484
85.2265
297.4171
20.1973
347.4744
88.7095
67.1134
76.7422
103.3798
51.9124
35.1593
11.3848
113.1537
43.6262
58.7877
57.0165
80.9859
352.8812
56.9099
346.8429
278.9927
112.9901
344.8482
118.6504
93.4876
13.0844
217.9187
89.5336
313.5520
72.1337
278.2244
78.5114
74.2889
99.5090
53.0888
81.8110
215.7592
89.3552
55.6108
14.5566
297.9437
56.2889
71.0348
32.3495
132.9410
20.5026
10.9642
151.9490
225.5316
53.4809
95.6482
32.6086
84.1474
359.8438
136.6528
260.3084
57.7377
89.6872
109.2035
35.2290
10.9097
83.2116
99.3129
78.8790
80.2354
90.1716
190.6265
58.1382
159.3573
348.6471
12.6904
67.7757
72.6888
53.4537
140.1664
31.1184
193.6592
30.1297
9.8792
351.9608
68.2493
69.1951
182.0682
97.6439
316.3366
78.8792
69.3724
72.0505
49.4292
79.3369
81.6282
116.9551
84.9200
210.1705
32.8849
279.0417
72.0153
140.7467
92.2691
169.6288
7.1375
9.4394
286.6460
55.8900
115.5423
67.6848
53.1524
239.4876
287.0432
64.6263
151.3804
63.0706
88.8437
90.3838
72.2638
252.7836
169.4901
110.7410
55.7887
34.8820
88.0881
35.5286
65.3909
164.4208
84.2771
84.8332
333.1663
36.9336
43.4379
3.6848
99.0876
230.7837
84.2895
275.2330
208.1385
72.1702
82.6397
34.2469
168.6788
53.7253
341.2029
82.9921
106.9592
7.4130
124.6711
231.4644
92.5019
159.7576
53.3395
66.1341
263.7702
79.3224
114.2255
341.2759
43.3912
359.5599
212.3203
83.1893
67.8241
254.9892
352.9689
36.1039
275.1740
55.8705
252.0770
77.6712
288.4139
21.1067
78.0098
335.3345
248.9476
16.6349
65.1921
23.5035
75.2687
29.2948
294.9418
57.4015
63.1611
140.0248
332.7969
89.8687
167.9280
346.5767
257.9944
221.8366
242.7884
272.8803
51.5350
11.0614
68.4462
63.1109
199.7069
280.4419
153.0392
160.6307
288.0124
86.3088
84.7540
75.5096
43.9172
285.1326
262.4473
46.7630
337.1088
87.1002
91.3404
94.5961
292.6042
339.2795
31.5731
206.0604
93.6615
37.5770
1.0692
89.8442
32.6669
245.2604
300.9428
109.9256
13.4006
262.8278
30.3738
8.3426
213.0216
49.6765
73.0447
10.7868
247.3099
44.0397
169.1785
346.8506
4.7416
189.7698
30.2233
44.0661
225.2750
27.0494
56.5566
85.0909
292.9994
76.0276
261.2750
288.4614
349.5635
203.9755
49.9387
307.2475
87.9485
85.8775
13.7026
183.5911
348.3516
79.7096
72.5473
46.9814
92.8018
349.8889
161.0914
288.7560
54.6489
180.0279
10.2420
82.6932
226.0300
91.2619
225.2570
60.7729
29.6749
196.7089
98.2290
269.1486
191.3216
239.4549
142.0993
299.2232
60.3575
161.7602
337.5066
7.2743
288.4783
179.6791
340.6187
271.5455
49.5459
359.2710
339.4895
23.6566
345.6971
334.5987
155.6163
230.6530
181.4506
84.4707
86.4792
198.5956
292.3144
121.0688
70.4218
276.0787
107.2403
116.8041
173.2914
21.8496
9.4970
286.3331
79.7027
341.1553
74.9896
359.8010
94.9717
218.7273
74.3004
293.1598
263.9499
295.9306
201.3856
9.9947
119.7753
343.1054
82.1474
80.8209
45.6380
30.3092
355.7110
206.3807
63.4932
92.5248
295.4461
143.4392
324.9978
22.3774
333.6859
160.9683
90.9749
75.7695
5.8898
53.1055
255.6581
218.8119
96.4340
98.9730
17.0828
230.3649
191.2248
268.1342
84.7098
81.2850
71.4996
267.6446
34.1446
16.2825
128.2642
262.2094
267.6035
359.4386
351.9191
74.0415
95.2667
321.9371
87.4514
104.8640
94.4345
204.8070
127.1967
156.1227
83.4176
145.1616
251.8182
334.8573
194.8726
83.7974
355.8809
247.4542
162.0609
223.3085
262.7557
275.8773
25.3339
93.6435
179.9992
179.1294
17.7818
89.7101
294.1836
263.5224
188.1414
266.1068
211.4532
136.1461
53.9291
225.3812
358.5056
11.7751
168.0265
116.0085
295.5902
28.0081
79.5072
6.7818
198.2797
349.8684
303.8027
270.5053
48.0654
104.2135
16.5670
117.6559
108.1502
244.5945
170.4970
201.5032
42.7432
50.7680
338.2827
5.1022
76.1671
67.2204
14.2837
21.0026
22.0164
117.3566
84.6052
84.1804
10.9957
4.2519
90.0000
220.8074
67.0112
226.3400
83.5318
263.5398
23.3129
45.2056
17.9212
24.7637
6.7132
72.7792
7.2715
37.6516
39.9714
48.0061
54.7997
228.4908
56.2442
356.2344
50.9693
71.4264
73.3288
197.3661
303.5003
92.1064
82.5782
27.5184
20.0822
357.6119
37.4289
54.9047
91.1659
63.8489
65.2588
63.9875
249.9975
306.0831
7.7888
10.6247
14.4898
11.8164
173.2098
82.0161
324.6709
77.6694
74.0049
5.2312
23.7811
60.8653
77.0107
94.0747
352.4647
82.0827
76.3004
291.7039
274.2531
234.4807
241.3754
142.3851
0.0039
237.0828
38.4433
18.6957
265.6026
27.7647
237.2345
65.7858
211.3675
213.6855
52.7077
275.5526
330.0287
35.9671
24.8517
97.7696
336.2840
197.3225
90.9550
99.3259
256.0011
99.3049
78.4003
322.3600
2.4552
319.4487
189.3751
349.8065
327.1896
61.6615
228.3676
233.8877
56.4256
237.6591
116.6574
246.2707
19.4945
281.2010
234.0641
279.5244
280.7372
94.4329
59.6510
174.7050
169.6270
129.3147
356.0279
173.2322
149.8808
189.5010
31.2654
109.7243
323.7665
65.9540
231.2494
4.2656
200.1660
62.0043
334.7324
50.2554
192.6974
56.3789
60.6293
46.8553
27.1743
336.4109
32.8686
243.8669
241.6424
212.3327
41.3512
155.8523
265.7849
337.1242
152.7563
153.6960
222.6939
338.2137
122.9711
125.1237
68.1207
227.1721
284.6775
73.1333
192.9127
178.0324
256.3311
71.3851
180.0592
76.0730
46.2621
62.2264
44.3516
43.9391
8.5464
2.4144
24.1614
359.0967
4.6845
56.3648
11.4663
94.3347
66.7931
80.1114
75.7807
25.2040
8.5358
44.8374
40.4546
21.9302
359.0348
356.8388
30.9255
49.4159
308.3140
33.7703
47.2733
1.1232
266.8586
50.4161
38.8489
194.6099
42.4133
42.8520
54.0666
72.8902
78.5718
45.5387
44.1685
35.0730
23.8768
62.9650
18.3793
14.9542
270.1854
151.8737
16.0085
94.4451
33.5074
42.4220
40.8844
128.7855
20.1456
11.8923
75.0939
70.7911
63.8980
45.5944
44.4007
27.4638
35.4659
15.8281
72.1051
78.0407
56.7830
39.4330
79.8054
78.9076
21.0050
19.7500
18.4223
2.5835
1.3309
358.7916
1.3732
60.6906
79.6695
162.4045
75.9582
77.9882
67.6145
6.3798
7.6839
71.3710
76.0964
48.9574
36.9580
204.7267
19.5051
62.4292
67.1108
28.1513
67.8544
52.7107
55.2070
38.4150
72.5965
90.5202
75.5328
304.7980
273.3641
37.8058
47.2975
10.0527
21.1500
10.8475
9.2098
85.1733
80.4520
212.6459
326.5576
57.0568
29.7193
27.5368
96.0961
63.4282
53.8861
34.4620
28.3793
45.2321
167.7284
20.7501
31.1064
252.6866
357.6386
68.3539
67.9680
43.3871
39.2494
86.6549
87.5631
67.3882
49.5995
85.7055
104.4458
78.7006
70.0821
353.3894
336.3639
308.1111
94.5550
1.5421
66.9796
76.8514
42.3556
25.1009
77.0241
49.8335
17.0214
14.5899
41.0373
42.9131
91.5038
21.2002
17.3057
267.6516
335.4377
19.5934
40.5336
35.8510
65.1189
114.3356
29.6242
90.5454
195.3931
17.3058
16.9981
181.1144
195.0273
210.5988
65.8211
67.4888
77.3078
71.6566
337.0638
3.9746
4.0627
14.4075
358.3345
43.1098
65.7569
30.5377
28.7726
6.7064
13.6797
24.6005
16.1881
38.4103
36.5501
69.1535
17.3277
153.5869
48.1297
36.0285
19.9730
8.4913
37.9833
44.2356
66.3290
70.5129
2.6287
4.1220
1.8037
213.3246
71.2577
293.8346
26.8661
37.2962
99.8519
9.1855
26.6633
12.0816
16.6909
116.5681
82.4537
115.1803
88.6783
104.3780
77.0698
48.6015
47.4232
57.8549
56.4684
63.5830
107.9517
269.4226
101.7407
264.4576
279.9189
3.7203
91.8815
95.0077
66.4622
52.6732
153.6099
107.2778
12.2367
359.5907
55.6773
72.8926
64.3107
331.6148
108.0217
293.8364
54.5510
26.6972
50.8418
63.3582
53.7723
48.2271
60.2966
60.0046
71.0747
62.0445
58.4490
81.4880
82.0726
82.6443
79.7898
10.0220
0.4162
83.3699
31.7638
37.7119
39.5725
16.0014
11.9605
48.9079
112.4309
49.4566
59.8390
67.1989
66.8653
77.2670
107.9510
98.6784
196.2221
177.2739
35.5994
22.4481
231.8801
96.6582
199.0797
304.1486
342.6937
13.8349
8.5807
339.0617
336.4517
85.7399
54.9603
97.9458
59.5964
62.8281
61.5771
232.4733
201.5479
81.1981
251.5317
356.5689
17.3015
47.7714
166.8602
57.6885
69.2014
261.7707
67.5447
67.8310
327.6679
348.9348
127.8252
112.3459
296.6051
323.5621
276.0988
266.0529
55.1350
148.2949
69.5734
78.5148
40.6358
60.5318
48.3661
96.4633
10.0703
22.9013
271.7636
40.9335
53.5205
214.5338
84.6768
33.6543
11.6653
224.8509
274.9806
252.6453
4.0905
358.5510
102.0426
300.9744
96.0473
339.4308
209.3497
69.7694
267.0989
181.2708
168.3171
166.7009
85.1280
17.1552
343.8272
56.9225
129.3204
155.6986
33.0742
17.9934
270.5816
178.0868
176.6998
270.7834
29.1259
358.8933
320.2950
213.4683
27.1570
219.4072
7.8926
20.3529
191.7889
68.6853
92.7146
59.3265
210.2732
342.7436
31.7887
49.9486
260.2647
300.4457
21.4132
144.4086
2.9084
81.8321
295.0150
69.0626
286.6103
72.8149
99.0732
15.2908
249.1230
217.2877
312.1244
342.0367
26.6147
6.1041
101.9559
2.6237
39.7941
289.0594
77.9271
138.7182
65.9374
80.0229
62.2313
89.8816
40.4190
268.9877
39.0173
218.8134
56.3144
238.4597
64.3351
89.9393
262.7530
35.1488
58.1273
76.8115
56.3126
299.5866
106.2582
354.3691
358.5150
109.2825
33.1965
32.1995
358.9532
2.4108
260.2721
70.8288
63.8274
357.8203
73.3115
70.1326
253.6547
24.9571
178.7205
9.9662
267.9401
244.6445
51.2347
354.8092
31.5498
58.8754
244.9023
129.5223
154.0851
359.2439
359.4844
345.4682
310.2810
24.3548
79.7968
17.9415
40.9820
26.0344
22.2646
106.9561
15.0244
19.8423
115.9915
152.6593
2.3211
12.3427
46.0235
215.2365
213.5352
314.6058
75.4934
78.4477
97.6205
51.0721
4.3860
91.3026
84.5021
40.1790
42.8745
56.5164
130.3217
69.6901
68.3829
34.1497
27.0195
46.1187
45.8662
15.0721
359.8701
77.8718
80.6605
41.8848
47.3740
172.7165
267.0986
359.6992
27.2982
19.7036
32.2497
46.5062
22.2109
258.9908
180.1792
21.0176
342.2217
64.5073
307.6192
7.3356
26.3612
5.2807
176.8477
87.1895
56.2445
21.4568
185.1090
112.0234
55.6951
64.2857
60.1851
45.2056
84.3849
109.8093
18.2222
344.2083
11.9314
89.8292
9.3999
37.3818
48.8842
28.2541
19.0342
43.4933
57.4405
187.4088
188.4042
70.5592
167.4104
51.3586
49.6999
321.4735
196.8302
5.4795
5.3902
334.9829
340.7385
69.6695
64.4239
16.8916
357.6842
43.6290
57.1472
19.0268
11.9225
6.5763
7.3570
76.2063
77.6699
10.3951
68.9368
49.8210
51.1799
31.3414
24.2790
46.5542
138.5875
48.1726
47.0182
62.5861
59.3551
58.4833
44.7072
0.1454
4.4591
74.2933
11.8164
10.0491
53.8342
83.6409
357.2451
34.5496
209.1160
166.3444
18.9086
17.9378
0.9871
0.7330
24.8249
44.5643
5.8500
5.3178
9.4839
85.6428
89.0644
350.9999
85.0520
53.4907
269.9730
2.3751
5.7967
246.0707
253.1329
54.7649
65.2569
87.4884
82.4096
38.0425
1.8524
90.1058
93.9604
21.2165
13.9576
51.9713
127.3883
64.6401
97.2209
54.6332
9.4861
83.5869
344.1907
63.8538
64.3689
115.6264
92.9542
85.9376
8.3797
61.2788
129.1803
353.6976
288.6149
306.0168
346.5574
329.8931
33.2563
236.1762
82.5468
78.6426
6.9197
55.2541
176.4208
93.9379
329.9197
92.7745
336.4542
217.8957
57.1772
48.1482
231.3677
157.0393
41.0381
290.8134
57.6984
66.7907
34.5718
235.6435
16.2444
13.8826
289.3332
132.0004
46.8695
266.9084
264.8641
183.7154
165.1952
274.7150
68.2784
40.0203
16.6979
28.6893
98.0068
22.5507
37.9512
25.4048
268.5961
53.9486
101.7678
113.5316
20.6142
334.6888
51.0695
111.4203
15.6609
61.0738
68.1101
88.7506
194.9252
68.9912
48.0193
58.2002
90.7318
89.5870
52.4458
41.2373
326.5401
74.8262
315.7642
65.2224
156.5452
92.3274
2.6179
182.8784
21.6612
8.6621
184.0818
1.9233
188.1501
169.1198
323.5610
317.2747
59.9969
47.7419
359.0170
4.9959
37.8143
204.9369
301.8180
86.9540
93.3351
200.4242
348.0485
13.2316
90.3487
54.2923
15.2648
250.4983
271.8051
116.9754
214.5280
123.5422
37.3341
325.0960
358.6365
82.5896
91.8102
27.5501
80.5404
268.8465
69.9411
325.7600
180.7986
110.5717
227.4554
9.4683
320.2648
22.5587
14.5265
347.8993
326.7053
74.1486
240.3224
23.7405
80.7392
23.7384
56.0206
24.1354
14.3894
44.9010
85.9288
91.0273
12.3561
46.0120
19.9430
209.6493
12.0878
169.1732
89.6619
9.9782
356.0531
260.7726
303.2701
196.6814
331.8160
