199.0115
201.8157
301.9069
215.5675
0.0013
22.8536
16.2490
16.2111
207.4363
127.8985
256.5716
252.2807
273.5588
42.2724
116.6008
359.1192
356.0905
254.6976
180.0016
11.6563
234.4913
234.3022
102.0634
118.2536
104.9965
268.2358
123.7617
269.9933
224.0134
216.9500
62.3825
91.7703
43.1196
11.7091
36.5642
301.3551
334.5446
217.0116
11.7276
259.2291
23.6418
338.5417
268.5288
71.0708
260.5593
86.7380
94.5797
337.1299
88.2964
126.6314
7.2810
34.4094
2.1358
355.7969
269.9940
43.5558
65.5693
68.5259
54.2359
51.9530
97.4037
62.6538
29.2930
13.9025
17.3037
2.5266
356.5524
59.8673
59.9942
269.1580
80.9684
88.6191
87.0718
88.1522
83.0999
61.9375
346.8677
281.5045
13.9893
30.7017
37.0161
15.3345
4.2655
50.1557
24.6653
9.4353
3.1381
44.4605
57.0827
22.6259
20.6466
20.7498
12.3291
25.8764
59.0708
20.4629
35.0380
68.9131
66.8921
27.9325
22.8176
45.6220
45.3631
52.6600
46.2179
43.9758
29.8825
25.7130
69.6033
53.7277
29.2460
27.2283
52.5953
44.1612
40.9586
49.6636
28.8974
27.9811
50.8517
68.1173
4.6352
44.5120
3.8783
4.2647
4.9824
6.9989
9.2799
8.9911
56.2508
24.3734
39.1000
53.7396
77.3856
76.3813
64.7017
57.1891
56.8542
56.9019
62.2232
18.7517
87.4880
81.2786
83.6915
87.6611
11.1551
10.1078
10.3735
8.1546
352.0816
11.2336
44.8642
77.7209
64.7778
67.4175
32.7558
32.6157
35.7967
35.1057
72.8183
44.0444
40.6479
78.3688
32.8479
33.5923
40.1854
10.9199
10.0713
173.4388
262.9425
61.2006
70.4465
29.9336
33.0233
32.1591
39.6163
45.4799
87.1699
86.2660
80.7148
82.3590
359.6596
16.6001
15.7738
70.8046
69.8621
14.1989
14.3979
55.2220
40.9531
31.6415
29.4708
174.1732
19.9222
201.7345
45.5078
51.1574
5.2115
4.5691
83.6107
23.2291
1.1633
359.7617
76.1677
48.9440
6.7736
89.7418
149.0000
37.0537
37.4241
30.9081
91.2372
89.6874
3.5503
48.8914
53.0054
73.0034
79.8713
66.9184
79.2372
81.5948
25.1207
84.5867
70.7734
23.6256
137.9123
44.5363
356.9941
71.9755
63.6088
63.9366
89.1397
88.4888
78.5922
87.8298
35.7508
57.9045
66.4311
42.1682
109.2052
38.6926
156.7096
2.3719
124.7485
122.2481
73.0289
77.9176
205.8052
341.1715
88.7230
139.1299
40.8040
57.3445
70.7668
81.0264
122.6896
339.6545
125.3027
343.3102
243.9848
255.4884
196.3802
279.9543
15.7518
79.6757
23.1625
57.6492
305.0896
344.7146
32.9174
59.4553
284.5115
264.6609
241.9327
64.3963
64.6306
116.9468
358.1196
346.0835
29.4294
56.4143
74.1237
76.5784
38.1703
291.1244
87.5779
98.2460
41.9294
54.9569
75.8429
34.9922
82.8676
273.7934
230.6916
102.9492
6.1701
349.1902
54.3765
86.0165
267.8646
0.9118
2.4501
33.1841
28.8103
352.0160
80.9461
83.2892
39.0084
2.4020
190.5392
98.0242
339.7978
58.4081
52.4840
65.8651
79.3648
81.8430
88.7924
71.0996
331.7829
173.7734
82.0065
48.8000
54.5546
56.1073
0.7039
6.7293
320.7741
354.4446
37.8291
36.3823
31.2706
41.6020
65.8059
71.6156
65.5826
70.5404
32.9111
37.9055
11.8135
11.8337
77.3698
234.7480
11.0068
178.7582
54.5930
51.3596
179.8476
2.2713
3.7160
154.5730
87.9493
89.0810
7.9010
47.5801
60.3485
61.3833
65.4157
54.5148
50.2560
8.9119
41.4095
20.3694
0.9463
203.8759
39.5746
152.2135
51.6811
31.2425
141.3037
52.4464
52.7046
12.9405
352.4124
23.9808
23.1610
359.7154
342.4647
57.4621
69.8955
359.7432
357.7265
70.5645
22.7312
44.3827
11.4814
116.5312
45.6358
226.7106
11.7634
9.7388
298.1895
21.7956
26.1022
26.9569
18.4164
358.8581
79.8986
62.5350
91.5100
24.6759
24.9780
50.7000
9.4354
49.4814
2.4613
0.4512
12.5870
46.8983
51.4577
196.1169
207.1450
203.8757
276.6559
19.2192
10.2512
2.5348
41.7260
32.8954
18.3184
11.2280
19.3663
326.5156
3.5801
346.7544
28.1969
11.7068
356.5434
351.5799
58.1720
94.0313
15.3763
33.1942
44.3735
14.9997
39.5234
70.1392
11.4649
17.9213
190.3348
137.3105
89.9046
100.1799
22.9159
0.3379
81.0771
97.0683
153.2609
351.0939
96.3759
308.1503
2.4454
349.8601
231.5033
176.0393
348.4190
50.7151
243.2384
78.3550
28.9710
95.4661
36.0544
37.0134
104.4152
32.7507
79.8563
63.2942
65.7707
44.3265
278.0056
83.1661
85.0990
8.3717
1.4211
12.9434
12.9106
41.5435
37.2470
35.4769
34.9304
3.2454
18.3094
45.5495
45.0180
46.6976
46.6148
66.8767
64.8702
35.2884
42.0966
15.3172
16.8271
69.5810
66.8122
355.8072
357.1824
51.7621
46.4853
263.2972
262.5211
36.9902
30.7975
69.9685
71.8426
24.8497
19.2082
84.1557
84.3947
82.5628
60.5172
26.0806
32.8288
10.1985
33.7146
29.4532
62.9861
56.8573
46.2007
45.7596
50.7917
223.5159
120.2976
61.6782
1.5472
195.1125
191.6054
322.8117
8.9003
0.3326
0.9302
177.5818
74.4364
244.7776
17.4552
9.8791
87.7143
106.3718
24.3037
21.4316
27.2498
48.1782
36.9617
88.5462
355.9395
98.6439
91.4051
100.9079
83.7963
98.8156
122.3846
83.4789
83.1471
37.6909
25.1512
39.2533
51.5947
356.4306
357.4636
43.8174
41.6441
2.3641
355.2782
77.0284
81.3416
45.3999
3.4885
65.2453
51.2761
270.1024
80.1874
64.6992
30.6905
307.3447
76.6290
78.6216
102.8911
76.9302
76.4797
87.5508
106.1367
89.5730
22.9007
204.5582
62.6124
55.2644
41.5877
23.0621
322.2390
65.3334
64.7336
303.4996
31.6924
63.0775
150.1033
14.3712
39.1741
59.5791
44.5501
355.5082
25.8864
69.0293
69.8748
197.7047
253.6089
138.8814
333.2199
319.0966
61.8318
229.3758
37.3165
224.0814
73.2577
86.8697
41.7213
63.4435
328.9747
239.1376
22.2023
26.0785
6.0220
359.1067
24.9683
185.6796
101.8134
105.9472
7.4531
54.4324
283.3587
226.6415
84.6174
64.5578
249.9044
246.7996
2.9850
61.2187
70.7774
63.3002
73.9695
72.4712
56.0497
67.7177
73.1473
68.8902
6.5992
64.2502
359.1545
20.0324
62.5431
50.5363
57.3826
62.7962
49.0498
64.0888
63.0770
74.7380
264.3064
65.5963
88.8509
99.7943
351.3008
85.5600
86.1553
59.5219
311.2420
17.4132
20.8332
84.4516
88.9153
21.2568
24.7300
23.5606
9.2494
8.9478
177.1283
58.6608
12.7478
337.4514
137.3554
61.4587
307.3411
46.7143
336.1501
42.1776
136.9412
125.0673
195.4684
45.9201
319.6116
2.6295
354.2981
26.2161
15.5733
29.7502
302.5355
85.6252
38.3744
82.3372
149.9016
58.1803
57.0196
289.9747
86.0446
142.9688
192.5375
193.0617
33.1996
343.1858
1.3566
15.8498
54.2660
1.4813
0.8740
67.5362
45.8712
78.3021
80.3793
61.2506
72.7440
87.4335
85.5582
52.7194
76.6731
85.2527
28.3334
37.1831
35.7628
10.5077
34.2646
280.8468
42.3319
45.2792
67.9207
68.9822
81.4362
101.8474
46.7915
190.7223
224.8857
31.5240
183.0447
323.4910
318.6688
118.0007
63.3498
78.4747
71.3262
60.1772
64.2456
85.9913
272.4821
76.6185
17.5827
353.9484
191.3069
206.8822
20.2367
203.9330
58.5455
19.7368
54.9382
65.4056
253.5722
265.6506
6.3066
218.5127
61.5164
58.5347
176.4409
185.9325
186.3565
334.1000
62.1074
3.1825
359.0649
324.8335
162.7913
90.0218
82.6263
21.0022
95.2628
48.2445
105.9687
53.5030
43.6378
11.0872
270.0320
40.9017
25.0836
28.9710
71.0812
70.6574
26.3761
72.8709
56.6642
75.3835
59.2875
27.2111
88.2744
80.9298
162.8711
10.4532
12.6206
65.9612
71.3261
77.4600
81.7831
52.5928
50.4592
40.2705
69.1204
63.9911
6.5355
20.1247
63.0687
77.8487
35.3767
45.3033
30.2811
26.8412
69.4559
58.7217
63.6240
60.4544
83.3870
317.7861
67.2533
26.4681
1.9497
45.0574
47.0048
47.2751
65.0898
58.3415
64.5912
62.8826
20.2811
38.1775
66.0623
60.2981
56.0721
61.9792
51.6631
52.3804
31.2825
162.6521
30.6055
28.1939
11.1812
14.6745
60.6844
66.2504
74.5382
68.8576
56.3788
81.4532
82.9445
87.4235
86.9903
81.1333
70.9282
26.7518
73.5162
73.9233
98.1718
341.5926
57.9632
62.9549
45.2306
35.6555
67.1187
69.9756
26.6464
51.2115
68.9962
52.3633
47.0133
27.5187
91.1658
89.0523
19.7141
13.6705
50.5107
39.2650
31.3343
34.0374
20.1323
15.9078
60.6180
63.6351
73.8372
48.3685
35.4606
148.2103
53.6968
59.6091
1.8876
6.7486
45.9259
44.7238
36.2686
30.7143
69.3654
65.6123
30.2628
82.5200
76.6554
10.7944
86.8027
61.3030
61.5694
71.1556
74.2519
5.5782
12.8934
18.3750
59.1180
67.4526
21.2544
28.0121
68.4229
94.1951
15.1687
17.8105
216.2216
53.8436
56.9531
44.8303
75.1963
76.6404
87.6679
88.9881
36.9765
42.1612
70.5522
68.2172
59.3210
62.6807
58.0760
51.6467
63.3170
61.7314
58.4813
68.1748
88.9115
34.5833
36.8205
69.3277
70.4283
26.8554
23.9434
73.7960
68.3163
61.9064
29.5024
85.1701
84.9374
73.4989
81.2814
61.3922
64.5250
219.9312
318.6691
65.6804
72.7523
85.6173
85.9792
83.7786
82.2219
57.3850
48.6118
49.7293
15.4466
89.7990
34.6271
34.7061
19.7812
20.5288
77.8675
76.4130
16.9522
352.5046
88.8568
86.6157
25.1694
23.5849
52.4577
44.9497
27.9190
30.4699
1.9216
6.8300
36.3127
45.2374
76.3191
76.7997
78.4223
46.5014
61.7780
9.5645
15.1630
6.7746
8.6260
51.7887
4.5009
60.6799
65.5763
10.0546
47.5060
215.5158
42.9501
41.7850
8.1422
8.3436
19.6793
19.3654
17.8274
7.2670
9.1499
265.7689
20.6009
15.8035
34.5292
222.6441
44.6181
42.9989
74.2203
73.6156
51.9323
37.0473
2.4992
171.0427
21.6521
24.2302
116.9965
9.1697
87.2690
61.4877
83.1347
45.2269
46.9241
42.7794
25.0868
15.9922
2.3757
353.7236
86.5725
84.4058
64.1690
49.2331
0.4952
1.2544
278.1324
332.9566
194.9420
51.0450
37.3976
53.4928
59.8513
13.3700
6.1606
52.7743
42.1809
11.1844
74.8591
9.9450
355.9834
28.5476
15.9775
24.0190
20.0155
9.5545
10.7361
8.9310
18.6002
1.3752
2.3507
270.3466
251.2645
66.5265
60.0990
14.4600
283.2178
322.6573
8.0853
80.5057
79.6098
31.0322
24.9853
59.5275
51.7437
49.6500
42.2998
5.2693
124.9754
287.5396
276.0572
51.3401
173.9204
5.3013
314.7682
53.6295
65.7940
9.7005
180.4974
226.0507
315.2012
291.9069
248.3057
275.9701
70.6819
249.4267
174.4859
153.6893
140.1837
118.3069
267.2748
291.4343
40.2081
59.9588
278.3417
51.0924
43.4086
340.4198
2.3974
355.3385
291.3993
80.8104
261.5748
209.3434
1.1153
14.8914
42.0719
52.0873
142.3382
219.0386
61.9825
293.8734
56.0559
59.9137
13.5072
44.5036
215.7412
228.7611
109.0978
22.7342
16.8992
11.1995
3.3576
6.3718
30.2160
26.3354
17.9035
7.3983
28.9097
44.1174
32.6441
26.0141
10.0450
28.3941
69.7143
74.3426
83.2498
87.1474
38.0688
214.2595
10.0437
9.5468
11.3417
10.2955
26.1248
355.7891
78.7069
83.6138
74.5628
64.8353
69.9248
25.4916
42.0847
61.7575
33.6044
18.0380
47.5987
9.5639
1.5219
46.2408
44.5197
6.2828
37.9705
226.7828
342.5332
39.3207
0.6027
7.6551
51.8370
202.4181
72.7651
1.2624
359.0058
199.7235
197.8139
306.8388
38.3710
27.7702
210.2272
24.7291
21.9062
3.8499
3.6152
74.2275
358.2473
12.6420
16.4981
62.8808
121.1224
34.5858
54.1924
3.5767
0.3223
69.8204
70.9100
82.1063
105.8911
41.7806
25.8783
12.6304
15.1269
7.1702
356.0434
32.3042
192.9366
99.2133
111.2354
10.7319
160.7455
50.5688
28.3959
274.0514
49.0402
55.4098
49.8145
117.1147
353.0120
344.5893
210.4011
43.7741
7.8777
1.4455
312.8804
105.2970
194.3708
0.4658
0.3371
51.7885
1.3223
227.6833
3.1575
1.4290
242.1032
121.1386
94.8303
26.1602
346.9405
270.6499
17.7930
146.0588
155.2591
59.6696
57.0483
51.1893
61.8159
68.0930
71.4396
147.8617
21.6433
166.9582
48.2769
41.4297
96.7639
95.5233
257.5519
302.7388
180.0008
13.7514
106.3222
261.8381
246.7064
47.9976
150.4861
53.2738
85.0907
184.0875
303.4112
88.2685
98.6751
305.3309
45.7668
65.2294
222.3966
271.0181
116.5682
63.2611
292.7138
251.4210
120.9864
264.7717
253.5389
0.0000
268.2447
172.1302
346.3553
130.4263
14.1742
260.8925
307.2203
112.8285
35.5589
61.9738
89.9747
120.5872
15.2465
358.4897
165.0290
200.1769
65.8740
118.0153
89.9879
88.0326
127.3747
92.8601
186.5039
158.3603
269.7146
18.7576
237.0822
161.9187
156.9754
287.6889
55.8466
59.5255
57.7498
77.1754
228.4790
233.5900
64.5063
66.6054
70.9327
20.7863
16.0026
54.3249
54.0830
8.1815
10.4477
8.3332
211.1270
173.5579
5.0113
11.6526
79.6545
88.3725
80.2004
90.2867
92.0260
25.3685
22.6504
33.9131
34.3949
38.9500
27.2829
51.1703
81.1199
21.7671
53.8465
53.8923
44.1939
29.1501
102.3310
68.3308
68.9449
86.9457
86.7455
28.9207
23.7991
52.4624
51.3305
40.5046
69.0760
66.8149
10.0796
7.4684
102.3192
106.4918
63.0306
52.1273
42.8704
40.7403
41.5609
35.4097
24.9983
22.4822
80.7648
82.9920
26.6879
26.1602
50.4337
14.1853
45.4399
80.4918
86.7198
44.7603
14.4083
38.0569
46.4330
20.2039
14.6063
73.0773
21.9052
85.1865
6.1420
358.2914
61.1660
61.4509
48.5055
181.2520
353.2699
215.9542
32.8323
227.2032
177.3843
171.8994
249.6409
229.4958
15.4936
69.5370
54.1065
25.2262
90.0792
23.7548
19.2083
8.8957
313.1792
322.1107
23.7318
40.4628
286.4768
52.4531
273.0646
59.5117
22.1527
80.0622
46.4932
79.4220
359.6058
344.7061
355.3667
45.6848
24.0135
251.7308
167.9366
63.2487
66.7561
124.8146
184.6452
70.9872
74.0373
48.1049
53.5135
62.0845
75.2655
1.0966
6.1210
5.3309
356.0923
259.4485
13.5945
331.4546
89.2365
57.6085
53.2982
71.0792
50.5611
76.7875
49.0571
74.1253
65.6289
51.3764
229.5569
93.4509
84.8044
90.2914
11.1756
359.1864
51.2060
8.3884
82.1018
79.7578
43.1007
54.8511
67.1321
28.3797
82.0533
84.7510
23.5806
65.8697
77.9005
69.9124
56.1320
62.1516
70.5965
54.6345
39.1820
268.6171
113.4129
347.1420
64.1587
49.5030
45.6111
56.1798
57.7690
65.4408
267.8757
73.2943
69.0237
68.7778
67.5962
96.9066
57.8624
6.5264
14.0030
84.0150
93.0710
323.8694
65.8261
77.9368
14.9381
16.5622
39.6370
175.4674
71.7927
104.1640
25.7525
222.2140
297.7674
240.5993
62.7175
235.1376
77.1582
263.4504
320.7041
30.2169
351.9586
340.0501
359.9130
359.9782
15.5663
52.0396
228.1642
217.3268
59.0980
346.9570
14.0369
94.5687
93.9065
264.2934
49.5975
252.2598
6.7339
71.6101
39.3557
149.2228
41.5017
16.4026
37.6539
46.5832
359.1297
6.9282
6.2855
40.3897
37.1598
45.1392
45.0527
355.0590
12.3519
86.6881
90.4644
63.0302
65.1271
73.8402
77.1988
56.9195
61.0005
19.5571
69.2491
79.8090
16.0196
19.3596
248.8133
9.2909
46.5152
34.4951
95.6903
89.1710
47.9522
57.2963
62.1144
56.7795
181.3665
75.5379
65.8369
55.7004
87.8327
54.2995
238.0922
82.1468
119.1213
13.1670
11.2829
52.2927
38.1667
79.8349
78.4714
336.9744
62.8880
54.1546
280.2920
67.0300
53.4250
27.7035
333.2979
78.3146
85.3498
57.4433
53.5882
68.8059
61.6313
38.4626
273.2608
22.6327
50.3478
145.9430
51.0735
43.4421
52.4410
60.7200
62.9337
56.4000
72.1427
68.8145
70.6824
63.0148
68.9189
18.6222
192.8054
57.8019
79.6563
1.0740
8.9099
63.2338
74.9544
16.4758
196.3727
54.2235
205.5051
52.7541
353.8217
77.8557
334.8099
57.6207
69.3060
105.1981
85.3835
29.1054
38.4171
228.6103
29.5174
199.8089
16.9153
175.4124
12.6017
174.4735
233.2352
4.2740
36.2303
13.4644
11.4600
45.1735
190.0423
323.4917
42.9674
6.7835
81.9198
48.7833
28.5174
28.2506
69.9012
75.7178
350.4600
70.1837
284.3266
11.9150
17.5059
17.9605
8.3294
21.7378
170.0342
33.5124
48.9307
355.6358
0.7853
71.5126
5.9761
23.4920
335.8627
60.8659
50.5748
119.7841
43.5188
61.9975
58.7868
351.4248
209.9944
12.8492
163.6504
329.1528
50.7411
77.5395
95.5852
46.9605
50.2762
243.3488
231.7768
145.2871
90.1054
90.7102
70.4451
37.7744
45.4953
340.1932
57.6160
56.0637
70.2093
153.1472
245.0696
25.9873
264.0391
269.9815
263.7487
148.9891
66.4174
63.4632
100.0641
107.4963
139.9118
176.8061
30.7523
337.6942
318.1159
251.6618
72.0254
342.9922
237.4711
13.2769
233.8423
353.3583
287.0099
51.6248
356.2751
236.7717
68.5869
71.9817
359.0502
353.3887
348.2389
158.4629
258.9206
190.9025
28.6787
283.5000
103.6790
60.1007
37.9818
176.9119
10.5081
73.3232
16.9990
284.4434
219.0830
273.9925
222.0330
216.1695
8.2724
244.6146
240.7510
203.8811
101.7011
110.2042
72.6370
283.0126
358.7538
74.7159
81.7645
89.6674
166.3855
349.1891
273.7852
357.3934
161.5893
71.9648
64.3739
165.4182
36.1820
97.9194
194.6076
302.2422
282.1659
101.5992
89.6658
4.9793
180.7028
260.3344
202.7459
265.0883
262.4133
306.4500
251.8517
235.9738
15.6312
50.8823
133.1797
88.9223
19.2996
21.5972
124.7860
316.2915
270.8230
330.6364
41.2461
165.5371
139.2294
232.0268
321.9255
68.0104
37.6549
44.8604
47.8085
45.6545
19.7155
126.4740
146.4583
99.5590
101.0841
89.4478
179.0802
69.2524
283.4640
235.4462
154.3224
85.1719
225.5835
286.4147
92.4151
6.4929
346.8882
15.5599
239.3976
136.7460
60.5169
110.4644
50.6232
51.2908
321.1980
188.9843
302.5623
107.9229
226.5946
303.0104
44.5448
270.4570
100.0100
122.7982
70.1776
188.5695
19.9897
48.1568
281.9888
11.5613
15.7521
126.8801
133.8475
111.5385
221.7063
84.3833
92.5936
351.0087
263.9049
26.7002
359.5442
302.7776
98.1808
86.4182
209.8778
199.2408
248.0606
117.1991
152.8808
96.1608
94.2846
92.9042
88.9065
44.5946
40.7154
277.4172
14.9034
94.5706
56.2330
43.9404
56.2543
85.8380
271.1155
92.6869
87.6373
30.0323
31.9591
249.1809
184.0415
1.5773
13.1154
78.9138
31.9554
119.8304
204.9400
190.8915
292.4108
205.8089
7.4914
351.2841
274.8991
296.7108
88.9865
236.7016
79.7000
33.7655
58.1238
272.2638
328.9799
341.3706
322.3567
198.5071
286.7808
289.1643
87.8625
95.3872
65.5284
116.1941
239.9207
197.3873
176.8727
69.7507
40.0668
269.6609
6.8368
167.2711
159.4093
30.0151
153.0868
85.3091
297.3674
14.2146
157.8333
7.7698
62.4825
54.0959
108.7943
297.0533
33.0360
188.1360
124.2808
43.5200
57.2536
59.7513
62.0030
167.0734
58.6542
285.2648
276.4686
112.6608
259.8137
150.7802
100.7650
12.5568
206.1092
67.7889
303.1202
70.3503
277.6949
81.2232
101.7409
99.5582
48.1686
79.9150
68.1858
88.2043
80.9870
18.0610
298.5316
59.7696
75.3271
33.1953
74.6818
22.8852
191.5161
107.5309
225.5296
74.6368
148.4295
32.4611
84.0296
295.6992
5.5305
262.4736
58.8989
89.7776
109.8579
29.6403
68.1963
83.7402
99.7187
104.1142
67.8025
245.5165
191.0721
21.7817
65.1465
346.8723
352.2063
61.9922
246.4814
65.7848
326.9451
37.3753
25.2247
38.0697
16.0472
351.9322
75.0995
78.9388
140.3685
98.9372
316.6535
80.9702
77.6467
76.3676
35.4666
83.6745
97.6617
116.9112
83.9401
210.5531
30.2548
280.2505
72.9522
99.6093
69.5687
305.3433
3.0199
190.3141
287.0095
58.5109
206.0954
76.1229
54.3945
238.0045
291.1344
66.4639
121.0581
61.4250
88.5764
88.3256
77.6327
104.3576
155.8868
108.7585
64.5395
104.4152
88.1319
22.3395
43.7193
163.8882
92.4408
92.4119
333.0812
38.9732
40.7443
7.7034
81.6270
230.5970
81.6372
268.7066
206.1168
72.3262
82.9665
219.3414
63.8946
52.4695
354.4148
79.7615
109.9574
7.4047
305.9322
233.4641
84.7691
155.4088
47.9746
66.1843
13.8004
78.5145
239.3435
342.6912
44.3302
346.2602
212.9631
83.5825
109.0927
264.8684
349.6833
38.1684
267.9063
54.4519
263.0734
74.0209
307.9307
20.7975
78.6293
152.6233
261.4035
12.1852
70.1608
49.6199
23.2136
164.1842
309.5384
56.0376
62.8820
145.5525
332.0098
93.9682
176.1413
335.3380
256.6398
36.6476
239.4626
289.8262
56.4091
12.1102
93.7776
79.3430
207.4200
267.3871
158.1628
150.3877
290.2671
77.0679
86.6640
76.9274
37.8010
283.1094
257.6663
48.6838
336.5849
86.5447
90.3129
91.6003
291.7123
341.2912
30.2309
209.5559
101.1606
36.4563
1.2935
109.7257
32.3129
245.8507
305.2541
284.5911
30.0421
260.1893
30.1876
8.3035
251.1611
49.4357
103.4603
10.8137
246.5777
44.2037
170.5619
345.5738
6.0148
201.0246
16.9795
44.1683
223.4577
27.0541
56.6273
82.4810
283.6373
269.0184
262.9325
295.7185
93.9418
204.3333
50.1087
298.4360
87.4171
85.8542
12.1040
183.0113
316.7527
79.3825
72.6548
47.5680
90.7051
350.3597
162.2719
292.0377
37.2920
180.0635
12.0951
81.7311
236.2801
89.4535
221.4575
241.4434
30.7026
197.3859
96.9125
268.1864
192.1032
51.2697
199.6208
283.0975
65.9816
166.4840
349.1388
10.6657
291.9477
179.7066
1.8708
271.4241
44.0041
359.6525
193.5192
33.8533
349.9918
326.6267
158.5934
229.1835
178.5173
88.1510
85.0014
197.1273
287.7385
293.1420
72.9050
277.9392
291.3895
126.8800
173.2814
2.1354
8.9085
283.8545
49.0117
343.5587
74.1845
181.7363
93.0857
219.3376
255.6789
94.8992
57.9295
90.2917
211.3866
18.1110
118.2785
11.8566
81.8348
80.8032
45.4908
30.1322
273.4653
193.8994
28.2926
101.1570
293.0802
137.7628
321.3397
22.5218
333.5900
164.0847
270.6032
127.9011
7.5981
71.8648
61.4097
227.1979
279.2964
105.8123
17.2185
227.3222
192.7662
268.1356
84.8467
78.3664
72.2094
265.0913
33.4923
16.1577
156.5140
167.0743
87.6106
359.3927
15.2779
73.4542
95.0273
317.3171
87.4661
99.8181
102.4248
192.2577
130.1979
206.4072
81.8970
173.3008
266.3199
334.5562
196.9057
81.6572
355.5286
235.0244
324.5735
191.0376
236.9517
275.1238
22.7449
93.2231
179.9992
173.6007
16.9562
89.7224
254.3278
88.3814
187.4127
214.3970
193.5606
135.5227
65.4470
235.6095
358.0500
9.4511
161.5248
129.8351
305.6833
39.8297
78.6007
7.5880
197.6553
357.5278
300.0662
262.0672
52.0414
88.1744
21.9467
112.9475
118.4138
239.7082
170.7763
198.5150
21.5296
48.6182
345.8334
0.9527
77.5959
68.2041
27.6095
29.6693
23.3047
315.5242
81.8105
81.9710
10.0531
3.7003
90.0000
206.4788
65.8962
98.2763
89.4844
252.3981
36.2022
336.0452
14.3410
355.0659
352.9649
71.6681
12.6480
36.3993
40.5838
61.4293
29.4300
250.0995
54.7646
6.2560
72.3496
72.0814
72.9200
190.5012
296.2320
90.0506
65.2207
26.9596
21.0570
19.1648
212.1827
46.8330
79.9201
63.3193
63.8690
63.6437
259.6461
281.3040
6.2266
14.1321
48.9296
23.8455
172.7729
103.5571
53.8737
77.0086
63.1361
193.2658
22.4273
60.8173
76.4300
93.4697
4.5908
66.5835
75.7956
266.6064
275.4193
207.2213
284.1637
144.3925
0.0661
83.5726
43.1149
24.6186
271.9665
45.4913
237.3230
64.6014
204.9954
214.3520
10.5967
276.0610
335.1016
35.9568
21.2704
100.0196
332.1126
191.9397
89.0450
272.8992
228.0560
107.9438
70.4964
338.1028
9.4809
320.3601
189.3627
340.5972
311.1870
65.4208
213.9314
240.3007
53.7966
36.1946
115.6194
246.4084
339.2723
278.8689
263.3803
290.8544
276.2018
95.1347
38.3270
176.1856
169.4346
120.5836
356.1268
168.5505
153.8178
187.8777
43.6673
113.5907
0.4580
68.5873
222.5996
5.2051
201.8895
60.5791
271.1761
43.4599
204.0564
110.8262
345.7914
43.6008
24.4777
336.9579
38.5311
246.2069
241.6033
214.6721
223.4109
151.2800
262.6354
155.7982
147.0890
159.6056
169.2366
174.2793
121.3773
119.7642
73.6349
47.5842
277.3887
45.2580
192.6679
180.8507
256.7780
70.3161
181.3590
76.1016
26.7472
61.7632
41.5904
45.5636
8.3409
3.5020
24.1445
358.7069
6.0818
47.7472
12.3734
93.8643
70.1135
41.8886
50.6919
42.1627
12.7168
47.2388
48.8354
16.7692
4.7964
357.2746
30.2595
235.9586
333.7982
30.4355
31.6718
29.0646
75.2028
49.5471
39.4807
159.3175
40.5968
41.1381
52.2713
67.0336
66.9708
45.6327
42.9260
39.2440
30.1929
60.5239
34.0101
21.9122
272.0452
152.0796
15.5030
36.2186
29.6087
40.0424
39.1562
133.0114
17.4986
9.6967
70.5204
73.5186
78.6872
77.7898
84.2032
79.6877
40.0704
23.8029
69.7634
52.0279
74.7441
76.7146
83.8834
82.1997
20.8516
17.3542
18.3073
2.9807
1.5277
3.8293
5.2822
61.5073
79.2572
119.7679
75.7296
76.0717
72.1662
6.5584
7.6392
71.7354
72.8956
54.9601
50.9886
13.6912
57.2261
73.4457
47.7444
62.6631
72.0035
62.2754
53.6458
41.1768
68.3737
89.8146
77.4707
321.9269
324.7458
37.7786
47.2431
15.0533
27.5069
11.7917
10.1199
85.0144
80.1856
19.6138
344.8447
57.4014
30.5037
25.3750
96.0956
65.3613
54.0280
41.3329
28.9640
48.6303
167.7465
37.8207
38.5702
242.4429
3.2914
68.4950
69.5834
44.7136
40.4692
79.7173
82.6225
68.1071
78.9116
85.4843
99.1078
81.7722
82.6275
299.9534
12.0375
307.8375
93.3921
356.1142
67.0570
75.3302
45.1272
39.7038
38.6293
49.8094
17.6826
16.5357
40.3062
42.1703
92.1823
22.0992
18.7080
267.2115
357.7880
16.8595
357.0517
27.4741
65.2641
109.4388
9.2106
48.0449
194.9586
15.0243
14.6134
176.7488
196.0101
65.9498
65.4164
66.9302
76.4341
64.1656
335.0260
4.0129
3.5336
26.9642
6.8513
56.5991
83.5585
29.9117
28.6676
9.1888
15.8440
22.5684
15.4911
35.2662
39.1997
60.9519
35.7452
99.2607
59.1519
48.6046
36.0807
16.8536
13.1872
20.6204
66.6531
70.8799
359.6213
4.8806
1.3923
208.4034
71.2534
292.9327
22.7724
1.6635
100.5447
6.8037
30.6666
31.8212
16.7326
103.6789
77.1806
116.2701
88.0753
98.8096
88.9748
108.8911
79.1735
56.4206
53.9308
67.3686
95.2544
264.3893
102.3932
252.5801
230.6105
3.7790
90.8001
89.5938
59.3127
81.6491
65.3459
114.1897
14.1813
0.4271
46.6370
100.2582
74.4414
343.2803
38.0535
60.8425
49.6566
28.7426
30.3319
338.2557
46.9007
1.1285
61.5727
61.3170
87.8638
61.3250
57.5080
82.3541
82.7292
83.7454
83.1733
11.0596
1.2863
82.5723
35.0932
25.8607
31.6801
20.2332
0.4100
92.0676
103.3512
58.1742
57.9734
62.1781
67.4138
78.0954
91.6181
97.3868
93.3530
207.8252
32.4053
22.6985
243.7719
88.9952
198.0010
306.8524
351.2842
78.8766
152.9972
336.2347
0.5071
88.8928
55.0807
95.7007
73.2519
61.3934
61.4767
204.3521
201.8257
80.2974
247.2766
353.8751
33.2235
229.3492
181.3145
54.9102
70.2925
246.1994
67.0874
68.3777
327.5089
348.6612
127.8169
105.7161
97.5904
320.9601
287.3032
276.4445
50.8366
118.0461
306.1984
78.2048
39.3742
61.4445
65.1028
95.3976
8.7890
16.7854
273.5712
67.0795
66.1644
213.3671
82.5471
7.2006
345.2089
237.3054
291.7418
84.6777
0.9825
355.6094
124.1644
352.6351
96.8595
334.4840
210.5779
68.1662
265.6245
183.9334
174.9344
146.4335
86.9320
33.4008
343.7185
62.1487
133.3689
156.3914
50.8471
51.8010
109.9969
176.3638
250.1639
290.0493
14.8663
15.2640
329.0882
199.5810
23.8078
222.2619
7.4906
16.9031
191.0831
66.7035
94.2282
55.9530
250.1396
347.5337
32.5656
43.1018
265.8071
296.6172
207.1542
141.9161
2.4176
78.4907
109.6001
74.4782
282.3238
70.5005
100.3438
7.7664
59.1205
213.3479
318.9590
5.8138
26.4790
352.5813
135.5679
312.4661
12.2260
27.9067
78.4696
93.3785
67.5646
258.7778
64.0255
88.9748
333.3272
337.8485
35.1700
219.0954
47.3466
241.8086
65.0996
270.0929
261.1655
32.9421
63.7365
76.4938
54.1743
298.5001
102.0361
353.1945
353.6664
109.5192
33.5571
29.9282
358.8844
3.7404
274.7678
52.9145
47.2609
356.3646
66.7493
75.9339
81.2271
24.2293
177.9125
9.9766
329.3343
243.6630
240.6214
3.3742
33.8604
57.6208
54.1518
142.9542
156.7653
359.4953
359.0994
344.0443
327.5630
55.2734
50.8045
19.6434
232.9018
39.2995
17.9534
98.1338
13.3912
16.6631
120.0456
150.2964
2.9748
31.8631
45.6951
42.0743
40.1821
304.2380
70.0018
77.9793
101.8194
61.9361
13.2157
88.5496
90.4538
39.3450
41.8426
65.6394
81.2636
76.8342
75.9083
32.3291
24.4071
50.8533
51.3208
11.0170
359.6317
74.4296
74.5133
28.0911
33.9388
184.5475
88.1956
66.1013
28.2706
20.9251
32.1793
47.3303
25.4335
258.0980
184.9661
23.3256
333.7538
79.9095
64.3208
6.6796
25.9338
56.6823
161.9299
56.1086
55.0751
22.5758
185.3827
100.0354
63.9690
68.8999
76.0186
43.3486
84.4269
71.1753
21.6099
358.1315
1.2375
90.2358
20.7137
30.7505
52.0472
26.7147
20.5374
44.1757
54.3988
187.9779
192.1467
70.4121
129.9635
52.7141
56.6635
37.6652
109.8023
5.9477
3.5903
0.1927
10.7435
74.0759
69.0932
16.5106
15.4408
38.0382
32.9107
341.9445
348.1971
6.5924
7.6191
75.7364
77.1057
11.1755
94.8939
108.7647
77.1220
75.6979
23.4850
46.7547
97.1854
48.5496
47.5266
60.5237
61.4712
89.4078
38.9228
3.9903
6.7101
73.6750
358.5047
14.4654
60.2660
82.5059
30.4357
18.5305
201.1002
173.5491
21.9660
18.3389
2.4735
2.1110
5.4774
30.4717
11.5518
5.7537
8.2043
108.6768
89.2614
5.2571
85.7748
52.0948
89.9779
2.2628
4.1071
258.8020
268.3775
57.6896
69.7498
88.0241
95.7785
49.6654
27.4859
71.0014
68.1944
22.5482
16.1058
48.1126
47.3796
139.4104
273.6500
51.2839
89.5899
82.2974
68.7195
59.7310
52.4773
112.1006
87.4194
86.4583
0.8532
65.0387
132.2893
352.0141
282.1784
311.3029
352.6652
332.1406
30.9888
245.4405
83.6317
76.1722
70.2977
84.4711
216.9369
92.3899
321.9313
83.2409
330.2645
270.5189
29.8460
50.6060
235.8619
155.4216
272.7441
69.3981
54.4885
84.1054
34.7687
258.3760
16.3663
20.6718
302.2514
140.3425
43.4302
266.5397
279.1885
177.9758
168.2536
274.2168
73.3282
40.3100
32.2914
299.5097
94.1901
23.1177
31.4225
40.6043
274.0485
80.0051
105.0463
115.5839
14.8584
335.7682
51.0925
100.5847
12.6648
59.3321
65.6778
98.3922
211.7775
67.5510
48.1269
59.7147
89.6552
86.8422
51.9879
43.8086
337.5654
49.5813
328.9368
60.0756
163.5111
91.6077
2.0343
182.4585
22.2900
14.5449
57.3431
166.9580
106.0843
167.7546
338.2408
331.1791
67.1016
59.2627
355.4481
3.2077
86.4390
95.8445
292.1923
85.7733
80.0997
178.0878
339.2448
11.1971
94.2078
66.3074
10.6139
252.9144
236.9219
121.9001
219.0157
185.8926
28.6678
310.1731
355.8098
73.1867
80.2433
28.2964
84.5284
265.7832
64.1759
329.8985
105.8978
104.6814
229.0054
351.4844
16.0094
22.0834
211.5518
327.3275
333.2155
43.1828
224.1650
26.7245
86.5399
26.4341
199.2588
19.0155
8.8022
156.2215
87.1494
90.0282
9.2756
44.9490
19.0044
214.9926
56.8603
172.5096
82.7541
10.1624
355.6870
258.3098
122.0298
188.0234
334.6011
