231.9980
317.7940
171.0610
218.4278
0.0878
316.9318
100.6029
100.6287
314.6510
72.4731
263.0383
342.1933
73.8305
139.0744
92.5123
196.3704
175.4503
65.9643
180.0024
232.3500
284.3910
279.5941
112.6068
109.6524
86.0618
27.3096
278.9654
269.9968
241.2091
56.1702
54.2931
52.4480
206.1165
5.8691
327.4649
262.4794
286.5373
15.7419
334.0467
147.0507
32.0414
224.9578
256.5537
240.7823
261.9963
167.7954
21.3623
333.2971
264.5167
149.5979
340.0735
187.2553
112.7339
345.2590
90.0910
174.9326
352.5227
340.8967
309.8030
262.9794
274.2022
67.6080
212.5419
1.5512
177.1067
217.8451
49.4044
227.3358
55.8245
114.1108
60.7752
303.9774
263.3896
262.5492
92.8393
258.8862
143.0896
28.9048
72.8915
103.2674
44.7451
7.3785
16.6304
59.9241
234.6958
14.2258
2.7854
6.8757
356.0887
8.5094
17.5619
338.7453
159.2542
22.5937
119.5898
119.0862
151.9802
62.3558
307.2595
1.4034
359.4196
36.8055
133.8103
232.6280
61.8785
239.0923
346.6478
43.3635
73.6167
61.9967
219.1305
223.5798
6.8761
171.4336
10.4762
314.4048
144.7855
210.4404
58.5480
266.4436
15.5140
335.2043
186.4108
25.5466
153.2262
121.8221
4.3653
9.7279
68.4724
96.9236
103.0338
222.8723
54.5706
137.0518
59.6432
107.4370
269.5231
331.1067
21.9538
5.3852
268.4366
65.7383
69.1876
74.0231
198.0760
75.9916
21.8608
309.0440
165.4716
198.4920
357.2106
68.1026
49.6988
250.2864
118.1995
147.2202
331.9508
245.2925
256.6005
323.1913
235.8311
59.0988
333.1588
109.5760
133.4200
12.3227
11.7410
187.5580
266.0631
287.3115
128.8057
332.3973
126.0368
54.8876
39.2097
89.7558
264.2947
41.4311
307.3055
55.1691
37.6488
354.9169
46.4978
83.8969
88.4606
18.7012
11.4497
243.0564
47.8938
311.0149
315.9058
82.6384
350.1845
213.1221
137.7379
85.1348
96.8145
178.0661
85.8399
89.2103
329.7337
143.4860
301.6633
269.1157
195.4119
260.1900
170.8141
318.6649
276.1994
328.5981
100.2442
105.5311
184.5172
33.1386
20.5700
108.9738
254.5083
201.9768
58.6739
281.7064
297.6981
144.5793
205.3785
207.8848
15.3232
122.6864
18.9027
44.6779
131.8213
300.2932
79.4448
124.6498
129.7928
355.0576
38.6180
139.1023
278.1380
28.4083
31.4070
48.8705
166.7066
307.9204
121.4703
199.9308
70.2507
78.2274
147.7827
11.7961
199.5333
221.7089
247.8452
48.9913
268.4210
258.5370
282.1104
139.2617
196.2727
69.2681
7.3687
80.8371
45.7976
78.1861
227.7471
297.4585
52.7005
180.4995
165.8027
320.3740
168.3787
228.8811
193.2167
353.4868
247.5552
330.6696
342.5961
33.3814
149.6619
227.2137
293.3501
29.7367
33.8366
171.8625
139.7976
73.5980
99.7959
79.2931
13.0816
203.2770
57.4029
62.8279
160.6951
251.3411
84.8094
258.8349
23.9887
78.5713
127.1634
324.3693
79.5334
359.8927
353.5546
74.5379
127.6495
324.7334
227.5702
105.8256
331.2117
131.0300
290.8160
264.0773
341.6050
336.0668
180.5407
179.6222
98.6211
109.7655
108.4291
94.7318
333.2175
149.6557
155.1478
39.6263
31.2201
75.2815
354.8941
190.1126
81.5602
99.9804
30.1821
30.5598
324.3534
223.5703
250.0151
254.5535
60.4152
86.4314
347.6686
68.6812
30.0167
342.0640
227.2609
235.7323
172.6557
174.8978
212.8152
156.2652
175.9573
354.7545
355.9214
244.4934
81.4316
85.0579
208.8842
312.2131
230.6243
59.8668
305.1220
225.1679
167.7013
191.4542
192.7853
6.2696
0.4249
29.7505
34.0465
115.2220
99.9584
9.9490
151.9069
90.4854
248.5632
139.9218
12.8431
115.6116
317.6419
117.2119
229.6810
229.8189
10.3080
24.2169
324.0606
67.3066
152.5939
346.4515
106.8604
353.9294
172.7133
147.9440
128.1282
68.0491
306.3303
179.7038
232.9603
32.1865
17.5374
357.5140
284.9213
266.9667
206.9345
304.2864
165.3831
338.4339
55.0512
224.3201
111.8418
302.3619
310.4875
109.1415
343.2460
349.5177
358.2981
17.5916
203.5285
125.1186
137.8904
233.7712
220.4980
53.4827
344.7186
192.8388
225.3169
47.5220
346.5021
242.6470
159.1857
223.1579
162.8338
180.7729
304.6816
160.0327
292.4607
54.0620
25.4417
99.7172
2.4973
37.6410
341.9041
19.9003
3.5377
358.3634
301.3552
72.1280
1.6043
359.9184
168.2145
88.5365
158.7360
183.5507
244.4365
255.7943
285.6581
255.7743
346.1939
150.8817
292.2803
49.9762
7.5352
277.7016
149.8439
5.0764
46.5083
46.2007
73.3462
90.4769
75.6432
93.0251
44.1363
37.9002
51.2790
82.6766
83.4793
116.5873
289.6156
328.3593
326.6884
30.6920
30.3879
56.5135
309.5175
11.7407
32.3503
58.9860
328.7202
45.8269
62.5357
53.3708
53.9200
43.1306
43.9003
244.1077
179.2530
62.0655
53.8541
7.3098
6.6868
67.8855
52.2805
2.4147
0.6276
60.3328
341.9818
108.1081
248.6076
51.0520
28.4239
77.6128
104.4132
59.1004
210.1954
329.5605
302.2008
107.9886
11.7661
337.3598
72.8679
227.2158
312.5321
338.7951
33.5182
200.9133
117.5500
88.8159
7.4842
58.2091
59.4715
326.5591
351.2953
1.3044
359.4044
358.7831
189.0643
197.0112
353.8275
138.3406
68.1093
78.2734
67.5429
178.1335
220.3004
309.8008
94.9150
309.0827
243.8727
327.4531
283.3031
88.3218
107.6752
242.6265
342.4130
62.3539
185.4441
251.3037
21.1672
1.6846
15.8638
21.0681
320.7970
119.4324
292.5775
328.1573
248.6327
85.4244
271.4047
163.1842
41.6876
106.4525
340.5422
94.6579
94.3464
178.0252
140.4787
299.2303
6.9766
156.5362
40.1068
55.8342
30.8456
203.5591
216.2726
270.8080
14.9635
162.9930
28.4678
333.4653
167.7219
243.0749
49.3272
35.8319
36.7611
134.4322
276.5461
160.9699
148.8707
256.3072
246.3178
172.3853
236.8018
329.5687
195.4272
93.7201
86.2036
242.8496
306.1841
288.9728
19.0278
176.1393
338.9809
235.2523
2.2178
182.8739
31.7424
29.0349
57.8504
64.5593
161.4288
248.6909
25.5313
19.3021
223.2744
220.0676
211.5620
148.8210
61.2925
59.6785
33.3797
27.0150
48.1817
218.3276
77.0300
65.9017
108.7646
157.6251
3.4582
47.9724
277.3108
283.3715
6.7692
39.7134
55.0546
308.8700
162.5369
279.4288
13.7129
51.7464
340.6578
354.6660
71.8519
70.4013
87.1855
215.1949
148.8900
4.5012
158.8053
87.0596
255.7466
13.0218
190.5170
89.8586
277.5868
100.9245
109.6063
43.1905
304.6604
4.2319
195.5408
86.7420
262.2756
0.5946
0.0823
87.8378
174.4057
114.3189
306.7073
52.6736
331.3006
187.3846
145.3992
64.8058
301.9360
43.1583
326.0099
202.1503
184.3573
118.7695
33.6613
29.0879
224.2221
183.4829
350.8435
297.7432
290.4076
57.6432
86.8455
262.5210
299.3517
218.8844
38.7263
43.6347
103.9780
298.7997
134.0781
29.2781
94.3323
107.4527
111.4781
87.8223
182.7518
108.5928
256.6023
5.3676
206.2561
33.6120
257.2390
76.2072
164.2675
51.5713
183.2750
294.1135
97.7124
326.9836
47.4875
115.7553
273.7076
328.8477
45.8319
223.2759
56.5101
132.4940
171.6588
127.0157
146.7692
119.7556
224.7424
157.3522
215.8663
182.4100
351.1075
207.5465
314.6033
165.9171
260.0226
183.5983
136.9080
275.5565
247.5584
302.9419
283.2996
276.9780
258.8266
186.3903
24.5927
23.1265
301.9880
272.6965
78.5212
85.6799
249.2738
108.3396
151.0291
245.6948
351.8381
340.3587
115.6186
13.2398
157.6017
19.2497
340.6463
69.6875
107.6744
6.0546
350.2942
183.6482
300.4307
359.9771
224.6869
83.6666
94.6041
53.4927
81.6428
107.7262
71.3602
47.3693
354.3696
320.3915
54.8904
21.1734
36.8703
331.1603
333.8344
307.6547
40.8736
29.0577
110.6262
339.8896
198.1501
323.8609
87.6679
326.5393
161.9856
37.4878
38.5912
136.5475
302.0878
75.6262
144.1616
51.9716
49.5613
280.1264
131.0427
39.0948
32.6411
339.7296
118.6388
59.1827
230.5766
127.9968
14.5795
192.6051
232.0062
289.0272
121.5111
41.6222
92.5276
66.4489
314.7024
347.0179
188.6800
53.5519
34.9233
337.3309
68.6850
56.7887
109.6478
41.1353
25.0751
195.8073
78.4214
67.9096
328.9413
5.2803
310.1297
317.2262
95.1777
38.1045
10.6753
8.0354
25.4184
21.9226
56.9439
67.9666
49.2842
124.9808
179.0576
38.2533
261.9010
220.7152
55.1228
78.7808
73.0761
95.1713
54.5392
223.7345
265.9769
58.7535
97.4397
289.7525
329.1339
115.5880
8.2037
47.6700
119.3225
237.8967
106.4049
80.3783
8.4243
187.0240
287.5300
108.7649
12.7683
19.0720
98.3595
75.6084
326.2806
295.7122
307.2358
69.9606
259.4476
88.4812
227.7259
64.3821
91.1978
152.2153
112.5645
129.8583
183.0034
28.3924
120.9176
239.1732
214.7614
71.4383
287.9072
58.9127
285.5885
100.8476
267.0652
172.2550
122.0950
107.4238
30.0053
101.1344
202.2102
6.9093
1.9026
357.5533
89.8329
50.7056
205.1974
216.3704
273.9917
48.4650
186.1953
344.4852
26.4532
116.8820
198.4058
253.7828
97.9770
222.7303
87.5503
289.2857
288.4691
358.3469
210.3039
338.2069
89.4948
54.4554
237.0922
195.9909
13.4461
115.6188
88.9914
196.1281
40.6212
101.0922
213.6028
116.7508
70.5194
34.9477
322.1033
87.9009
106.5499
229.8095
344.5904
107.3833
74.9607
108.1336
276.4467
313.2351
51.9423
209.4418
227.4856
78.4135
254.3399
350.1565
293.5936
155.4443
128.1869
343.9931
25.1263
359.3632
88.5634
89.9691
28.4265
220.8863
202.8433
162.0974
277.7652
267.2894
348.9894
308.7194
270.8374
88.9388
162.7738
3.9222
22.9873
206.0042
228.7528
179.4577
274.1465
223.9304
48.7605
349.2235
266.4438
223.6936
324.3505
131.2442
44.6914
131.7891
302.8478
103.1830
185.3773
55.2428
259.5223
154.8889
47.6179
64.4021
124.4494
1.9995
326.5905
145.7770
192.6507
6.9161
318.5933
125.0741
163.1352
353.4783
38.5477
74.3502
196.6143
203.8607
54.8177
241.0939
71.2685
145.3085
291.1448
52.8868
261.0402
117.3770
319.4866
60.1639
285.9548
73.7636
162.2317
289.5095
88.6757
74.3473
319.7564
50.7160
155.3404
215.2791
211.5573
136.1789
175.7154
331.0711
243.7408
240.4458
91.3313
147.5262
168.0724
99.5195
70.0332
21.9683
225.3492
49.9681
45.4392
258.9366
354.4520
50.2588
356.1004
80.4099
273.5943
164.6960
112.7095
179.9429
69.1453
293.8737
144.9990
258.6318
317.6199
186.4305
237.1132
169.2987
241.9526
183.5115
70.4352
121.8744
332.8214
284.6931
266.3465
298.7967
33.3908
162.5617
209.3679
303.2161
298.2478
353.3946
341.2258
242.3743
161.5892
83.7724
93.3057
277.9102
53.0156
121.8942
30.1915
247.4092
296.8846
334.0189
36.0047
193.5061
357.8181
2.4773
38.4891
214.6892
281.1160
255.3297
1.8189
68.6097
209.6513
162.6263
286.0363
16.5847
196.2896
123.1157
249.6239
127.3999
111.8497
114.6272
1.2339
110.5190
322.9566
231.7705
327.0768
303.4987
175.3247
105.7884
168.7753
269.7889
202.8560
224.8050
131.1038
182.8839
314.8154
123.0683
42.4100
98.8663
35.6950
56.7891
196.4087
129.0640
17.2135
286.4199
250.3586
35.1033
359.6845
0.6281
8.9404
348.0483
144.4529
213.5945
342.3023
101.8881
309.3483
115.0298
21.4434
145.9776
244.4880
0.6486
74.2140
109.4735
275.2601
143.4529
200.3326
155.3606
352.1396
157.8841
4.2210
318.9229
142.7693
355.4453
234.4861
246.2318
313.6431
25.7622
245.9740
206.4853
317.0140
309.8954
66.6837
217.8241
250.5346
221.3704
228.0526
253.2592
46.4638
18.2468
308.6802
272.8028
61.3698
276.6650
176.9765
295.6491
309.3534
199.1182
218.2771
183.0346
6.0140
69.5625
19.3135
201.5964
50.1444
241.8845
312.0017
354.2832
327.0751
15.8598
146.2845
348.9224
176.7879
342.3733
21.0253
332.7486
339.5881
332.1318
296.1902
176.3707
174.0168
69.0726
68.8973
278.5847
180.8014
174.4596
272.2567
187.4607
178.3290
192.0715
119.2784
329.9880
214.4561
92.3703
101.3753
139.0639
265.1917
312.5896
330.9689
325.3269
149.3269
74.9126
85.5131
275.7017
122.6840
142.2179
249.9866
347.1286
13.8547
80.6764
275.0772
44.9998
354.5603
314.8280
186.1500
259.1743
16.2330
143.2409
355.7262
163.8547
77.9474
221.7868
122.5154
33.6801
178.9424
157.5888
85.2700
110.0222
145.2274
23.7740
333.1751
287.1777
94.2596
61.3305
78.9944
22.0335
62.7618
133.2508
281.9409
152.4522
19.4709
126.7403
325.1247
205.5024
179.9969
269.8802
263.1503
111.7502
250.2772
61.7644
171.4685
113.9292
85.5599
115.0737
34.1818
148.2812
338.8840
328.0203
39.5335
291.9621
46.6499
299.6658
297.5514
39.9158
303.2921
32.4280
326.9997
24.1530
127.7018
359.6277
339.7069
341.5537
339.1765
23.2041
27.6852
347.5686
226.9433
4.4464
227.9429
271.9696
270.0120
143.9444
243.3734
335.6156
172.1763
272.5315
43.3327
151.2887
113.2452
294.0291
63.7763
330.5341
151.5943
299.8519
229.8286
102.1644
231.9453
198.8836
201.2876
99.3790
102.5637
314.8126
64.9886
115.4921
14.5636
284.3546
49.6353
273.0940
257.4396
320.0488
41.5902
54.9985
54.6426
103.6851
69.1472
292.7491
45.1958
134.6617
0.4529
10.5757
89.8235
85.1393
319.3043
277.9519
329.9215
6.1601
211.1877
284.9746
293.4272
16.4040
164.5639
273.9363
82.9471
278.0494
151.7186
41.1067
141.9047
83.6747
163.4109
70.8307
57.0801
80.4170
268.1094
266.2093
96.1070
320.8932
237.9590
40.1791
255.4246
276.2623
353.6037
301.1413
73.7988
186.7560
125.6837
157.1746
323.9114
142.8907
274.5339
49.6397
195.4758
207.3579
75.9604
7.5033
139.2682
320.2716
286.2029
95.0401
356.8416
89.6602
287.7191
179.5029
7.4346
174.9289
220.8176
327.3563
177.6704
274.4833
342.0840
90.6715
355.7968
2.4139
220.0680
75.1099
49.3230
324.1963
164.6339
18.9814
208.4472
102.5585
358.9659
213.9072
57.5208
46.8053
10.5809
240.9255
46.4997
141.3317
133.3389
75.3950
179.7261
263.2414
38.6573
146.9416
352.3375
277.5268
25.3938
323.3797
257.9833
258.7247
319.4649
67.6845
238.5804
5.0063
184.1485
359.2547
97.8771
294.5695
78.0576
273.3096
294.6765
182.4392
1.4218
33.4905
18.4225
75.5325
102.4078
57.2262
319.4307
217.4452
103.1593
281.4345
251.8709
189.0787
161.2224
328.2716
206.5842
2.3142
339.0568
105.0667
126.0682
203.5668
278.2796
10.7155
129.6898
92.0409
51.1206
241.5990
222.6663
333.3942
11.1411
77.9674
15.0099
54.7883
17.7534
127.4447
72.1650
357.0405
60.3521
25.2342
111.8993
117.5616
50.9815
96.7529
146.9464
101.6538
81.1056
12.2602
199.0046
196.8691
270.9139
266.9133
136.1250
90.2846
98.1795
341.1977
306.1229
299.2357
284.7411
73.5817
86.9323
114.2744
105.5539
295.1549
245.7812
329.5345
217.0770
222.1276
72.1450
30.7871
30.2185
272.4306
117.1249
296.5592
112.7455
87.1380
39.8363
345.8272
330.0122
217.3406
70.1277
73.4156
40.9318
228.6235
56.7596
52.9639
47.7220
227.5242
75.8300
93.0914
57.9492
153.7725
147.3315
26.4214
303.2351
180.1347
48.1330
146.0471
10.5940
129.4682
49.7266
309.6714
296.2560
54.0119
308.2683
306.2301
201.2927
214.4100
73.4923
54.9722
26.4505
122.3000
68.3223
272.2100
126.6527
49.3435
163.2338
18.7755
354.6903
113.9642
282.0704
111.8485
79.9966
28.0777
248.6502
324.6887
110.1996
81.4775
92.2078
60.9669
68.4527
277.1036
98.2083
215.6318
260.5657
99.2921
114.5300
44.4013
355.1408
342.9422
191.1805
272.5235
128.1325
209.2263
155.5383
210.6557
204.4616
24.6738
189.6113
100.6958
106.3532
309.5617
113.3796
70.8569
251.8531
75.7755
197.6147
206.1976
190.5378
107.4410
228.6012
70.1391
322.8643
61.5717
112.6560
40.2534
282.4155
282.2995
134.1070
335.8089
78.4562
262.0301
182.3322
63.7056
317.1161
101.0323
177.8907
134.3922
87.3339
189.4051
320.6739
54.3820
262.7589
359.5646
121.6909
293.8390
136.0731
45.4300
285.8487
73.0491
258.4095
268.7575
46.5659
41.5533
205.7448
54.6036
339.6681
43.6366
302.9275
309.1609
220.9113
146.1958
290.4828
156.1734
75.1995
214.6418
50.7259
229.0601
43.2407
129.9428
58.9514
129.4448
224.7184
93.5626
40.0244
33.9484
47.0743
142.5512
145.6274
29.3734
146.9346
0.0578
255.7599
217.4148
351.8592
20.4218
32.5539
62.2385
238.0111
102.6215
61.7040
12.2440
224.0194
301.2406
158.9878
319.5379
113.8634
103.6181
303.2034
73.6679
307.4506
158.3377
26.3708
32.6697
317.0018
217.4148
29.2519
347.0015
142.2222
357.1232
36.0739
255.3931
206.6750
162.6119
29.7736
112.2351
56.5069
300.7355
51.1238
288.4843
249.7732
125.0908
17.7853
323.2319
136.5866
232.2874
35.9086
40.6284
20.2277
354.5828
176.5638
167.3846
227.5342
310.0005
45.5340
22.5298
324.6466
3.4576
310.7731
325.9502
117.9676
123.3123
8.9511
138.1501
278.8338
224.7095
301.0588
303.6541
95.7547
46.2858
336.4807
65.1178
242.5886
143.1770
314.2830
294.4673
13.5704
187.2794
187.0174
182.7569
240.6187
161.2694
319.0348
37.9035
100.3128
49.7873
286.3866
43.7241
87.6318
220.2064
63.5934
249.4902
4.6604
333.7566
184.6700
251.4814
197.1273
143.0370
187.9131
248.9680
292.1401
332.3590
157.9465
196.1257
156.9404
98.9262
181.0387
102.7885
223.7740
286.9909
164.2433
223.2193
144.7551
171.9827
257.5309
93.5389
93.3438
300.9400
65.3558
251.1386
347.6135
281.5909
86.6736
89.9844
27.6329
16.8615
220.7991
166.6208
246.4158
343.6837
94.9535
339.7440
244.8505
308.5412
333.4487
142.7179
141.5858
128.9073
240.3404
332.5583
154.7995
87.9130
131.6294
110.6857
72.4521
229.3753
12.6479
239.2812
209.4920
66.2519
48.0623
208.2468
162.2725
183.3903
107.6350
248.5469
298.5677
343.3936
235.0478
219.6125
345.0544
322.4503
321.9187
214.1327
325.8795
319.0674
265.9624
238.5507
171.7798
350.5826
171.2163
292.7161
253.3889
319.2338
161.8516
61.2450
60.0973
149.7349
247.4070
239.5561
233.4222
279.9638
257.6909
14.2209
103.9908
237.8631
44.1584
137.3248
147.7737
34.5898
72.3291
121.1297
209.1889
170.6672
171.9030
79.4465
126.6252
344.5296
11.6377
186.9552
24.9774
200.8675
52.0826
66.5700
333.6246
52.4000
277.9254
353.0100
108.9711
45.5103
57.6993
145.2626
149.7969
48.9907
62.0638
346.6337
75.6923
353.9997
342.3570
111.9302
64.6692
44.0701
124.1705
248.4857
7.5345
11.0071
331.7830
206.3144
89.4940
88.5530
278.7719
220.0756
313.7978
352.0693
173.0587
231.3435
186.0246
319.2764
141.4619
176.9943
89.9691
299.1853
258.5200
48.9028
176.1938
255.8945
34.4736
1.3713
6.5560
88.1439
72.9007
351.7991
53.6688
314.6656
268.4501
353.3413
46.2128
90.6582
247.9645
300.4424
133.5307
228.7746
275.5124
345.4287
40.1803
157.5510
212.2101
285.0917
320.2440
20.9820
279.3223
187.9089
95.7813
96.3153
24.5365
129.3948
79.0554
184.9148
326.0953
87.1020
308.6100
262.2963
324.4218
316.7477
170.6022
62.3688
207.0391
97.4995
135.9836
172.6326
88.2558
323.2259
290.2278
115.4103
228.5358
314.3999
330.1264
321.5894
69.6089
20.6530
45.5504
154.5441
258.6734
11.8548
94.5479
305.0976
241.0634
299.2019
180.1993
151.7203
211.2865
165.3971
91.3540
263.3923
264.0021
327.4234
151.4384
65.4837
89.8235
270.1751
41.0009
123.0230
181.8397
240.2321
120.2653
206.9013
283.2483
139.1812
296.2464
230.9311
327.4930
162.5001
343.0284
334.1741
43.0651
71.6609
92.6574
34.1093
82.7507
14.1081
78.0569
66.4315
283.6393
82.2288
291.5274
321.2515
13.4295
169.8180
147.7096
101.4102
35.4828
88.2972
174.7962
117.2726
291.7341
338.4751
299.2010
82.9589
84.0223
67.6525
307.7930
251.0957
56.1622
140.7806
157.3216
322.3110
272.9284
63.6288
285.2717
346.4033
340.5956
53.3391
209.9686
181.4213
269.2115
137.0143
297.5379
185.3335
55.4433
324.3349
59.8727
302.4892
22.2626
192.1846
305.7419
309.1605
190.3711
354.9896
264.8073
62.3151
45.9645
333.4652
66.2466
195.9396
270.9328
30.4244
278.8125
314.3532
95.4987
89.8250
353.9348
242.1104
101.8219
339.7414
45.8722
2.2845
73.6174
67.6738
86.2373
133.0313
291.5602
351.2406
71.3243
205.2630
326.1095
60.4330
77.2483
248.7805
100.9627
130.7446
339.4795
293.8648
85.4359
25.1551
182.0542
250.2484
15.8190
98.4071
60.3559
357.4473
261.5019
113.9152
221.8136
237.7152
143.1602
304.2849
318.6455
28.2513
19.4259
339.3965
197.8757
61.6156
59.9774
91.0933
81.5195
341.1585
87.8076
133.3725
332.3921
115.6870
316.8311
266.6802
302.2870
262.3605
106.9939
152.8947
181.4408
228.9949
190.2645
7.7092
59.0836
167.2163
323.9181
309.5065
257.2391
329.7417
292.2073
272.6569
240.1134
358.8294
174.3561
233.4400
216.5012
219.8923
65.6444
98.8152
230.3205
86.4006
45.1108
209.5298
243.9241
353.5379
318.9965
231.1174
84.2282
111.9367
46.9641
283.4173
272.3846
51.0561
23.2315
58.7198
283.2264
87.9537
289.0652
263.7291
12.0258
215.0228
83.7921
11.3622
12.8720
8.1529
28.2931
268.1910
22.2346
28.1651
174.7834
15.1354
4.6568
351.3168
349.8802
326.3315
225.4873
8.0740
90.7456
233.2723
358.6383
337.5027
33.4843
5.7578
154.9934
98.2083
319.3136
338.8985
75.8151
59.2830
56.9904
291.4772
188.5654
51.9224
252.3866
76.7711
282.8097
50.7676
63.4112
133.8740
252.8544
54.2115
120.6220
76.2197
236.9370
37.9276
207.0421
329.4422
68.5984
218.6424
239.0416
187.2651
18.4372
303.7301
272.3463
264.0240
205.3218
110.5085
255.6631
75.7657
280.3739
270.5855
17.0075
330.1146
174.3001
151.6766
93.4699
192.9858
196.0613
98.4323
307.1294
0.2006
33.5620
284.2280
208.8561
0.0154
166.7590
20.1669
167.6394
207.3736
320.0438
176.4872
195.9817
25.4406
136.3022
318.6978
153.4973
217.9286
140.8849
356.4123
286.3506
158.3196
353.4459
58.6432
191.5766
337.3828
348.9533
131.4268
104.0131
187.6060
240.4222
57.0574
77.2945
104.9431
50.3676
251.1035
48.4347
132.1589
150.5883
22.2841
9.5177
315.5611
26.4049
246.6195
259.7619
84.6901
260.3648
336.0016
338.0763
317.3061
155.4599
210.8381
37.4888
167.4637
268.0749
133.0284
67.0084
257.8296
29.9918
99.9317
274.4588
47.6217
9.3139
157.7857
241.1279
86.9345
274.6585
46.0630
47.5700
259.8681
3.4991
238.1118
90.8666
112.2137
87.6235
0.1153
65.1965
77.7462
79.0929
88.7176
67.1445
110.9071
31.6365
13.0919
96.1623
80.0445
65.4543
177.1350
325.6769
292.4574
113.3721
246.2081
191.0854
329.3698
352.7880
159.2880
269.6123
161.0368
54.4990
309.7570
0.0001
191.7433
198.6934
211.8600
42.5718
138.5984
66.3716
358.4150
283.8402
324.7139
128.5158
69.4798
236.5629
255.5568
149.4513
199.2783
167.6516
307.2023
191.5765
60.2089
43.9238
96.1243
107.8389
139.1390
28.7858
279.6658
181.2996
75.4735
297.4014
253.7274
148.8650
174.2310
353.3291
202.1015
263.7775
28.5748
93.8452
239.0570
232.8341
232.3678
28.8550
48.1789
324.2354
320.0284
253.2647
50.0473
90.0000
34.8763
95.0026
116.5977
345.8168
38.1842
23.5168
306.8957
5.1003
324.0831
140.3722
243.9752
59.8163
295.3734
36.0503
120.8497
62.0891
236.2789
47.5548
85.9414
170.9794
159.6953
240.2529
191.6586
5.3657
102.3097
176.7906
45.1468
62.7302
61.8729
140.2953
282.8150
339.4887
63.4711
242.1616
233.7091
265.4425
30.0802
212.0213
304.3940
232.6993
309.6339
189.2345
49.8549
122.9667
73.1380
83.1190
233.7741
58.5400
61.7187
73.4161
205.7206
129.3516
1.2140
335.0332
246.4007
239.3576
343.2709
9.9168
219.9002
180.0572
207.6741
39.2049
331.9318
228.8888
233.9931
234.1518
358.2445
18.0642
122.8590
357.8962
246.2187
308.1619
20.7297
253.5148
82.3237
48.1524
226.3525
252.9125
91.3229
5.7847
94.0318
97.0999
225.2931
206.0892
256.8507
353.0799
271.3742
243.9505
59.6845
258.4305
265.0564
76.9205
335.7485
122.8007
279.1057
203.9535
53.2038
318.6902
335.0694
110.1164
94.4029
109.1536
100.5194
358.6945
32.0600
8.8519
170.1951
150.3685
164.4204
343.5947
78.2199
88.7850
4.9670
231.9307
13.5445
73.1653
72.0503
231.2318
148.9761
122.2196
235.1206
99.5881
222.0287
197.6133
7.1970
12.2413
69.3039
165.4692
237.9825
150.9471
279.8492
109.5893
352.3230
112.4758
197.0732
321.9254
99.0146
61.9541
289.5916
168.1086
71.1418
349.5589
44.4032
174.1545
10.9649
73.2829
67.1004
201.2196
183.7052
46.9836
56.3241
60.8738
61.2960
13.5217
356.8022
17.9852
8.7702
6.6302
66.6736
63.1558
70.0045
76.1559
68.9164
67.3072
14.4447
15.3294
49.4554
50.2517
28.3731
18.0049
9.6905
200.4190
69.4570
64.8270
21.9010
247.2207
36.2765
319.2634
87.1507
38.6549
123.1004
33.9919
307.1806
66.5965
71.2288
76.7464
38.0743
36.5164
55.8790
63.8676
113.6067
7.0891
354.9593
303.6476
353.7533
14.6150
16.6581
28.8846
56.6911
62.3992
87.3843
22.4654
7.2795
45.0091
148.9465
85.7334
91.7110
0.6224
177.0004
32.4257
195.7112
82.7558
90.4572
10.7422
346.4688
70.7604
294.1348
48.3472
47.9420
184.3058
37.5851
139.9107
359.5476
176.1820
53.7749
198.5171
334.8360
67.7465
65.4781
292.0533
4.7910
353.7293
41.0826
305.0703
221.5017
149.2499
7.4410
68.9117
247.4472
92.6381
288.4656
292.4333
137.5306
46.7604
335.1633
323.2334
56.8790
62.7102
6.6723
191.7392
205.1192
44.4716
21.3537
199.8745
17.0736
163.9336
46.1336
320.7702
8.6818
16.5029
108.6608
37.3604
27.2801
297.7190
59.3631
61.3752
197.3173
38.0232
57.4914
85.4085
46.7551
41.4627
257.8425
342.7365
55.5931
65.9032
347.8208
330.8192
73.0424
103.8627
71.7607
339.3011
174.9162
44.4209
112.5777
162.9188
167.0906
134.8870
303.9796
70.5155
354.9738
43.8280
43.5658
36.5213
120.3628
99.4568
172.9162
5.8685
349.4914
46.0065
339.8371
97.8951
90.6820
92.0031
67.1264
199.2698
145.4685
23.1602
34.5137
243.4392
197.1939
219.6888
183.5371
115.6186
10.3464
337.9375
171.5795
3.8352
340.9645
74.7691
69.1826
110.2385
71.7642
83.1590
7.7946
45.1703
196.3185
195.6583
63.7288
66.0364
46.2018
111.6274
9.4839
16.1279
28.3464
149.7578
91.3340
216.6486
328.8892
43.2853
348.9911
150.1335
131.4672
359.5776
358.3205
58.5442
70.4791
82.9011
102.2615
69.4763
5.7320
38.9814
39.7602
331.7965
165.0049
49.4992
244.7369
180.5064
4.9290
70.8305
52.7130
232.9288
59.5041
145.4515
268.2374
119.7847
237.7746
288.1028
67.8382
69.1243
70.7018
257.5300
124.3753
255.7917
82.7208
297.0269
62.7807
38.3441
1.2695
278.8919
286.6774
70.5720
113.9926
284.2148
252.1091
155.5026
235.0702
85.7807
191.8354
43.2384
305.4366
27.3453
330.6069
333.5088
175.4150
81.3382
76.9250
306.4858
43.6436
80.2703
42.4986
110.1598
281.5404
128.3999
99.2639
106.6187
75.5404
93.9553
10.4859
10.1835
52.0413
140.8902
222.7534
26.7810
16.6781
160.9904
331.3252
82.3742
315.7441
200.9344
116.9027
57.1353
151.8087
76.7022
73.5109
17.5138
171.3593
39.1013
166.7576
65.4251
44.0889
43.2329
67.1403
264.5651
206.4838
294.0108
269.9352
178.0001
344.8427
268.1495
187.6317
212.7332
62.1950
278.6299
287.6892
101.7723
236.8408
100.4587
152.6317
339.1493
66.0283
80.0638
238.4604
91.6574
136.1363
78.3397
76.3239
269.2793
275.3444
100.8355
17.4720
315.5863
309.5443
261.8208
262.4972
219.8612
75.7447
117.7958
12.5423
27.8885
26.0774
291.3848
158.5503
32.7249
31.8302
270.1377
60.0406
140.9201
187.1855
242.8780
48.5897
305.7862
5.6802
67.0415
326.2993
204.7301
167.4324
173.1063
203.6029
293.2795
58.3529
75.7488
69.4762
249.2900
206.0040
27.7594
235.3378
271.8299
343.0151
99.0494
112.2905
135.3086
156.8612
17.8649
355.0149
0.5013
310.5357
329.7850
227.5675
350.1354
289.2866
50.7927
340.2743
29.9999
81.4288
47.0525
254.8604
346.5220
355.2500
260.8889
164.5275
39.3191
353.6920
35.5435
154.2153
259.0900
219.5335
228.5815
231.2160
36.8871
294.1255
204.8704
124.3059
65.0169
14.0878
327.9572
158.5619
25.5992
191.0851
90.8203
325.0160
26.2595
345.6549
286.1554
244.7989
269.2749
284.1732
105.1918
239.6385
263.3577
14.1777
303.6908
72.0680
318.5876
44.5859
44.6086
186.3883
55.7492
120.1995
228.9022
276.0372
59.6469
181.2938
211.4479
73.0395
45.8676
109.0765
217.5523
164.3113
164.5302
41.7702
41.5602
31.1124
2.6678
357.9845
301.2505
302.2088
58.6253
352.4749
315.5282
334.5523
97.8726
16.7129
237.4090
194.2146
41.4315
277.9432
265.3393
256.3295
89.7357
34.5459
110.2977
26.1675
34.1841
6.4799
354.3091
183.6194
75.0713
44.8196
157.2801
35.3885
59.0541
42.9383
202.0496
93.8796
159.3512
325.5087
101.1489
86.6036
11.5400
54.5522
38.9770
157.3941
147.5056
92.7296
30.0088
29.9605
261.1350
60.4799
11.6935
93.1167
268.3846
39.3209
134.3545
62.2172
168.5109
40.3902
315.9831
196.7665
262.7424
112.8329
288.3441
14.1812
359.0950
79.3459
281.7303
65.2017
273.1616
135.8300
246.0773
205.7900
25.0731
173.9282
62.8444
37.7544
7.6173
97.1944
215.9671
11.0928
7.8815
305.1682
246.9064
168.4639
5.5095
199.8119
46.6155
11.8473
53.1059
214.1081
163.8048
272.8563
200.4789
286.0573
308.6316
87.6272
70.9183
40.7633
25.6591
87.8499
40.6790
48.8950
42.9103
350.0713
87.9757
23.0806
13.8364
35.8224
54.0746
5.4084
5.8817
46.8016
43.3579
77.3731
58.5186
39.6552
41.7839
1.8590
177.5712
0.1232
359.2880
62.8177
60.4614
13.5047
350.7676
105.7026
104.9585
348.7887
13.2603
7.7101
356.5711
78.0537
75.9821
3.8630
297.7247
44.5620
70.4450
84.3187
208.1340
197.9913
310.9930
43.0285
38.6625
48.4030
40.2273
7.5349
155.4561
42.9621
353.9402
50.6254
1.0594
356.9583
46.5062
25.0888
315.4439
62.5881
237.6551
218.5118
29.3790
322.8291
356.0499
7.5011
170.6174
297.0123
259.6077
20.1952
166.2935
332.6135
270.9526
107.7510
93.9368
228.4676
87.3629
6.5908
340.2094
282.6214
313.2700
315.6649
292.6767
90.4882
204.5447
255.3420
87.2862
265.2249
288.3279
210.4509
34.6497
69.1614
84.2055
315.6516
115.6154
231.7155
47.8819
153.4606
193.7124
245.9879
284.2704
61.3156
82.5625
80.6752
86.9988
103.4103
12.6361
175.4215
274.8528
290.1019
31.1495
3.9712
5.6322
2.4281
241.9016
236.9418
276.3912
300.4389
75.5028
254.9680
229.9500
232.2965
211.2126
329.7817
262.0241
261.6945
342.3534
329.4350
157.2952
49.5895
228.1138
74.9115
282.6821
270.9723
264.8804
239.3499
112.4153
59.7953
120.3269
90.8829
97.6401
185.6840
178.2779
153.4355
347.2649
320.6376
210.7001
201.5410
208.6966
41.2597
232.2670
258.4961
72.7707
89.5663
206.0948
217.7297
132.1515
286.6997
230.5930
45.6433
9.8782
118.2264
326.9067
32.6083
214.1318
59.4660
64.6636
227.6378
253.3124
152.5768
256.7124
15.4063
79.5368
271.4443
302.7815
222.4407
165.7839
303.4958
7.7511
10.1881
195.6635
323.5818
26.2345
226.1444
2.4687
337.3189
357.5141
342.2270
96.0357
80.9346
72.8953
242.0448
85.8536
271.6573
278.9082
100.6674
281.3315
329.3148
48.8865
153.8486
63.1965
43.6368
190.2094
89.0615
53.6572
102.1288
148.7788
25.6781
31.7831
171.5681
241.6695
63.9027
352.8744
89.2065
208.9800
70.7230
68.3302
275.0849
278.3761
98.1619
207.6790
181.7399
3.1012
337.0460
34.2180
233.9606
125.1724
66.2900
65.4368
158.3171
80.0390
149.6930
142.4856
294.1392
6.7766
213.4598
260.3192
22.0789
188.3213
48.6745
331.7370
241.0733
214.6239
337.9210
93.8340
9.3784
1.4207
273.8828
9.8863
198.4390
107.8021
