147.7679
194.2054
295.0748
197.7541
0.0002
6.3042
16.1901
16.1521
115.9855
141.7462
272.7494
176.4870
264.1370
45.1176
125.1455
359.2946
356.2879
277.6705
180.0028
351.9870
238.7024
235.1749
91.1584
112.4840
105.9566
224.9164
116.5883
270.0038
228.7865
212.8377
62.3102
78.8954
33.9420
5.6556
31.0899
294.5764
322.1838
218.0302
12.9947
269.9372
24.8186
340.0835
268.4488
60.4347
264.9397
87.1482
95.3369
341.6162
83.9290
121.5673
7.4142
36.5168
3.3179
352.3469
269.9604
45.8667
44.1188
64.4743
56.7225
55.3805
277.9008
63.3377
27.9707
14.7443
16.2551
359.8032
2.5259
59.9102
59.9929
283.6496
75.4190
89.2828
87.2783
88.2786
88.0739
281.8595
175.8322
281.1629
15.8279
27.7428
40.7781
17.5201
1.9348
54.0801
273.5849
6.4714
1.9683
28.7578
33.5339
27.2794
17.7362
17.0242
9.9759
6.5993
54.3913
21.0711
36.1922
68.2959
65.0104
28.5241
27.4996
41.5333
41.5662
56.6029
55.9795
56.1242
31.5907
25.8567
75.8366
77.3432
28.4851
24.6681
82.2215
66.9672
46.0676
48.7988
27.2343
26.9184
49.9327
65.5514
356.8569
72.8364
4.1089
8.2114
4.2252
4.5838
9.9637
10.3630
72.0727
68.4577
14.6537
349.0791
74.9955
75.1558
75.8066
56.3810
56.6863
57.6801
61.8128
26.9838
89.2258
87.7927
82.8699
88.3741
356.4563
355.4854
8.4121
1.0936
343.1783
308.3949
39.1306
71.7426
64.4881
69.1104
31.0015
29.8730
32.1172
31.6000
74.2509
62.1072
57.1339
73.8338
4.6937
36.5346
46.6225
11.0678
12.0982
180.8285
263.5670
29.0706
39.3181
28.7001
32.3004
28.6453
30.3461
48.1274
87.1433
84.6109
63.1172
56.9005
13.3478
15.8360
13.1018
71.7288
70.6751
13.0924
13.5866
52.8261
41.7372
33.9132
25.5162
5.4385
3.8133
209.9488
46.1520
13.9883
181.9422
181.5476
103.6271
47.6779
340.7717
95.0351
83.1675
68.4828
336.6951
20.7626
151.8818
34.1417
47.9294
56.0099
90.1813
94.6886
2.1280
51.9960
55.8902
69.6882
93.6090
42.8346
59.9637
24.0829
22.5796
99.5458
87.3830
28.6837
124.9862
52.6502
72.2288
52.8222
64.2051
64.5860
95.3887
102.2151
79.2217
56.2384
33.1117
60.9988
62.2873
25.4632
136.3214
24.4987
157.0188
3.9228
112.3627
118.8191
69.4606
100.9127
159.7839
358.6036
99.2765
119.8946
60.1386
55.5038
71.1934
91.1675
70.0082
95.2646
127.6448
343.0229
240.5838
357.2787
201.2471
278.9260
353.4887
71.1417
21.4600
53.7722
307.1927
259.6425
245.7200
59.2788
276.8927
298.2812
296.6159
63.1413
64.3465
114.3999
353.2007
313.7838
23.1959
53.1637
102.4552
73.4595
34.9099
287.3602
87.8559
97.2501
37.0002
56.0773
75.2319
336.4810
82.9067
275.0045
55.4311
114.9486
11.3413
347.2543
58.2040
84.3291
267.5795
0.2501
359.3031
29.9167
22.2951
233.3515
78.2698
83.1811
48.1712
314.5790
188.5091
105.0635
314.0810
74.6426
51.7768
63.5023
89.8192
90.2274
94.5008
78.5082
335.7325
4.3493
82.1123
50.6624
55.2862
51.3692
353.5281
24.2522
56.0800
353.0775
31.2349
32.9542
18.0333
27.9061
67.7399
70.5225
63.3938
64.3455
51.8187
62.8692
24.1290
33.0560
77.1714
40.8035
7.3195
2.5248
55.3798
63.3608
180.3642
2.3803
3.6359
159.6235
87.9128
87.8720
3.6299
54.4096
48.2088
56.5377
61.6055
56.1539
59.0609
12.5998
12.0132
21.4299
358.9764
19.5436
40.9124
170.0405
238.4975
36.0760
143.6879
54.4386
52.8724
13.9902
346.0391
25.9175
25.1558
359.6634
343.7199
60.0046
55.5512
358.7005
57.9474
262.9651
82.3017
71.8040
1.7650
107.2358
45.8859
216.3428
11.4701
8.8156
318.2422
27.2379
28.8104
31.0166
15.2134
357.7179
72.3115
56.3971
118.9404
21.4112
22.6942
54.3397
165.8296
51.0755
7.2146
0.0899
359.8234
47.4774
49.8234
187.3449
209.0258
202.2710
266.0378
6.1491
5.1863
359.5004
32.1573
24.9326
20.5236
19.5261
52.1929
325.7760
3.9274
346.2480
26.4046
11.6476
3.1771
347.4293
59.5311
97.0386
15.3535
25.4991
47.6667
31.8012
77.4543
120.0304
11.9891
19.7968
191.3212
171.7327
87.7313
114.9602
12.0913
0.2951
91.2552
105.4168
88.1384
354.6484
88.9938
323.1971
2.2306
352.8665
301.4430
173.7315
351.6617
22.4709
336.2939
77.0190
32.1517
101.0434
44.5725
42.9430
74.0550
84.2416
87.7753
94.4206
74.8977
72.8811
315.8175
264.1746
83.7210
52.7290
54.6672
15.2221
13.6945
41.2412
37.4232
63.5314
70.8424
2.1675
19.7443
45.9170
44.3901
54.7511
53.3685
67.1173
64.1930
49.3897
50.9639
15.7057
16.3281
72.7127
63.8737
355.9446
358.3316
30.8706
29.6681
316.8601
353.2098
20.9405
5.2811
69.3724
70.1778
26.8447
18.3605
81.9805
84.5216
63.3042
56.1161
39.8408
50.7531
11.2724
35.7541
33.5108
60.3812
54.3418
46.9639
45.6042
35.5895
140.2985
230.1482
68.0536
14.9830
196.4398
197.3303
333.2514
21.1080
18.6203
1.7496
182.2798
86.7450
273.1621
18.0836
9.6407
63.4970
69.2661
34.1923
43.5611
16.4407
17.5264
39.7341
88.6341
13.0193
76.8064
67.0610
71.7045
80.1525
243.8416
85.1836
80.8237
82.3184
52.8777
66.8190
37.8414
43.2805
356.5890
357.4476
31.8924
27.2987
17.5490
9.2078
96.6096
99.2878
187.8808
60.2932
50.1451
358.7863
264.4713
33.3948
20.1729
46.9291
112.7090
75.9453
76.9390
106.9891
79.3912
80.7013
85.9159
106.2283
89.7062
358.5437
177.1629
57.2544
49.4877
84.2525
206.8741
223.6235
64.0133
63.7737
286.9624
1.1364
59.0802
158.6223
4.7731
46.6997
56.5583
43.0465
123.9945
23.8549
239.8278
69.4705
190.5523
258.8986
143.7378
344.5615
330.4320
48.9236
229.3212
34.8699
47.1823
70.6667
79.3525
47.4100
64.1322
329.0148
251.5867
15.4429
15.6119
3.2305
7.3507
22.2245
186.1157
96.0118
119.1553
9.0427
35.5282
336.3748
226.1866
81.7480
68.6627
232.6662
236.9237
2.9738
57.9112
71.0088
56.6817
78.4714
319.2988
55.0257
68.0439
72.4835
72.6622
352.9118
67.3160
357.5150
9.0370
42.1087
31.3283
59.9165
65.9219
59.6006
64.1596
63.2035
76.8135
254.3933
64.7985
92.0842
102.6382
343.8378
89.2579
86.5850
58.9236
298.9461
20.5863
22.0424
85.0166
86.7824
19.1637
23.8085
27.2600
6.8424
14.0019
187.2321
58.4871
15.3991
350.3900
146.7826
58.4803
302.2464
46.3516
333.8495
45.9331
134.9472
120.6445
199.6438
48.3342
307.1090
358.7361
12.3643
31.2524
37.9039
30.8248
290.7556
82.1600
48.4118
81.5664
164.5011
63.5762
64.8347
265.3197
80.1867
141.2577
354.7377
5.6798
26.3021
330.8350
0.3918
19.4446
55.4348
2.5735
4.0424
63.2829
49.1598
77.9504
80.7037
61.1175
68.2675
87.1991
83.9909
52.3506
54.9185
84.8250
24.8639
350.3895
35.2712
33.0920
47.8738
115.0881
50.2211
49.2229
65.7024
67.5892
79.5293
102.2271
47.1109
187.5452
83.0158
32.2066
149.9124
323.5167
320.6713
146.7693
5.5408
78.5378
70.5051
59.3448
64.2784
85.8870
271.9714
74.0556
26.7240
3.2392
346.1373
205.3950
7.7503
205.4788
36.8074
33.3664
48.5888
49.3620
256.0881
266.5851
36.2834
241.0764
62.4900
61.9531
174.8314
187.9282
193.1317
312.8299
356.0027
3.9832
1.9186
281.3559
173.3328
89.8355
80.8828
23.9340
100.8735
49.8209
92.6997
117.2720
64.4684
16.1896
38.1232
35.1436
21.5818
23.1829
84.8773
80.3486
1.2290
11.7658
71.6300
83.7377
85.8647
35.7983
87.9378
79.5535
166.1908
13.0448
13.3890
65.1539
71.6130
77.2217
83.0358
52.1147
53.4872
39.8337
85.4961
86.8079
2.0790
0.5470
62.7281
61.1326
35.1675
35.0823
32.0466
27.5706
66.5295
62.8851
69.7148
74.1771
77.6253
12.2857
62.8060
32.0318
2.3602
45.3110
48.3001
47.3091
66.1832
63.9536
62.7293
62.3681
10.6480
14.7600
81.9335
77.6869
57.8119
62.6663
60.1809
60.9630
55.4371
176.3009
30.6864
30.3172
11.2125
14.7879
60.7929
66.3631
77.0908
77.5668
50.7777
76.9097
80.5005
84.3564
87.4016
75.8074
70.6388
41.6349
72.4586
73.5788
97.7039
253.1513
66.0162
70.6997
45.0134
38.8578
65.8895
68.4033
65.8633
57.3415
68.1328
51.5746
71.5305
72.1391
86.1874
83.9942
22.2242
19.7697
58.1352
46.5991
32.1417
33.6485
33.2609
63.9727
62.9855
66.3874
78.5586
69.8743
68.8889
149.5441
52.7846
58.6056
2.4269
4.0415
48.3711
46.0244
38.5871
32.5124
64.3214
61.5115
29.6336
83.9620
78.3848
11.0832
267.4004
61.3880
69.1065
68.0072
68.9830
5.1857
10.4939
15.1292
58.3343
64.5561
21.2526
28.2042
60.8027
33.7143
15.4697
17.7561
215.6952
55.4670
57.5342
52.0337
64.6210
63.4191
87.6612
86.6219
37.7181
41.9536
58.4369
58.3959
44.3498
43.6603
56.9836
70.5393
72.0672
62.9673
63.9580
73.7148
89.5142
35.8038
38.8158
67.4739
90.2660
24.4744
22.8248
77.1565
74.9948
62.9229
69.3036
88.2425
88.6587
70.6778
78.6013
57.5469
60.1619
220.5268
317.1520
66.2836
69.3696
81.1282
77.7694
83.0648
82.6258
56.2017
48.0060
49.1344
22.2280
89.3938
34.8247
36.0001
19.8366
19.3952
83.8718
85.2808
17.0753
347.4848
88.8732
87.8236
25.9264
22.8850
38.4505
37.3466
28.3519
31.1509
1.9031
1.4844
23.4172
18.7384
72.8015
76.8945
90.0645
57.5227
66.6859
12.6641
10.7153
8.0146
10.8315
53.2932
6.9333
73.9572
97.6342
11.2750
49.1831
253.0069
39.9517
36.1831
9.5056
4.8228
358.9336
20.0657
36.8899
22.2210
359.1683
270.1373
20.9539
17.2153
43.4164
221.5980
44.0911
40.7125
73.7358
74.1795
83.0450
91.4466
5.4894
172.7527
20.9891
24.7269
85.0556
9.6512
86.6852
68.6409
85.0455
52.4823
47.4653
43.2578
25.4050
16.0711
1.9080
352.3908
86.3585
83.4297
71.3909
66.3391
0.5092
0.6518
284.0429
309.6118
213.9770
53.3836
50.9870
54.2755
58.1181
13.5243
4.5059
55.7376
55.3326
10.1480
83.3481
10.7706
353.0885
28.2449
15.6629
26.9883
19.1565
10.2440
10.5630
7.3034
14.9165
358.3800
357.0522
217.6460
240.9856
73.9643
86.2552
14.5347
214.3844
320.2177
6.9619
90.2352
86.7831
30.3484
27.0371
58.9523
51.8561
51.1785
40.9864
7.5626
123.8403
197.9295
282.3509
49.0249
312.3097
1.9615
303.7478
53.1356
82.0441
11.7820
358.6960
257.9020
88.5501
266.5898
8.3221
244.2389
75.5533
249.3812
204.6326
120.9231
146.5404
118.1577
245.8157
292.0314
35.9369
57.4338
276.8300
54.9070
52.0657
328.2066
8.8456
359.4190
289.7722
78.6014
269.9743
288.9146
350.1645
19.3800
55.5708
54.0514
141.2162
216.5130
58.0976
1.1415
51.8931
55.9105
15.9633
26.4598
330.7288
226.0382
109.2302
226.9572
14.3517
14.7309
2.1781
2.5344
27.8409
24.8201
18.8804
12.1385
28.6889
43.9825
31.9725
26.9268
5.9146
0.2075
69.9621
72.1896
84.0390
87.9793
38.6253
192.5916
11.2263
10.2384
12.2335
8.7036
20.1846
356.0427
76.6412
80.3084
85.8255
89.2966
69.8883
25.6007
43.2135
62.2283
63.9342
19.8376
49.2591
9.4226
1.5231
45.8904
44.5182
5.9379
34.3638
224.1041
5.1068
57.0436
359.4689
9.9669
37.6726
181.2225
71.7118
1.3480
358.4947
201.7356
16.8305
311.3204
41.7554
25.9354
213.4100
18.6116
19.6447
2.3434
1.4536
79.2128
270.8461
11.7961
16.4075
93.8144
143.3621
349.0910
270.8379
357.3667
355.3101
70.0904
70.4830
82.4745
99.3315
41.7820
31.0699
10.2375
10.7224
5.2320
356.1872
36.4776
125.1976
93.1689
103.4139
7.1880
161.9441
51.0571
26.9062
293.3702
48.8387
41.7585
49.1693
118.7743
354.3032
347.7680
176.5040
43.5683
10.0943
12.4759
303.1873
110.7553
193.4081
359.9316
357.6880
47.4652
355.3685
291.6898
3.2543
1.7535
229.9028
156.5112
104.1600
64.5391
127.8163
252.5402
17.3896
147.5255
156.6186
64.7615
60.0985
54.5221
64.5992
65.7693
69.8979
151.3573
23.9480
330.2960
39.7472
37.3136
174.3576
93.3008
237.9027
355.3637
180.0006
185.5961
106.2048
261.6444
248.2158
48.8764
151.7723
127.9331
77.0239
188.8426
295.2980
92.2364
99.6922
313.9762
48.0481
69.0813
49.8283
275.4913
298.6827
64.4561
295.9785
255.2206
148.0088
345.1257
309.3512
179.9982
262.9647
170.0571
345.6276
131.0794
14.2322
60.2721
293.2625
113.3858
216.0138
65.4195
89.9845
121.4239
15.5886
358.4946
152.9451
197.9012
62.1936
96.4716
89.6021
90.0083
247.8577
94.6183
185.0344
170.6565
274.7621
21.2719
222.7288
343.1333
337.9468
286.6466
56.9825
59.1609
63.3741
80.2489
218.9482
43.3003
64.4822
67.9057
73.6385
21.7634
17.3273
54.6705
54.4682
11.3244
13.7744
7.8921
25.1518
178.8603
5.0702
7.4812
80.1620
88.6785
81.0351
88.6384
93.7041
25.6422
22.0628
34.8691
35.8098
39.4109
27.8342
51.5053
52.6258
36.4022
55.9800
56.6248
44.0427
48.7464
66.0637
68.2005
68.7176
87.8253
86.5682
26.3175
16.4708
53.4488
52.7164
40.6661
68.5820
66.3422
5.8635
6.5375
57.8772
48.9061
62.6726
53.1141
44.8435
40.3515
41.7558
35.4390
24.5917
22.2601
75.0514
76.2802
28.0158
27.4224
48.7978
6.4807
45.8573
80.2492
86.6237
43.7642
19.7177
36.4401
45.8725
19.6567
17.3813
74.9505
21.2386
85.1670
5.5023
357.0607
60.8703
61.1021
48.8478
356.0134
191.4357
35.1020
32.3452
237.6374
183.0134
196.8741
257.0867
238.0506
16.5687
57.9817
28.4729
24.5933
99.5088
25.5505
23.4651
157.4636
172.7378
299.9820
227.7556
34.1803
287.8180
72.7802
269.3225
57.3530
329.8028
72.8552
266.1916
77.8584
359.9584
357.8641
340.1820
42.7188
24.9439
236.8806
157.2420
63.6430
65.8638
134.0827
182.8826
72.0183
73.9410
50.3174
55.3416
56.9937
74.1345
357.2961
6.1935
187.3946
31.5866
280.9357
13.8959
335.1839
70.9107
59.3200
56.9958
76.5497
46.2616
74.7256
48.7758
72.7062
64.0680
51.3991
228.7612
93.6608
84.2219
109.8156
12.8233
359.5031
29.4358
343.4289
81.7966
79.5327
43.6547
54.6266
67.8438
27.2125
83.3316
86.3399
8.9427
61.4467
76.9931
69.2778
58.9426
66.0368
73.0095
48.6955
39.1125
87.4642
144.2695
294.2615
89.7993
53.3974
52.3697
55.5037
56.2698
64.5008
263.3460
73.0525
69.1466
71.4162
68.5116
294.9573
56.3931
346.2166
12.0922
79.9335
69.9293
147.5276
73.1968
244.0641
13.9894
15.8935
47.3615
236.2912
71.1459
105.2206
32.7544
217.0947
71.6580
241.7825
59.6770
220.3943
78.2728
272.8167
1.8707
27.6069
8.0520
343.8882
358.6766
359.9578
339.6853
48.5688
323.9597
50.5105
57.8490
314.9161
11.7581
183.7480
278.3602
269.3229
54.5770
252.9994
9.4669
239.9377
42.0817
142.4151
42.3979
20.0653
36.3988
54.9929
359.1500
6.9579
6.2450
40.2728
41.7372
43.7930
48.3927
354.2879
11.8722
52.2434
75.5915
63.8507
66.0380
73.8198
77.0969
57.6691
61.7297
20.4778
69.9775
81.0139
16.0192
18.9877
321.2630
3.7793
151.4387
35.6705
110.4997
70.3544
44.7281
65.1317
66.0622
64.5714
159.2714
72.0115
63.4112
35.0124
322.8138
48.9563
229.8185
85.4495
108.5611
14.4684
11.3442
40.5376
42.2011
78.9909
77.2906
338.5545
62.8672
72.2647
72.6680
68.5493
55.2917
25.5978
344.8779
77.3666
85.2556
60.3006
54.5443
67.6081
59.4056
40.5709
273.8446
91.1622
57.8197
158.4646
51.9009
43.5865
54.7054
63.0211
60.6859
51.0587
71.9226
68.7149
71.0241
60.0910
65.9364
17.4783
191.9800
52.9081
83.8012
346.4094
1.4738
67.6142
83.4487
15.8533
193.7956
51.6268
223.6168
49.3878
355.1668
255.4029
328.3138
36.3917
65.8679
92.5957
75.5732
217.8091
40.1069
228.3242
34.8853
39.5879
38.5231
180.1383
13.1568
158.3070
232.4886
8.2922
37.1603
13.8468
13.8295
39.2839
184.3117
321.8244
43.3976
7.9424
20.1476
8.2172
34.4703
28.1296
70.3528
75.8035
346.5996
63.9649
302.8008
12.6219
17.9364
16.6452
6.9936
20.9138
161.1014
38.2505
59.9565
357.0446
62.1925
70.9933
3.7605
22.8850
338.7311
55.2845
45.7264
113.9631
43.5145
63.1001
53.6486
352.4259
228.3894
13.7727
27.9601
327.4594
40.4040
179.4115
92.8709
40.7837
35.8463
240.9386
232.3500
143.7730
60.8799
81.0122
42.6583
36.7897
45.2268
326.9474
51.4178
230.2789
231.9166
130.3167
245.5966
25.9205
276.9070
274.6096
263.6648
146.9706
68.9223
67.8910
117.6501
96.0825
139.9309
174.6716
30.2554
359.8124
317.3779
251.7405
70.1119
343.1736
246.6608
16.3544
233.1578
351.6484
284.9038
49.9869
357.5255
239.6313
68.6629
73.4430
355.0575
237.3054
347.8322
172.8575
259.0264
190.2482
29.6747
282.1226
104.4830
243.7512
348.2121
176.6826
8.5145
78.3916
16.6704
283.8729
104.4309
259.1341
38.9738
299.3748
5.5894
77.3199
329.5815
208.8340
105.3072
112.4801
72.2274
279.9968
358.1222
73.9880
87.2756
89.7624
165.7648
350.0876
257.9821
356.2183
163.3890
70.9427
72.7805
165.3460
4.2729
179.6911
194.4997
302.9143
287.1577
99.7815
82.0157
109.9276
183.6869
265.2696
203.6763
260.3616
262.1035
305.8034
242.6960
236.4028
22.2621
50.0730
137.3170
91.0836
21.2420
23.7733
124.4873
316.0523
292.9777
332.4136
43.1304
166.0162
139.7273
233.4014
321.6176
67.6121
38.3325
45.8902
47.6146
49.1626
19.4472
130.7484
147.5737
100.2678
59.8155
90.0560
179.1480
67.9246
289.6774
237.0724
199.0462
82.7873
229.3925
285.3013
91.7279
5.9502
348.5502
22.1522
239.4986
137.5954
75.2162
109.1129
51.0210
54.9169
326.1403
128.3067
305.1965
106.5299
208.2963
303.2088
42.7644
94.4259
99.5064
94.8902
65.8635
142.9326
20.8742
49.1948
282.5186
11.4357
19.7948
300.0199
134.3567
134.5024
227.0348
84.3387
92.5786
348.5417
266.5546
357.3653
319.8023
16.4082
103.8000
86.3390
175.5514
170.8401
298.5850
114.8200
151.7453
71.2880
93.0219
89.1194
294.6093
42.2187
42.3985
279.6244
359.6959
96.9555
55.1560
42.6777
40.8450
90.8814
95.3961
87.3398
86.5535
30.4454
31.9721
251.4287
195.0928
1.9507
1.8454
80.3062
69.7438
67.3308
195.3661
164.3658
291.8614
204.2289
28.0389
228.1765
271.9047
296.2915
90.8248
236.0869
78.2668
40.3809
30.2259
282.7380
330.0025
324.9100
343.2555
197.6595
286.8511
240.6806
87.0032
94.1512
67.9203
108.6045
254.0470
207.3440
175.9945
66.5762
38.0511
269.8307
8.3723
182.0316
160.0895
50.1460
154.1505
85.4970
297.2551
16.1456
156.2564
114.8069
84.2927
45.7220
174.4491
8.5416
29.8017
198.3018
94.8826
43.3118
56.1246
54.8689
63.7435
8.0433
55.8041
299.7712
274.3041
112.0221
249.6259
150.4912
100.4137
12.2247
211.3465
50.1427
270.6225
67.3974
276.6619
83.1656
87.9782
99.6568
50.0427
79.5159
65.1583
90.8429
81.8981
54.2553
299.5849
58.3410
78.9283
35.2386
49.1886
25.0471
12.3625
110.0936
225.5225
263.9789
141.1426
32.1561
83.8432
280.8976
45.0654
255.2014
56.6734
89.9528
111.1274
30.9633
57.8250
81.3046
128.4085
103.1122
67.0339
75.8001
191.9412
129.2931
57.4854
348.3050
352.1336
59.1639
246.8620
76.6647
332.8655
38.0838
188.7583
40.2824
196.0641
351.8807
71.9586
88.8932
148.3738
99.3362
317.2597
80.2738
77.6444
85.4281
36.4847
84.2263
74.3206
116.8486
82.1309
210.9979
23.5642
280.7626
70.0286
97.0983
69.9761
279.2424
6.0750
190.6530
288.3498
56.8748
49.7508
73.8646
51.0067
242.6320
278.9261
72.2447
116.3177
58.6713
90.0966
92.6226
77.7784
105.1450
153.8009
105.1578
244.3364
229.2133
88.1880
15.9079
40.2363
162.8289
92.7442
60.1461
332.9518
41.9608
35.1316
18.8485
72.1203
230.2094
81.2935
184.9638
201.8999
74.5048
81.3488
51.3250
160.0643
52.8100
358.2491
79.6906
99.5318
7.9949
287.7881
245.5860
91.4017
173.6819
43.7433
66.6235
44.0100
79.2440
243.6168
345.3084
45.6229
343.0303
214.2290
84.4073
94.3621
351.8267
337.3577
38.8371
244.8938
48.5379
290.1908
65.3999
303.9661
20.1365
79.8812
288.3614
269.1363
353.9621
92.3868
2.2429
22.1819
343.6960
308.7332
41.9192
272.3944
151.4599
330.7003
94.6199
176.7499
322.1605
234.4281
52.9439
240.3251
293.1595
55.0156
13.0228
113.9943
84.7660
222.6172
251.3207
174.4678
143.0687
290.7502
65.2034
87.1351
72.9648
3.9904
288.7996
249.7928
50.5641
338.2526
95.8263
89.6712
94.2354
291.4233
166.3643
23.2354
214.0534
99.1645
34.8771
1.6845
88.0902
31.7054
244.6202
351.6300
281.4373
25.8365
100.4747
29.8693
8.2312
354.7806
49.0501
106.4041
10.8634
237.8641
44.7624
171.7847
345.3181
8.1236
333.1743
4.8089
44.3787
220.7770
27.0598
56.7549
76.3697
275.8561
283.5601
265.7441
299.2150
92.8358
205.1043
50.4161
293.1849
86.5757
85.8116
13.2237
178.2435
316.7784
78.8404
72.8400
47.7953
86.0979
351.2483
165.1964
292.4340
28.3013
181.3242
13.8184
59.0007
247.5416
88.6844
216.3423
240.2556
32.6751
198.9469
96.6808
268.5819
193.9630
16.6752
167.8438
275.7018
50.6837
358.1674
0.3478
11.9011
292.4910
359.8514
4.0788
271.6367
41.1620
359.7243
195.5357
59.9284
349.1122
328.1948
160.9702
198.7016
173.4405
95.5616
84.1295
194.8516
235.8886
227.5645
74.3135
277.5115
297.6703
159.9558
352.4444
353.6524
8.0054
281.6550
51.7494
337.0055
69.5506
185.4068
91.3138
219.5473
256.7733
122.3000
69.0766
76.5211
192.7915
25.3862
144.9990
349.8327
81.2661
80.7656
45.1949
29.7629
94.4959
154.6755
17.2994
122.5147
296.3762
128.9757
317.9334
22.8022
333.3944
200.3612
270.4223
124.1665
4.9959
81.0531
69.2294
241.5638
279.1377
297.2786
16.5105
230.5218
199.2884
91.8900
85.1400
76.9798
73.6009
257.9665
32.1724
15.8829
182.0889
128.0258
87.6148
358.9506
37.4813
72.3841
94.5207
308.3206
87.1459
93.9602
122.6210
190.3323
125.8907
235.8057
119.5262
149.3095
234.9569
330.5245
223.6266
78.5526
349.6319
238.1946
315.6137
186.2845
242.5506
277.0575
18.4217
93.9102
179.9992
174.4227
179.7768
89.8752
282.8772
90.6534
186.6271
194.8617
108.9637
136.8161
79.5575
311.5762
354.6508
2.1681
157.1104
131.1018
314.6698
60.1557
78.3243
15.5924
166.7722
8.0178
117.6954
72.3975
49.7478
261.6726
31.7381
115.8132
124.3974
243.8675
175.9880
197.6818
23.6986
22.3770
314.6259
300.9406
76.5187
66.1302
24.4953
28.6209
23.6260
137.4224
77.6484
81.4416
10.3580
0.5452
90.0000
28.9121
76.7745
96.3047
88.3752
109.2013
68.0205
26.5210
8.9956
9.3115
16.1658
74.6102
11.0630
35.7592
46.0777
62.1972
227.2210
75.2186
73.4404
13.2312
102.3648
71.9106
76.3315
186.4950
288.6495
87.5932
45.4537
28.6360
21.6313
18.0243
212.1166
54.7859
80.5969
65.8367
64.6012
65.6993
259.0042
279.2405
3.9978
12.2732
223.9590
10.4470
167.3753
82.3964
57.2212
79.5037
76.6193
188.1931
20.8114
58.1042
77.3733
89.0173
356.5592
72.3529
207.8596
65.0108
274.4749
196.7398
268.6754
149.5966
0.0911
81.1274
34.5132
22.7879
272.0333
229.8510
233.2610
72.3334
221.8993
212.1933
63.1092
257.7017
305.2795
26.5028
19.6682
99.3487
339.6935
191.5509
86.6545
77.3201
241.8965
105.2806
67.5710
315.2625
192.7412
322.3407
187.8205
323.9833
298.4692
65.5449
291.8379
246.0175
43.7130
23.5888
112.1750
246.7912
284.7467
285.4042
318.2923
123.0574
98.9873
82.9913
93.3493
359.7271
166.0381
76.6428
356.5590
171.6457
156.6610
184.8949
64.0926
116.9428
354.7644
64.6277
222.0353
8.0787
190.2448
62.5027
260.7101
216.3642
202.8174
143.6259
337.3880
222.5152
22.3896
341.1267
32.9387
238.1176
243.6969
226.7861
228.2118
145.9428
259.0119
153.4363
139.9602
168.7148
135.2966
164.7516
123.8213
295.7523
77.8516
47.4807
287.4746
50.3657
192.6569
183.8897
74.6792
78.2274
183.7283
76.1679
19.4600
22.0068
44.4935
43.3638
8.3143
3.7497
24.1093
358.5062
2.1513
43.4204
5.1579
85.9626
72.0036
14.1424
3.5558
49.0821
45.4969
48.3853
50.8982
27.9248
6.8801
358.0075
29.0179
46.6568
325.9322
27.2728
28.9963
20.5793
25.8815
48.2446
40.4533
44.7176
42.2600
42.0550
53.5676
66.4053
67.1702
45.6548
41.4139
49.5017
51.5838
78.6581
35.8469
34.0193
276.1187
152.5378
16.8306
19.4937
30.0186
42.2911
32.1997
138.7709
15.2507
1.8971
72.4565
77.1534
92.8098
92.5821
88.3008
84.7333
41.0391
40.5671
81.6920
86.5763
84.0170
85.9265
80.5974
80.1195
21.1954
16.0972
18.0682
2.4892
2.6198
3.9156
5.6371
62.0239
82.4947
88.9421
75.4918
80.5726
86.8805
5.7289
6.9668
74.1193
81.0944
53.3926
48.6714
49.0571
61.2669
63.1597
55.8855
55.4141
88.7180
76.6780
52.2199
38.6226
68.9748
81.4620
77.5904
230.1610
347.0485
37.7375
47.1540
14.6672
20.4619
11.4966
10.9605
86.4834
83.2401
38.7283
1.0580
57.3120
34.8783
30.5497
96.0949
60.3703
62.2061
55.2514
24.0093
30.0234
167.7835
20.6038
13.7209
223.8438
11.8424
67.7358
68.2218
41.1161
33.6680
76.1264
79.3167
69.2627
59.6407
212.4367
238.7139
85.9519
89.4271
301.3215
23.2611
307.3603
91.2997
318.2993
68.9395
78.4786
48.6949
44.2788
33.4135
39.0931
18.1756
18.6730
38.6068
40.8570
84.2002
29.3281
23.1470
315.3998
0.4109
16.7211
5.5212
354.3755
61.8316
112.0073
8.0977
44.4056
13.6306
12.7056
11.5409
148.9705
198.2302
231.6127
65.4385
68.0171
69.1879
72.1328
71.4516
4.6898
3.0759
28.5056
39.3021
54.1117
71.5809
32.0660
31.0737
9.7942
15.5278
25.5224
13.1498
37.6357
39.6863
70.1669
54.6250
101.2176
62.4139
47.2264
42.5872
7.5281
189.7830
184.5818
67.1623
64.8878
10.0454
7.2032
6.9541
209.9300
71.2472
291.3350
26.0855
3.8594
101.5134
9.4350
31.9593
23.9723
16.1915
89.6458
77.4470
120.1320
82.5831
84.6245
92.4712
131.8052
115.1781
52.0055
51.4492
67.1682
58.2614
267.8239
106.0165
56.9848
59.2222
4.3195
91.3249
90.1048
64.3532
77.1678
60.1663
106.1946
22.0441
6.2437
47.8134
174.6139
73.0302
108.0959
42.7670
65.0518
66.7270
62.5296
58.4930
71.6015
47.9582
349.2090
68.1398
88.0468
139.5575
62.8009
56.6733
85.2552
83.2257
247.1682
340.3652
10.9910
1.0625
73.1922
337.2824
12.9412
30.6347
21.2282
344.0170
57.1376
80.6486
59.3322
59.3276
266.8789
252.4767
107.1976
89.3076
96.0173
40.0787
235.6319
27.4512
21.5506
263.6628
88.4828
195.8292
309.5019
354.3402
10.6384
33.1691
340.2831
16.3602
180.3390
53.2738
96.8024
79.8896
54.4330
56.3641
220.8952
202.5056
78.5319
249.6585
357.7350
81.6786
238.1952
187.5537
346.2650
69.0092
249.2048
73.0616
71.1164
326.8894
354.2804
127.8006
106.3064
100.6202
314.8027
286.8781
287.8080
79.1735
79.2404
297.5902
53.2963
39.3266
211.2426
31.6447
68.6453
9.0046
16.6567
274.9817
65.1153
68.3866
211.1515
82.7989
26.8020
14.6099
243.2339
232.4937
247.0375
198.7787
354.3674
134.3329
327.2087
276.7347
2.6943
196.5752
67.7649
86.2814
184.4602
167.2478
134.1517
86.1988
19.2318
317.7064
35.2237
131.1342
156.6719
46.6783
38.9465
117.5306
176.9394
280.9090
293.8797
24.0981
28.1709
26.9298
24.4369
193.5961
222.7393
4.7453
20.1533
186.9523
66.7071
92.6314
63.6595
55.9785
347.5366
29.0767
9.9523
268.3560
292.6452
185.6328
166.8320
358.1301
60.8587
102.7563
70.8575
289.0695
71.4100
102.4643
9.8192
59.2558
274.2899
320.9376
337.1173
25.1153
350.3626
121.9253
79.9058
336.8258
58.0357
79.5680
131.7832
71.9430
262.9295
63.5774
88.5382
61.5042
61.2180
42.4693
221.0106
50.5807
243.4617
78.5721
269.9679
54.8111
38.1175
73.9547
59.6691
48.8575
289.0075
93.0422
353.1869
343.3259
115.1125
34.6576
31.9826
359.8648
3.8055
287.0247
42.3606
31.1529
359.3845
64.9538
70.8289
86.3184
24.8653
175.7055
9.4947
339.6345
240.2533
232.7552
88.5255
35.6407
55.2070
239.0440
67.2463
27.4343
358.6602
358.6146
344.8018
290.5945
54.8298
41.9967
20.9327
74.8581
48.4301
14.1214
89.4879
202.6768
16.3278
108.5644
149.7478
4.9191
28.6822
44.0336
54.4356
61.5365
107.8343
68.6058
76.1430
104.6975
61.0647
12.9682
87.1540
87.2685
35.8897
38.7708
65.1971
77.6334
80.7628
76.7092
32.2614
25.6865
47.5295
42.4684
16.3963
359.5686
74.9161
251.4540
36.1370
30.2070
193.1738
85.0875
242.7299
28.7134
20.5658
30.5758
123.4536
29.0741
231.8468
4.5084
24.7375
334.0411
50.7087
321.6441
4.5168
3.5158
61.7046
140.7638
45.9932
54.6359
27.6685
187.9106
74.7493
66.0780
67.7876
213.6164
44.9079
82.9337
53.5190
24.3474
356.4553
8.4672
84.3990
357.2151
29.4682
47.6368
46.2874
38.5120
48.8034
55.4365
178.0171
170.6125
68.1107
117.5204
52.9674
50.0038
38.0521
71.8509
10.4581
9.0571
5.1388
28.8975
61.1239
26.8973
18.7129
17.1926
48.5448
45.2980
352.2976
353.5505
7.1347
7.4622
75.9858
78.0240
11.4688
92.7497
107.3617
63.2826
65.6825
17.2741
39.3931
68.8410
49.1227
46.4106
61.0420
61.3698
56.1963
98.9050
0.3658
7.7324
289.4817
0.6554
27.6032
120.7187
125.1381
250.1958
10.1763
182.8308
184.2039
23.6568
22.1587
2.3127
181.8707
5.4694
44.1318
42.5129
11.2316
11.5642
330.3294
89.2187
172.7327
95.4356
58.3602
89.9356
6.1923
6.2148
293.1232
279.3238
56.0655
183.1908
87.9161
92.2928
63.4422
55.6421
70.5570
77.6231
12.8574
271.0652
49.5446
47.2985
140.4790
283.6469
52.1567
97.8440
83.3609
71.2809
55.1141
53.7558
185.6224
84.3461
85.9058
293.7603
48.8787
17.8895
42.0564
284.3942
308.0932
330.7698
328.1411
18.9315
14.3614
83.9032
76.4685
68.7411
77.6104
242.2851
97.5250
332.7574
104.0117
358.3271
335.6041
354.2242
46.5508
236.3915
148.8482
260.1605
70.9374
53.7802
83.3591
105.4752
264.2874
18.1688
23.4509
305.0730
133.0527
42.3783
267.3498
276.3801
91.2478
166.3485
280.5448
49.7282
42.7855
34.0865
274.8146
82.6027
26.0906
34.5962
37.9544
320.1243
91.5348
108.9440
124.9427
17.2728
336.0828
54.4244
113.1703
13.1605
57.8394
63.8666
120.3662
228.6869
64.8321
43.3027
61.0374
89.3378
88.8584
51.8887
46.5042
333.5774
53.8905
331.6029
222.7458
54.0996
125.8709
0.1224
181.5612
25.6213
14.9185
90.6789
157.7614
208.8318
167.8482
338.0049
343.7478
73.1752
68.8668
352.5909
3.0129
201.0124
95.3516
279.6133
93.5069
57.7832
80.7003
331.1693
11.1951
100.4405
74.3573
13.5571
256.4478
228.2087
296.9056
244.3937
203.7021
20.3209
25.1238
323.6215
53.8671
43.3512
37.5239
63.7014
193.3329
53.5145
316.4246
63.5555
278.1516
229.1833
174.9557
358.3433
15.6275
210.0355
4.1786
165.1676
52.8054
253.2723
26.6575
89.0904
26.6069
216.4242
10.4249
7.9645
148.1215
265.5514
94.4731
7.1503
47.0702
15.6668
209.5104
215.4024
174.6886
86.3615
10.5912
354.3371
262.0024
121.2125
181.4962
332.9344
