173.0290
177.9215
349.8809
199.3711
359.9932
122.5499
16.8312
16.7848
303.9518
68.0988
100.8164
338.0291
184.5933
142.7621
116.5864
191.0726
176.2475
349.6683
180.0022
289.1558
291.6669
284.7511
98.9080
100.8090
95.3198
204.7378
108.5653
270.0080
235.1039
39.9453
58.7320
65.7847
28.0056
350.1390
7.2146
281.2311
306.6767
213.3748
12.5648
280.3466
27.5271
340.4944
267.5981
64.1248
267.0522
93.5557
139.8735
345.0712
72.8804
226.2351
4.5606
109.8607
352.4190
97.8782
90.0126
328.0792
43.0216
309.9077
63.5259
69.8160
279.8759
68.6370
25.8926
11.3750
15.4192
344.5406
40.6883
58.7044
60.6073
293.1752
6.5285
183.9132
86.6990
89.0157
82.6598
88.7244
175.1355
282.6649
42.5027
321.3208
39.7705
14.8516
2.7650
51.2409
38.4950
62.6722
2.6852
70.5814
86.2373
31.1848
25.4856
23.2030
23.9851
16.5860
55.9902
5.0300
39.7368
67.8273
66.8053
23.8217
23.9085
43.6219
41.9884
55.0535
65.1432
65.6862
35.1622
29.8147
76.5807
79.0203
30.8695
28.8708
29.1433
358.5619
36.4016
27.1633
24.7803
30.7835
50.4905
65.8874
338.0799
32.3588
4.9651
4.2721
5.9748
6.5120
7.7071
9.5198
64.5358
359.3748
65.1971
302.8267
67.7889
65.0734
71.4884
53.8387
52.1364
32.6715
50.3204
20.3914
84.6974
90.2979
77.5311
81.3802
1.7970
0.8794
10.9630
3.1309
34.1334
335.0486
41.4550
56.7761
67.1760
70.6603
31.1813
29.4335
31.2171
31.5144
77.5739
30.9211
24.2541
63.5623
328.7218
35.5969
38.5401
10.4372
9.9981
228.7053
88.2216
24.2793
38.8051
25.1741
28.4512
36.1157
37.2810
76.9919
273.5206
62.9308
64.6930
66.2439
43.1896
16.4353
13.6204
72.0522
70.8922
11.6474
10.6345
38.3782
41.0288
106.1080
333.2881
11.0395
9.1211
172.5170
45.4268
337.3762
4.3456
4.5063
245.4888
99.9973
341.8806
110.4764
80.5279
55.7608
247.5233
323.3181
145.7797
33.4297
48.6678
47.6750
87.8641
91.6846
0.9042
52.7874
53.4031
75.6913
78.2817
90.6039
48.9652
94.5702
16.8365
121.2341
161.9427
18.8732
113.1984
53.4585
62.9871
67.5785
68.2546
68.2217
91.5845
112.1750
84.5170
49.9390
31.5169
67.9637
75.2285
16.1414
50.9007
23.2313
57.0624
357.9822
116.0954
130.9099
64.6217
67.2132
56.5666
45.8254
122.7807
145.7969
50.0354
49.4007
273.4521
105.7638
69.7204
15.5458
132.2172
71.0747
83.3223
67.4650
232.6720
102.2758
216.2491
55.7372
38.6726
152.5185
143.1311
351.9134
199.1460
187.9764
123.8890
204.9575
205.5405
71.9699
80.9043
359.4023
344.7955
243.7754
63.2675
47.9290
167.7709
177.5025
53.6525
293.3130
88.3429
72.6508
238.0647
52.5047
44.6647
280.9685
82.2001
273.0835
6.4869
203.8466
14.2592
175.8004
71.4667
52.4073
271.8402
358.8678
356.4888
35.2598
29.1801
208.1231
73.2560
97.1586
48.4245
279.9754
303.2077
119.9720
304.9785
86.9969
39.3383
59.9309
89.6824
95.1428
86.2629
84.7863
359.3518
10.1936
41.0669
50.9130
54.9738
105.0592
320.0394
21.1414
76.6665
76.5921
35.2608
28.4313
49.2420
51.9849
68.6574
74.5505
64.3559
65.4521
47.6942
53.1602
15.8938
9.2322
74.2817
64.1700
4.0895
1.7257
48.0693
58.9193
1.6910
16.1504
4.7227
208.1619
87.9856
85.4099
10.0209
53.9203
55.0956
53.5265
49.9184
55.8683
60.4517
4.9486
4.2550
16.3820
355.3613
208.4922
37.3150
337.4326
230.3870
46.6877
77.0502
49.8114
49.5727
10.3671
340.3618
30.0245
35.8454
4.2781
349.2022
63.5442
57.3266
1.9681
32.2535
94.1029
67.9423
37.9972
148.0022
84.2194
65.1042
89.0801
7.2167
356.7886
301.4450
27.8941
25.9856
86.4693
10.0347
354.0326
78.5783
64.1583
134.5225
29.2150
29.7586
41.6879
195.4797
49.1945
0.6395
356.9043
358.2708
49.3267
49.2208
183.9228
344.3627
199.2665
214.7217
3.1800
356.3033
240.1994
29.8236
25.4703
22.1368
20.6628
176.0179
307.6869
356.7601
345.8902
25.9134
351.7310
53.0210
337.4985
353.9646
103.3024
13.4725
24.2841
47.3311
23.6863
71.5606
147.8070
2.2983
15.6481
182.7634
161.9679
84.0676
109.3293
13.3390
0.2913
68.0501
93.2157
125.0400
40.8980
161.6504
331.5744
353.7724
334.5799
6.7465
171.1637
346.8559
43.0787
2.0438
65.8902
241.8537
226.3758
52.5995
43.2640
63.0800
61.0356
75.5691
87.6319
83.4200
81.4877
17.2877
82.4256
81.9906
56.4966
57.9693
7.6638
7.6191
44.0338
43.7293
47.9083
60.3374
3.9476
22.7638
44.9464
41.4484
55.4022
52.9756
66.9524
60.6464
35.6032
39.5582
19.3201
19.4151
65.1366
60.3293
1.6388
1.6677
73.8553
64.1925
1.0072
3.5767
33.9714
18.0764
66.8063
69.0175
24.8410
18.7886
95.4598
104.3803
8.9682
17.5156
32.2674
21.1059
10.3984
35.9127
35.0845
61.1706
54.9325
46.0505
45.5548
257.0203
54.2556
302.6727
232.3063
355.3729
9.2253
188.0139
306.7138
31.5794
27.9550
4.2944
3.4856
149.4775
355.2746
15.3009
15.0432
56.6462
54.1564
32.6776
45.5050
23.8674
34.4871
48.0653
94.1461
57.2039
327.3739
58.7065
65.0211
79.1261
87.2880
67.7573
79.7616
82.9503
52.4837
230.7262
13.9344
22.3763
358.7277
357.9674
54.0932
34.9839
31.7158
37.4733
77.4371
79.3801
32.1241
17.6099
58.5474
344.3247
258.2366
71.0051
205.4595
45.7887
336.5771
65.0888
337.0294
106.9525
91.9113
97.4231
75.2649
115.3180
90.3730
16.2583
161.9748
266.1672
269.5404
86.5003
217.2447
271.4095
65.1033
61.5321
251.9157
274.7038
72.5554
155.8299
1.2261
165.2159
52.4914
34.5827
256.2280
32.9972
248.6168
252.0638
146.5965
238.6247
130.4540
33.2132
172.1903
122.3524
230.7177
23.2668
32.7168
66.7479
68.1619
50.5950
61.4397
208.5685
147.2069
12.6737
13.1901
79.8529
79.2384
356.4649
166.5259
93.2278
93.5462
32.8588
33.7073
212.9963
43.0619
79.6289
68.9668
235.5284
235.2284
2.3058
53.1780
76.2319
52.0901
82.2976
57.5280
60.0476
68.8162
42.0336
330.2935
346.1599
79.5264
332.0711
303.1257
56.6478
41.6863
51.2464
75.8103
72.8945
41.4119
16.8948
81.1402
266.5871
68.6122
82.1440
94.0785
280.8095
77.6918
79.7097
45.1817
317.7897
344.9665
298.0195
83.3656
89.7185
18.2188
21.1733
35.6127
181.4207
77.3951
206.4053
60.2049
80.3094
335.3736
149.3626
61.2155
308.2217
51.2378
308.2703
46.0142
132.8810
142.1150
125.7522
44.9810
31.6185
350.1740
11.8074
19.7539
42.9724
62.5348
309.2974
37.6798
111.6622
237.1713
246.2414
60.2356
61.1635
169.6761
109.7864
140.4569
329.7026
17.7550
337.3977
289.7321
0.5450
338.9534
40.3333
359.2443
117.9956
226.2445
58.2712
78.4861
83.1516
57.6934
68.0856
89.2798
84.0893
53.7676
54.9405
92.2337
3.9965
308.8946
53.9339
76.3897
28.4307
149.6965
60.8636
60.2811
60.2259
61.7662
60.1387
101.1494
211.7913
180.6218
320.7158
84.2904
98.7754
320.3065
256.0686
144.8689
343.3244
89.7014
58.9425
60.8525
70.9067
85.3786
268.9632
79.6330
8.7472
3.9664
327.8660
304.2655
23.3944
29.7010
22.5119
318.7205
63.1779
46.1472
290.4208
287.4689
77.1357
14.2740
59.2744
59.6267
173.5319
270.4608
344.3021
341.9597
199.8159
5.2481
2.4870
247.3343
289.4231
84.4776
97.3566
37.6826
120.0716
48.0135
52.7433
93.6837
259.8047
33.9727
45.6252
34.6136
22.5188
24.4805
81.1850
75.1201
21.5634
19.7044
64.3835
71.8393
77.2982
34.7878
88.8644
78.4387
164.8350
27.4898
29.1574
62.6662
67.6877
83.1742
95.7547
52.4084
53.0458
45.7215
81.7515
100.2617
4.6330
3.4128
66.8078
67.6652
32.1718
35.2611
19.0715
18.7971
57.0701
65.8865
74.2438
87.4739
65.0753
87.4543
75.3514
37.0409
0.9334
45.8327
39.3165
37.9288
63.1765
62.4650
61.5625
59.2399
12.2877
10.2378
86.9356
83.3534
47.1804
55.8750
55.8206
56.4513
76.2159
341.3140
29.9612
29.4035
18.3475
21.0953
62.2686
68.2350
77.0828
83.5884
91.1295
58.9900
61.4026
86.9444
84.0796
63.7039
82.5299
51.7047
49.3722
27.2324
80.9694
261.6375
72.4734
77.4843
45.6261
52.4146
57.1265
57.7496
63.7801
84.0168
63.8855
322.7422
63.7021
65.1719
89.1312
89.1906
20.6083
18.6889
88.3131
87.8669
30.5181
25.4656
70.4262
69.7942
84.7504
82.8013
87.5113
71.0100
74.1161
122.8754
58.2387
55.7034
1.5346
3.8769
42.8021
42.1218
41.0681
300.6358
77.6965
72.6134
15.9038
82.5243
82.3156
9.0702
277.9302
65.1760
66.4257
74.1739
76.6516
5.2734
4.5775
7.5271
75.6179
62.8713
21.0211
28.2243
53.0705
150.4621
20.2429
22.9808
19.2473
57.4517
64.9206
279.1648
58.3030
71.2835
86.9923
86.3430
40.5247
55.2652
58.7475
57.4255
80.7651
86.2962
78.7736
90.7469
248.8910
57.1335
59.4688
90.8407
115.2003
38.1215
44.5265
67.6998
93.3829
21.8052
18.5207
78.8439
76.7402
66.6059
260.7033
88.9205
91.3222
69.7711
76.9843
56.1741
84.6699
218.5653
322.1255
66.1410
75.5520
41.0676
303.4066
48.0325
45.5933
55.8947
48.7172
47.7846
73.3937
89.8171
30.9305
35.8798
15.3740
15.2126
81.0261
76.6598
16.4013
357.3002
89.2243
87.0558
24.5812
21.3114
31.6247
28.0497
27.7156
30.6786
1.2921
2.0273
37.3099
31.9275
75.1064
84.0067
97.6024
54.6937
71.2520
359.9088
357.8813
8.2069
8.2703
65.9170
325.4171
73.7818
148.3498
28.4310
56.3919
1.8219
41.5600
35.9579
9.3384
1.9900
354.7861
21.2136
31.9768
22.4703
218.0084
265.8841
21.2200
17.4737
46.0697
226.4181
44.2158
37.5477
66.8649
67.5141
79.1629
101.6180
36.1009
10.3667
19.1489
28.4587
203.1043
11.6488
84.8923
34.3386
59.4493
50.0363
43.3044
41.0201
101.9183
17.4280
0.0333
353.0996
87.4686
81.5500
63.2273
57.2159
2.0149
2.6188
299.8390
272.1027
227.6336
50.0253
48.7926
59.3502
66.8673
11.1742
355.1991
53.1572
51.7003
138.2134
125.6976
5.2114
354.6628
35.8783
344.3417
49.4836
216.7173
9.0072
13.1282
10.9245
3.2170
355.1616
167.8861
223.7928
22.3055
77.0247
99.1177
14.3176
172.2043
316.9865
351.1903
100.4620
270.5795
30.3812
28.4779
60.2350
53.2910
37.3821
303.2323
161.7324
67.2716
175.9077
113.2614
27.2935
59.7715
277.2741
35.3927
56.5243
99.9463
6.2650
328.2335
247.2513
86.0703
267.0881
33.2567
67.0366
214.9280
221.5106
272.6871
171.8485
161.9976
119.3713
132.5190
297.7625
67.7810
82.8858
259.3316
55.8927
96.6921
243.3477
66.9871
128.1994
255.5673
78.4806
267.1602
350.7531
349.0983
20.0493
64.3100
62.4678
38.0753
188.3554
260.0617
74.8686
52.5878
55.9302
343.8263
42.6530
211.9127
223.7114
113.0145
233.2296
8.4457
8.9513
6.0814
5.8886
28.2393
25.8359
13.1139
8.0494
33.3483
64.7161
20.6239
339.3783
9.6436
2.4445
70.2749
80.8403
88.3586
224.6984
36.7392
279.6382
6.6114
7.2485
9.6060
0.3280
2.7651
53.8155
70.3848
264.8629
347.4614
39.9389
74.6189
25.3695
53.2580
33.7505
69.7475
319.5579
87.3304
5.9070
346.8161
217.4807
44.4260
349.7487
298.9160
246.6985
256.4883
81.3331
359.5432
22.2035
174.3828
192.7673
74.1785
153.8314
355.7501
28.3991
23.3936
10.3551
46.2791
18.7343
216.8418
12.1032
12.8195
359.4492
353.4795
16.1184
193.5462
357.9370
23.1993
315.5516
325.4322
4.9133
160.6996
288.6804
180.6714
69.1230
71.2848
82.8714
132.3780
144.8515
7.8550
1.0691
4.1888
17.6912
3.3235
24.4142
196.9799
96.2563
103.3670
299.3813
117.4603
43.6755
10.1809
112.3716
117.2426
40.1759
291.8666
101.7440
15.5682
355.9655
312.2749
43.5372
12.9289
73.5116
289.4079
63.0273
338.0448
351.8112
0.1319
77.1516
2.9526
312.4518
3.5525
2.3289
68.7255
229.2319
122.2155
63.5798
157.4823
243.2989
358.4512
166.3932
185.9567
74.6857
55.4989
76.4070
80.6945
60.9161
65.2257
281.2207
4.9171
23.6826
37.9714
40.4591
103.8732
218.3500
221.0059
31.6728
359.9978
279.5685
100.3794
283.0037
249.0590
48.9992
157.1513
134.3468
82.3491
117.3245
280.7978
102.2366
313.5240
319.8287
29.2465
95.4001
49.2399
257.4439
283.5233
50.5695
325.8234
259.4702
136.9815
7.2661
336.5566
179.9739
253.8316
158.9385
162.5765
129.5085
25.5287
117.7100
224.5172
142.0836
37.6380
259.1822
89.9975
122.2027
298.7905
2.6458
177.1061
238.6601
85.4884
99.1184
94.1567
94.1234
70.4411
101.5943
270.8654
338.3630
273.1757
346.1209
229.7002
342.2646
333.2879
282.6961
59.3351
60.4141
81.4655
80.0498
6.9953
9.3601
62.7797
67.3635
77.8113
20.6922
17.9305
59.2808
59.2504
39.4345
29.2076
2.2502
74.7630
118.6204
6.0776
7.5504
83.2578
89.1736
97.5830
100.5234
61.7530
28.0677
21.4845
34.9047
36.2533
32.1607
19.8686
53.9826
57.3506
55.9384
53.3735
53.7570
41.4052
80.3737
86.5329
68.2600
68.1618
83.3906
87.8368
20.5088
353.0692
54.3486
53.2687
48.1973
70.8645
68.2766
4.7616
356.7146
76.6344
101.6551
54.7650
46.4948
36.5594
29.8774
32.4298
32.7644
27.3066
22.2574
80.9203
80.1651
32.7658
32.9200
59.3149
308.1134
29.5068
81.4018
86.7488
24.1544
3.0320
34.0329
43.8241
21.4677
14.6484
79.7883
9.8531
85.5040
4.6710
356.3120
59.2058
58.9654
46.4225
354.7609
189.3189
35.9849
198.7320
241.3623
202.4669
200.2116
235.6582
38.0583
28.5605
37.9185
42.1038
29.2416
259.8990
3.7082
177.0373
177.9242
189.6096
178.2703
39.2774
227.0356
294.0012
310.6549
72.6331
58.4054
281.4628
82.4264
249.6569
13.2208
350.9139
4.7175
75.2498
104.0652
106.2728
227.6757
148.6347
68.1416
68.2645
162.9413
194.8250
75.0406
73.2576
81.4219
89.7029
36.8913
173.9333
305.4525
180.4288
190.1138
124.0054
325.6537
165.2850
347.2100
49.7626
65.0943
86.1376
220.2207
163.0323
43.6012
52.1860
93.5426
89.6706
65.3241
334.5890
250.6627
62.7045
126.7204
10.7961
357.1123
350.5328
242.4568
95.9569
82.5856
51.8648
53.1762
71.0087
353.0122
56.6508
263.8618
341.9879
71.3226
75.8592
52.1611
63.7445
86.5705
100.5279
283.7013
45.3286
86.5752
289.3357
69.4480
30.4822
263.0418
304.2860
58.4311
64.7375
36.6962
256.5252
71.6090
68.1675
72.9672
59.2973
85.9974
342.5517
299.1739
330.2264
287.7510
249.7721
128.4454
90.6283
248.9789
354.9665
165.0131
48.6850
272.1097
74.2370
102.0072
54.3205
233.5406
48.8741
30.5000
60.6673
169.8768
78.0091
94.6164
6.8814
32.0041
8.4847
54.5141
23.8109
359.9313
19.5504
328.9130
176.9113
260.5422
271.3739
191.0877
333.3862
58.8184
350.1119
289.9271
56.4634
239.4385
44.5270
198.4546
43.5413
105.8151
43.1811
17.8787
33.0251
49.3243
354.4165
11.4452
4.8127
347.1069
110.9918
104.8745
45.8538
18.1524
254.9311
323.7940
332.1241
67.3182
71.6140
70.7256
73.5008
69.7755
73.6170
58.9195
64.7660
122.8446
9.4079
358.8850
334.7405
322.5353
167.9623
43.3705
85.4147
350.8191
343.1914
155.9060
68.9841
45.6303
95.3169
73.8103
48.6452
23.8139
162.4723
47.6748
228.4578
83.3294
105.4544
11.1390
188.3871
21.2829
340.9570
82.4895
77.4608
22.7474
63.6715
75.9937
75.6620
70.4647
48.7628
24.8148
49.3096
77.8095
131.9372
67.2573
324.1495
68.1962
190.2282
43.2458
270.7983
81.0400
56.3995
157.0873
56.1110
38.4663
59.7891
68.4803
45.5851
134.9788
72.3099
67.4257
94.6051
33.8073
247.5845
12.4922
155.0371
26.5368
145.7322
231.4028
233.7656
73.8568
134.6430
14.5001
169.0243
46.6904
203.6346
51.7900
154.2372
238.2460
263.2557
42.1604
65.6738
96.2875
44.0395
181.7903
35.7651
228.7452
42.5735
32.3122
30.5012
218.0475
204.6762
7.9199
276.0537
23.4248
23.9661
20.6981
16.0943
25.5713
17.0889
114.9017
107.3522
12.5543
55.2682
43.8980
141.9685
341.8276
84.7321
76.0980
349.1455
58.6124
323.2177
188.7848
20.2519
19.5490
41.2478
16.7768
21.0535
22.0266
51.9034
5.9327
353.2592
305.8435
316.4885
44.6646
5.6964
40.7506
37.6349
107.1341
48.7146
61.2035
257.1624
152.3277
328.5406
13.8158
28.6709
311.4110
44.1712
48.3839
43.0319
31.5152
324.1209
202.0336
57.0463
131.9169
58.2691
96.0374
35.3200
32.0028
29.4669
307.9455
60.2947
89.2784
253.1760
72.6816
79.5133
11.7225
320.8349
319.3456
258.2574
1.8380
70.2319
71.5190
116.3769
68.8419
308.5911
155.8114
249.3586
150.8957
312.3326
236.6280
200.3006
165.4042
263.4183
53.8902
238.5023
200.1764
262.9203
45.5314
355.7432
236.3345
68.8594
262.0592
354.1065
9.0715
353.0353
218.5817
249.5667
2.6471
200.8096
160.5885
284.0583
154.8465
329.3159
177.5384
331.3862
203.6044
5.5948
93.2623
17.9567
271.1468
187.0031
178.0127
72.3005
237.5911
200.0359
338.0545
151.9426
293.2731
67.1788
265.4892
173.7682
67.5402
89.2026
90.0426
151.6183
342.6926
228.8400
353.2265
191.4363
63.0724
71.1444
344.6004
24.2221
352.4795
187.7676
305.2587
349.0355
85.5208
280.1601
307.6203
218.8449
261.9110
222.8756
260.7288
261.2148
301.1342
133.0433
239.8458
47.9690
37.9195
169.4054
75.6968
22.7467
41.4461
211.0269
280.5558
288.4711
133.8934
66.9015
158.7782
146.7996
309.1352
321.1661
64.7026
36.5002
43.7259
48.1857
48.0786
14.9458
151.8457
335.9940
139.2341
132.5252
221.0326
175.4840
48.1055
59.4943
73.3686
290.2166
80.2690
238.5437
271.0241
90.5062
3.0468
34.4838
56.2580
240.6401
145.5539
77.0385
49.9563
49.9019
85.0569
330.5601
313.7496
328.6827
98.5986
110.2311
156.9128
30.1677
125.2209
138.9714
74.4508
62.7231
112.5302
22.8634
54.3578
282.5139
12.3789
66.0044
286.8268
137.2149
137.5368
38.7249
81.5329
114.9837
329.0683
251.8801
346.6945
330.6420
78.8859
64.8259
81.5151
104.2937
108.3023
306.1410
125.7535
147.5911
82.1939
88.3852
70.3872
285.1414
28.8736
28.4114
37.5435
315.8838
88.6587
237.3851
34.3693
50.1958
94.2319
112.3059
87.3083
88.6894
24.2784
47.7937
255.4929
224.5840
1.9515
2.4224
79.2537
54.8854
246.3595
133.8857
68.1650
107.0770
176.7474
222.4549
258.0183
262.3448
109.9360
116.4891
230.6076
66.2298
152.4663
59.6507
137.0663
163.3068
298.4417
266.4919
169.7116
287.7305
338.9918
87.2941
87.8348
69.1257
113.0542
225.6969
176.4397
345.1945
69.6149
6.8034
266.0912
356.8413
359.9325
176.8370
153.9684
221.2723
84.6503
172.0079
17.4646
355.0395
105.8647
259.3336
63.5624
137.4141
6.5234
11.7793
185.5380
285.2811
40.3887
51.7428
36.3913
77.2590
33.0904
77.7869
323.5947
270.8317
100.9895
218.3976
212.7732
112.5204
5.9530
1.3777
62.9755
355.6538
51.5245
264.8525
84.8995
73.7568
99.1940
51.2224
72.9481
220.4090
89.0937
73.7482
77.3574
302.5141
59.3487
82.2822
129.7879
39.9642
33.7988
198.7206
104.7957
224.0258
77.0131
81.3517
28.7219
81.6913
268.7203
304.4681
277.7799
233.5287
92.1441
124.1352
9.9480
213.9345
89.0746
124.3845
92.4304
67.8326
73.9868
197.1751
157.9574
64.5494
351.1907
331.7398
75.7515
247.4360
72.5099
299.1874
40.4985
186.2818
142.9424
186.3473
346.2027
68.8212
102.5691
315.0101
110.7778
324.5784
85.2476
84.7859
106.1375
69.2245
94.0780
75.3158
116.0669
67.3596
217.9565
204.9708
289.7736
76.4037
285.8899
63.4186
279.2421
187.7384
202.6429
253.9317
238.0965
66.9541
88.4528
295.5785
240.7806
282.2125
91.0512
99.7834
40.5031
98.8059
89.0802
84.3001
77.8568
123.0086
69.6536
245.9615
208.6162
80.6301
237.8685
185.2943
149.0260
90.1784
29.2983
326.8519
202.5025
14.8281
126.7159
62.2378
226.8463
78.0214
221.1024
6.2454
70.9863
79.6895
254.4467
167.2734
48.3231
264.3821
79.9495
98.8560
8.4578
198.5633
254.2357
113.3962
249.1877
58.8094
75.1053
325.2900
81.0405
210.7988
2.0091
44.6052
338.3679
231.2177
95.4493
95.0166
345.1414
161.9007
141.8456
350.9883
284.2012
319.0818
96.3357
309.7763
0.9169
101.9313
301.7804
106.5996
351.9975
306.6832
14.7322
25.0941
10.8479
312.5192
43.7920
15.0533
160.1154
321.2520
260.1805
192.3250
317.1563
171.9914
54.0830
235.6193
88.2094
54.9090
51.5964
176.8524
72.8249
52.7978
235.1166
198.5812
120.1125
287.3816
38.3899
84.0069
75.4283
3.8889
92.7665
252.8202
52.1599
13.0668
206.9243
89.8491
90.8990
290.3320
46.5282
273.9372
221.5956
48.4854
28.6137
5.7709
349.6970
25.9640
247.4513
14.1106
308.6314
339.7296
166.3150
26.8930
6.8147
2.1448
46.5843
74.1515
11.7688
169.3653
46.1673
340.2758
168.8353
23.2018
347.8474
19.0106
212.0852
38.4390
27.0047
58.5718
70.5020
77.0186
296.2355
42.8336
319.9771
312.0785
31.7716
54.7645
278.5583
81.7621
85.1111
25.5590
354.5661
331.0735
74.6408
74.6297
48.7072
221.2018
8.3708
165.3420
294.5072
210.0768
358.0521
15.4747
325.9588
269.3889
83.6880
176.7444
229.2906
266.5429
21.7381
93.8735
91.5648
358.7766
124.3476
166.6059
284.0028
94.2442
358.3166
3.3855
7.3946
312.9665
359.9100
18.1015
87.1711
227.0878
359.7555
207.4452
234.6951
356.1265
355.8727
150.3406
217.6727
168.6449
117.6944
265.6524
262.1277
162.5278
195.0227
78.1225
323.7364
299.4866
251.1158
354.3692
19.3615
2.8516
281.4675
34.7820
229.4877
288.9648
195.5676
267.7155
39.2451
78.3238
119.9015
60.5477
41.6015
99.0250
115.3652
171.3966
348.1169
79.8008
81.5501
42.2792
22.9895
156.7849
159.0210
257.4448
252.2815
317.2471
102.3189
326.7336
29.3411
329.3697
141.4066
89.3850
1.6721
47.8891
266.9967
147.0663
249.0678
278.6244
288.2621
20.5379
71.4344
259.4121
92.5589
92.6650
265.8102
70.8566
140.3171
20.1755
3.2971
167.8223
116.0801
87.6194
356.9992
59.2963
59.5968
62.4345
291.2980
99.8506
110.9596
179.7157
10.1391
263.1715
71.3536
122.9337
158.7412
174.3145
305.5833
140.4427
70.5802
343.4680
293.1367
205.3757
200.7562
249.6495
302.2714
67.1605
93.3285
359.9993
170.6064
177.3494
269.7536
21.6325
93.2531
180.8630
339.3572
45.1560
132.9176
109.4044
328.5184
343.9086
51.9309
150.8603
354.8860
228.6009
266.4061
92.0268
25.1848
308.7518
18.6656
295.6920
260.5766
24.2699
90.2142
196.6235
116.2161
311.4119
287.3228
179.5639
192.3363
17.6603
354.9168
344.9341
29.5195
82.0700
70.6763
2.8352
192.3074
23.0836
124.0673
80.4635
54.5941
332.3680
104.7037
270.0000
25.6025
98.0881
93.4996
85.1533
104.7394
172.2689
23.4337
12.7508
351.1986
65.6003
74.3304
17.0344
38.6271
39.0515
59.0905
228.5522
73.5480
62.3577
17.1740
253.6107
69.9544
75.1931
15.6742
5.8034
89.9092
66.2687
27.1874
24.3364
25.8713
181.3367
52.3781
78.4146
71.4706
233.9477
247.1725
83.2713
94.9898
355.0076
4.7260
81.7592
0.0946
149.3723
114.8578
47.0756
78.7931
85.6752
279.7167
20.0162
59.3198
46.3422
73.7862
84.2802
74.2432
179.7955
67.1778
266.7333
87.1274
166.8479
96.0129
0.1692
64.4851
322.5635
308.0052
203.0275
228.5651
238.9293
97.5344
197.1792
329.7317
313.5547
246.7585
296.7320
18.1353
18.4434
85.2193
171.7119
359.7419
102.7873
265.4019
283.3294
84.0683
77.6620
293.0945
198.4208
295.7862
5.0888
308.6705
278.4184
74.4664
270.7529
258.8277
60.1888
1.3060
115.3380
262.2377
207.2419
287.1682
76.5644
125.7589
103.6165
285.1295
91.5794
70.8178
159.6047
117.2836
124.4646
174.4511
154.0691
175.5030
65.9564
120.6346
289.9145
52.1972
234.2037
13.8954
85.8413
65.5088
247.1527
219.5198
218.1291
158.9504
351.6611
42.0677
21.0194
35.6950
346.8943
125.6307
250.2864
283.3422
247.0878
307.7348
118.9055
340.9944
125.7589
187.7969
187.9082
210.1380
239.2990
291.0319
292.3796
67.7878
317.2306
56.9667
178.1079
185.7846
57.6310
61.9251
210.3096
6.4641
30.1034
29.6284
69.5614
66.4641
10.1536
0.7476
27.6394
0.5558
0.8552
63.3328
62.6561
65.0095
62.8351
69.3283
61.4683
31.7263
33.5818
43.0269
44.3313
57.4477
60.1442
358.2725
17.5437
53.7748
58.1174
17.0290
17.4225
26.7744
16.5398
42.9523
43.7148
37.6079
41.3811
39.8184
53.5932
68.5070
68.0964
45.6327
44.4615
61.7982
68.9316
325.3115
30.8882
28.6766
313.1463
353.7720
18.6829
18.9592
38.4412
83.7031
91.4870
134.8250
19.0335
3.9675
31.9631
162.5583
78.3985
84.9993
25.0330
23.5655
38.8165
38.0887
82.4804
91.3239
25.8900
22.4209
87.3272
88.1930
25.4744
27.2117
11.2002
6.6294
8.7051
1.1155
2.4170
51.1696
70.3569
29.1688
62.7383
69.9434
73.2677
5.2057
4.8285
41.6595
48.3647
37.1312
262.4047
21.2873
68.6703
72.2949
95.6086
47.7954
89.3496
81.4179
55.5342
40.7945
60.6286
149.4160
76.7464
7.4280
2.1704
37.2053
46.2008
23.8990
27.5947
10.7905
8.1101
81.2057
80.3384
36.3997
37.1897
60.0105
40.5060
34.3225
97.5645
38.4604
40.5276
121.4270
22.2536
20.7864
163.5635
36.0217
31.2679
181.9118
36.1140
66.8745
67.7903
33.0109
15.1132
78.9507
90.2983
68.7729
60.7938
225.8682
144.1615
274.7605
165.5934
339.2376
66.9773
308.3405
79.8259
223.3477
50.5690
57.2549
57.8062
43.7393
17.5933
168.4115
23.1744
204.6003
42.0142
40.6140
88.6361
29.5853
27.2748
46.3877
353.8409
25.0549
22.4770
15.9217
69.1133
279.3129
14.8241
49.3300
1.9176
13.5414
6.1628
10.0570
14.5582
265.6026
65.6247
65.3902
72.4426
68.9392
72.8792
2.8730
0.6533
21.8488
21.2656
43.2475
57.4371
37.9419
38.0593
9.5461
16.8022
24.8855
357.6354
54.7592
38.9861
294.0985
60.0479
72.8967
63.1805
56.0802
14.3160
322.0004
180.5965
180.5044
63.3556
63.5535
87.7188
5.1844
6.4686
214.0849
77.1963
282.8745
57.0886
357.1474
103.6756
9.3773
81.1726
27.4389
21.2944
89.5056
89.6583
161.9313
84.4943
88.8434
91.4290
57.5104
95.0094
57.0200
60.5459
58.0483
329.1305
14.8271
48.6004
55.5964
55.6917
5.1317
85.8944
89.3780
64.8346
65.9135
63.6161
87.1481
29.7930
30.0528
65.4592
54.5816
60.6198
141.2063
41.3343
89.6838
56.7781
335.8148
73.3819
74.6920
50.0966
115.1763
250.1951
62.3594
77.4999
64.3545
67.9190
77.7901
76.7862
250.9854
106.3301
188.3432
183.4941
68.2501
117.5419
12.6371
17.1050
22.0932
355.9541
19.8900
301.7224
52.5458
18.8928
62.8355
63.3665
68.6326
70.1540
68.8777
17.4963
279.3027
34.6918
194.6199
62.4719
55.8582
166.9466
249.3666
338.0183
357.9464
342.9187
307.0651
18.3209
75.9066
91.8511
91.3467
78.6842
64.7735
119.1894
140.2452
37.8764
59.4325
47.7381
64.2252
198.6795
234.8885
185.1735
55.1197
47.7675
107.6965
81.4523
279.5429
67.2918
301.7272
104.0495
101.3511
94.4624
234.4732
257.5982
290.2214
147.0489
69.6588
295.7332
43.9998
37.8757
40.6931
39.7649
55.9472
7.7617
18.8560
272.8000
60.7751
69.4564
184.9667
295.4346
59.5066
74.6192
215.5759
70.2278
62.8066
23.4201
7.6983
115.1215
15.4052
90.4244
344.2340
329.4380
66.4253
70.8301
197.8733
112.7562
22.2029
87.4588
122.3120
132.3641
60.5984
133.8213
154.7956
48.6967
39.8227
279.4094
346.7861
243.4731
67.1129
72.1694
19.2868
335.9425
21.8211
213.1033
210.0471
171.8778
33.1776
161.0991
63.5483
259.7328
100.5238
64.6284
344.5664
29.1581
214.0539
276.8243
279.7971
192.2163
231.8822
37.7806
46.8272
93.4295
55.0820
313.2647
19.8398
54.7561
318.9339
224.5061
285.0118
320.6217
333.5302
21.4095
106.2265
130.3041
58.4470
288.5493
269.1468
130.7017
149.9109
71.9395
63.3267
63.8855
88.4309
58.1588
107.6031
145.8075
212.1698
251.5112
134.5159
79.0818
265.8887
69.1889
39.0771
39.0114
75.1299
46.5579
107.9180
324.1854
354.6150
331.7394
93.5058
40.8379
36.5306
3.5265
5.4754
252.1521
49.5844
98.2306
0.6096
60.0735
18.0137
96.5986
24.3000
11.7905
11.6859
345.1038
64.0654
59.8207
89.4302
39.7274
237.4766
19.7509
58.1791
54.0920
359.0988
359.2378
173.8512
27.6478
51.5956
52.3542
21.9684
61.6671
51.2477
12.3342
91.4983
173.5663
190.0762
227.9689
314.4558
9.3783
29.5088
39.1344
85.3400
91.5689
107.6986
66.3245
72.7555
100.7659
62.0439
2.1700
82.5261
85.6830
35.8478
36.7284
64.1934
87.6940
66.6577
311.9952
26.2394
29.6459
51.3850
339.7255
14.1735
359.5848
86.7905
102.3875
33.6761
25.2837
197.0229
69.5479
155.9513
27.3043
14.3746
28.4641
147.5928
25.0140
188.2810
187.4879
22.8932
317.6921
359.1569
240.4813
5.9186
183.6316
16.0957
102.8320
33.0422
54.0441
30.1120
0.8445
27.1858
299.1362
331.5070
155.1729
53.6546
86.7000
87.4774
34.0857
57.9241
72.2536
78.2562
69.9325
9.6481
81.6141
47.5029
48.2368
45.7212
60.3267
13.3339
17.8313
63.2960
60.3566
55.8924
53.3416
41.7771
40.4697
5.8982
0.9903
5.3469
4.7771
63.2618
64.2276
30.2216
22.1043
65.6314
116.3205
19.9409
23.4724
10.6943
10.2286
71.9993
72.7320
11.5184
14.6302
152.7907
83.4634
84.4744
19.0310
174.4817
318.7581
48.6472
47.3851
59.7847
58.4424
53.3865
86.6517
0.2084
0.9725
44.4570
2.8079
29.7521
25.5685
241.2266
218.4992
186.5347
180.5557
151.6094
25.3233
24.5938
3.8274
4.7803
18.8390
11.1448
49.5864
13.2191
12.2815
52.0584
88.3004
267.9087
97.7037
63.0963
89.8816
6.7626
5.1924
232.2195
288.1921
56.7085
291.0019
87.7949
89.6737
61.3204
53.4002
77.0720
75.4260
6.9703
277.6123
63.0941
61.0013
161.4232
281.6612
51.3189
107.2926
96.6537
74.1370
54.6001
58.2552
86.1987
85.1709
88.7341
89.5231
277.6252
14.5615
18.6157
292.9222
334.1041
195.2700
219.8110
24.4530
21.7962
84.4987
70.5864
246.5512
81.2000
75.8676
73.2007
316.3860
348.6087
306.9464
330.9223
91.5415
199.1086
292.8532
100.1933
82.9914
205.3753
151.4724
74.6377
110.6596
264.1589
17.6097
20.7010
100.4387
254.1596
37.8777
76.1635
298.4286
170.5523
166.8637
268.5045
12.5871
12.7758
355.6606
52.3499
81.3883
202.6779
31.6359
38.6977
303.7211
88.1920
105.9073
118.2685
32.3476
323.9062
74.0904
103.4695
16.6722
72.0396
303.4531
132.8959
99.0825
59.9035
37.6839
85.3007
89.8952
101.4950
50.5928
230.6031
346.8436
44.8286
321.9656
94.5978
57.0647
90.6233
2.0846
19.4332
21.5267
10.5014
78.0742
350.3815
264.2932
171.4205
327.3758
335.9786
72.3484
58.9431
9.3824
338.3942
273.9071
174.3944
274.7098
101.4518
331.4302
238.9531
340.1799
165.6169
91.9603
56.7589
198.9574
266.4860
235.5948
289.5548
229.0167
320.2050
22.7171
80.6982
272.5740
59.7488
13.0466
69.9826
97.8325
170.7172
68.5065
307.1771
18.6234
261.3609
227.5518
176.1096
357.7546
16.9273
207.0579
86.5939
269.2637
68.9565
79.9273
28.8901
86.6274
25.8517
212.3215
9.1349
15.8635
57.4038
93.7039
112.7746
19.0168
56.9606
8.0496
89.8586
186.6168
334.5699
85.8513
9.1647
356.5400
258.8919
145.1843
146.6110
284.6049
