35.2722
25.3773
329.1840
236.6370
180.0044
44.5377
16.3383
16.3006
272.1741
124.3217
167.6350
257.2453
271.2486
35.6862
93.7802
359.3080
185.0041
234.6281
179.9991
32.9299
230.0508
233.1860
304.8679
132.6505
90.6424
10.3129
154.5465
270.0260
30.7678
353.0201
61.0499
139.8302
85.3802
34.8339
42.6529
312.2922
359.2903
221.8377
7.6210
227.6567
19.3272
326.7803
268.6957
103.6169
247.5232
85.8657
94.1027
109.1942
90.5133
139.9868
4.1871
50.9824
0.0345
355.5541
270.0301
228.0206
59.9487
57.6025
45.4934
40.6109
96.9124
61.6728
26.3199
14.5017
285.9955
9.4454
357.2040
60.1340
58.1625
249.5376
74.0473
86.6604
85.1170
85.9946
71.5923
61.6740
345.4437
281.8776
30.9729
8.8139
45.3367
18.7223
357.7816
59.2418
34.9127
7.0840
4.2110
3.7882
358.7400
29.9519
21.6719
19.3325
66.1099
108.2228
55.9370
19.2260
211.5720
76.8015
73.4918
11.2314
16.9449
51.9260
51.7066
55.0687
190.5992
213.7534
30.1899
34.0680
51.5285
35.6300
9.6518
37.5623
46.4097
36.8629
116.9152
80.1954
46.8330
50.6072
48.9269
63.9501
0.0843
11.9963
0.0354
359.9400
2.4419
3.5822
5.7769
8.9448
22.6000
26.3287
71.2610
63.1249
22.1896
44.0715
75.4784
242.9234
49.7773
328.8503
96.7344
51.9357
22.7231
47.6280
74.3705
76.7813
12.0818
10.6837
7.1057
7.9249
3.4706
28.2523
50.2751
56.8695
69.4124
69.2457
27.6961
19.8393
42.5924
39.8313
84.1241
26.8441
33.2889
85.0609
272.7138
35.5608
38.9322
14.5762
5.7584
270.9578
218.1030
20.6042
21.6501
30.1923
17.7802
23.1138
20.9478
0.0431
87.2011
88.7591
146.9219
284.1658
3.0867
18.0312
16.3220
71.4728
78.0616
13.4634
11.9858
48.9160
42.6185
39.8247
42.1764
24.4887
19.8458
197.1695
43.8206
47.6688
5.8175
5.5989
336.7202
241.1456
358.3364
0.7900
71.0098
13.9980
45.5487
236.3602
132.9185
63.1464
45.3152
49.3825
86.1026
84.3335
166.9771
62.4022
67.4797
70.1707
70.8809
88.8703
52.8914
53.8966
17.2429
77.8683
246.4524
12.9972
62.2049
48.7758
46.7136
69.7755
71.8400
76.5848
79.4113
71.5220
67.7124
71.4099
36.6796
102.6336
115.1957
59.5205
73.8463
28.9643
35.4546
17.9612
62.3713
38.1859
66.3325
68.3637
62.1653
80.7491
239.4527
33.9030
271.4851
98.3046
257.1150
80.7618
172.1255
124.9576
121.7081
343.6468
209.0970
248.6496
189.7729
281.1700
12.7789
318.8851
76.1217
209.7914
51.2517
45.0131
57.1984
238.7421
295.0908
172.0878
196.2935
60.2364
70.0560
163.5958
230.4301
228.7046
258.8569
51.9981
34.6214
59.3835
49.1257
337.7762
87.2688
113.8841
45.9526
53.1136
70.6339
51.9131
86.8236
85.3658
242.0372
265.4601
9.4848
357.9132
48.7391
80.8158
201.7933
1.7627
2.9158
30.7922
26.0162
15.5833
63.4046
57.1207
38.4607
30.9036
13.0180
215.0109
13.7195
37.0437
111.1141
66.3928
85.9928
86.4925
86.7605
72.9830
344.5893
166.2130
96.8060
70.0534
73.3946
216.8145
16.1947
17.7711
308.7233
342.0817
38.6032
58.1013
34.7160
137.7873
49.1470
26.2195
67.9594
70.8527
13.1233
39.5056
282.8632
300.8351
25.4651
222.5755
8.9886
4.1653
57.6463
60.1228
180.4659
185.8141
2.8682
141.0284
89.1372
91.6362
17.1876
45.7068
44.5064
58.1734
63.2469
50.9322
51.9877
171.3795
25.6381
28.2371
316.8625
209.3158
60.2497
163.9010
77.7606
30.6615
198.6066
45.1721
144.3246
358.7585
5.4902
11.4759
8.8993
356.6599
327.8580
129.8914
96.6738
356.4693
12.2061
44.0314
32.7475
42.9427
347.4677
116.8090
231.4406
40.0383
36.3401
110.0251
232.8359
31.0669
38.5939
21.0558
16.3370
339.5139
76.2775
236.5902
70.2054
24.0247
21.5217
218.1963
1.3316
222.1716
222.1387
126.5334
14.7473
44.4551
52.6702
196.4907
182.4904
220.1452
105.3834
59.0682
88.8954
109.3904
41.0834
32.5727
10.4270
348.9767
69.4186
202.4342
152.6197
46.7926
37.8220
359.4686
128.1652
78.4529
33.3527
39.5764
193.1042
20.2767
4.4013
16.3057
31.3043
112.0199
303.2955
160.4312
7.9803
332.4735
103.3500
118.8262
19.3162
0.0489
359.7078
353.7418
21.8670
262.5856
48.5257
127.4818
350.7813
338.1436
42.8742
62.5917
320.0826
141.0871
242.6525
56.7104
37.1955
277.4486
12.4033
44.6779
105.6048
4.1450
39.9138
88.2575
346.9961
4.6399
327.5415
291.8393
98.7927
5.2934
11.0496
3.1388
355.3431
356.1356
30.0799
23.0116
39.0637
37.5389
69.2064
44.8466
155.4653
43.5348
358.1601
115.9012
210.0522
344.7586
5.8002
11.2173
18.7304
88.6903
319.0400
356.5034
356.0652
130.1283
60.9941
265.6382
280.7287
34.7283
349.4166
69.1000
73.0878
38.6663
9.2035
17.1287
71.2029
76.5291
53.1705
21.4234
24.4977
11.0985
31.2418
25.6351
201.9243
81.1714
49.5138
43.4005
233.2858
81.7824
90.2551
79.7368
201.7233
192.6889
116.5696
70.8842
357.8650
355.4823
7.0842
7.7994
75.1181
261.4140
8.5033
351.6224
279.7680
264.2290
61.4480
69.1730
256.4156
238.1903
43.7208
263.7560
349.3076
98.3104
221.5158
41.8855
263.0457
83.1887
0.2383
83.0498
76.0495
29.5814
194.0082
3.2854
8.4824
165.6999
355.5008
54.6913
53.5415
295.2256
302.2809
78.3290
86.2688
222.1582
137.2529
54.0094
46.2815
30.0801
218.8644
345.5290
44.3878
39.6786
282.5076
115.1752
327.4438
105.5407
63.8123
81.8837
164.9326
90.6155
46.7340
60.7922
49.4766
68.8151
186.1377
187.3638
31.8651
259.9277
196.5416
252.1538
324.4883
70.3699
239.1482
10.4414
343.0020
67.9380
69.7472
310.5738
9.8133
239.8994
70.4930
179.1012
301.6675
167.8617
332.2016
277.9989
73.7763
246.8771
297.6067
22.5567
60.4278
60.8832
86.6368
94.3697
73.6802
357.2312
353.1244
183.9419
54.2282
84.6232
98.3129
184.7923
87.6822
81.0449
45.0091
41.2893
166.6810
226.8592
47.7935
65.6547
251.5388
83.0076
3.2825
59.8817
70.9028
77.5601
32.5895
69.0469
59.6465
51.5262
64.5599
60.2411
29.0042
58.5903
125.6764
52.9127
59.5019
282.8387
49.0862
61.6862
55.6170
61.4793
66.7409
71.9349
282.7365
72.3146
268.8913
153.3879
19.5524
98.4060
96.5408
61.0723
316.1787
9.8509
2.0922
89.5580
94.1525
40.2667
15.0581
23.3161
140.3694
55.5809
162.8273
58.0438
313.9195
309.4264
345.9688
236.6012
98.4002
52.7276
102.3374
220.6825
235.7909
93.5214
150.3281
205.4603
82.7867
15.0611
14.5591
41.9922
196.3168
12.5724
296.2592
355.0954
358.5232
83.3477
133.3480
55.2508
58.5152
305.2944
94.0890
175.3400
188.3261
346.0679
80.7796
156.4554
0.3485
171.0691
88.7425
356.5244
186.4947
64.6605
50.2263
84.9387
82.4242
63.3518
71.2291
89.8670
79.3516
53.4883
102.1692
163.7883
30.3876
38.2480
8.3606
175.9912
71.9848
307.4771
41.2707
92.9513
351.1369
40.2810
84.6065
101.2820
46.3939
194.7898
215.7584
232.7195
73.5466
302.7827
26.0590
236.9512
314.7557
78.2738
70.7579
64.1310
76.4215
88.7248
265.8945
73.8622
23.1389
266.4843
180.8439
173.6288
4.6335
28.3900
41.8753
243.0226
186.9074
196.8706
249.8487
264.3492
316.0154
209.6383
58.8904
59.5969
192.2888
184.2086
189.9703
162.2371
159.3527
357.3764
357.2100
20.2048
190.7561
89.5093
82.3064
39.2088
283.9593
32.0276
110.1260
58.5773
43.4595
9.4841
82.5607
89.2960
33.5562
73.7425
72.5284
91.6264
27.2656
169.0035
43.7962
10.5350
16.9800
21.0354
87.9502
80.2424
128.9902
174.0759
17.6940
66.6519
67.7174
79.5306
45.5069
293.9785
21.7503
343.8206
31.8411
48.7423
110.9172
104.0990
64.2460
71.1290
28.8007
7.6850
348.4447
20.7942
253.8148
65.9673
38.7976
61.1172
105.4192
291.5341
95.4283
170.4380
4.2656
63.0599
42.4795
44.4779
357.4974
356.3826
245.7934
65.4151
21.6251
38.4340
144.1502
209.0148
31.9050
45.7629
41.8258
42.2432
270.1212
190.0271
30.9688
26.6482
10.9552
14.9722
70.5054
70.9245
53.1051
334.6001
62.9279
298.1228
51.9507
346.4609
46.7029
27.8676
23.9996
344.9264
31.9754
10.2142
42.3408
62.2746
58.0116
54.4570
78.2488
244.5813
73.0349
66.1907
198.3038
25.2917
64.0172
173.1039
56.7342
57.0870
90.5963
71.4629
16.6109
14.8260
60.4629
8.4975
21.4686
19.1951
160.1636
7.9534
65.1908
60.5278
188.6389
32.8997
22.2769
126.0904
64.9161
68.5091
4.8171
3.7100
86.5950
47.3332
33.5686
147.7068
74.3844
91.9183
46.8981
73.7271
78.2250
46.8546
87.0463
60.7821
58.9121
48.1992
53.9278
356.2401
13.3930
16.9236
53.4070
68.8221
22.9690
34.0210
74.1002
94.2423
15.0922
17.3724
216.9335
47.4978
96.7955
58.4506
99.5535
90.2976
89.0421
90.9790
2.7362
20.7572
74.9194
69.9414
45.3586
107.4834
92.7693
56.7681
92.3044
79.0805
78.4336
74.0223
93.6049
36.0730
39.5846
78.5174
68.3240
26.8336
200.8301
81.0940
72.2853
63.1925
47.7700
216.6491
213.9119
72.7327
78.4768
60.7693
238.3397
218.2977
115.9037
352.3678
76.9047
28.4521
14.7034
207.1552
27.0927
65.6934
238.8863
263.2024
10.8004
270.0353
37.9541
31.6552
200.7302
357.2932
88.3101
98.0541
11.2279
287.2091
89.8429
89.2333
9.4924
43.4140
47.4762
44.1006
15.2371
266.2156
27.5849
17.1135
24.7378
35.8520
257.9617
79.7096
79.2084
270.1749
306.3663
5.4030
17.6116
8.5453
9.6115
54.1630
9.2155
39.1882
31.7779
21.8036
23.0135
239.3541
41.4992
32.5174
357.6047
13.8892
213.3097
202.8629
13.4685
1.4841
201.3515
71.9838
23.1047
26.5847
15.7451
258.2064
5.4801
41.8827
71.6553
71.0962
53.9812
64.7351
93.3441
98.9048
202.7807
22.7782
266.6523
7.7284
88.6252
77.4003
232.3415
39.0490
48.4863
39.7078
24.7043
15.8667
1.8987
10.2644
88.1975
91.6967
68.4492
84.4737
354.3274
353.0305
272.0057
340.5395
186.7767
19.4620
29.6998
59.3833
68.9448
15.0724
14.9385
55.6316
47.0982
38.7660
63.2676
9.1434
333.9964
30.1421
102.4403
23.9724
56.1208
5.3168
2.9257
6.0776
14.2383
9.0546
10.9809
273.0112
261.5365
323.7276
38.7733
6.3765
286.6545
9.1542
7.7553
64.4200
92.1375
30.8983
25.3868
58.6961
229.2994
39.9369
29.5524
1.4892
131.5430
290.9200
255.4829
87.1987
201.3642
42.4710
96.2812
54.7736
67.1903
16.0070
10.3882
40.0292
176.2884
223.4221
58.1626
253.9823
68.0406
249.4687
90.6400
184.1894
156.7451
279.9931
280.2629
290.3050
60.3596
9.8430
280.4769
49.5425
62.2100
221.2743
9.5332
325.7251
293.6652
94.2631
259.7617
205.5466
76.8295
104.7131
44.5894
115.0330
143.4357
222.3294
65.3190
270.1665
55.3539
56.1002
12.4040
350.4008
4.1115
282.1783
52.9637
3.5210
21.7597
43.6228
0.9161
5.5562
29.6565
31.3317
1.1925
5.2413
20.2252
60.4267
331.5944
90.2170
96.7251
81.1725
70.5485
73.6964
315.1124
91.7409
39.0808
270.8054
346.9478
325.8156
7.1282
359.2896
33.7536
177.3015
259.4598
262.6793
39.0252
53.4895
71.6415
31.5561
43.5465
79.6531
245.4241
11.8397
206.2298
20.2854
2.8188
46.2866
44.4956
6.2802
34.3860
235.1537
1.2966
357.9175
0.0913
6.3238
73.1506
153.2666
347.8362
0.9436
357.8922
28.6721
10.6043
310.6568
36.4312
196.5784
122.3535
33.7632
34.5861
0.1014
3.0526
32.4386
0.0683
359.4932
9.0519
79.9626
112.8703
38.9063
51.1011
31.4191
48.2598
63.5962
81.9107
82.7406
123.4299
37.3209
324.4608
1.9372
29.3134
12.5509
356.3485
164.0504
229.5601
264.4533
270.2801
332.1456
154.6722
45.9884
19.3369
202.9665
57.5495
67.7856
324.8736
354.7523
355.8412
331.3362
256.7825
40.2757
195.3657
338.8112
326.1957
228.8155
159.2260
356.3588
187.6164
96.9654
59.3081
205.4804
10.3471
356.9336
249.4256
97.6872
42.1429
32.0633
205.1039
264.3642
18.0824
143.2688
153.5826
144.3617
31.3958
45.1999
56.2047
53.4215
49.9520
217.7121
113.9941
214.8696
164.1827
132.5501
101.5456
56.8800
288.0820
271.1658
179.9999
39.3089
106.4849
250.7776
228.2181
208.7320
147.7271
28.2298
149.6636
184.2116
312.8547
88.2600
111.9612
210.0117
22.4901
62.6854
175.6183
281.5933
117.2131
33.8431
235.3513
350.1718
54.0455
60.5677
290.7671
180.0046
51.3877
176.2201
347.3277
296.4317
356.3811
285.8760
319.2584
166.1239
26.8914
238.9996
89.9720
119.8176
29.1127
359.9791
91.7495
159.3175
63.4218
180.7316
92.5566
88.1294
179.0165
69.8179
190.3408
321.8569
266.7009
36.4946
271.5198
339.2913
346.7547
294.4102
48.7858
17.3313
183.2554
142.0680
67.2961
265.8100
63.2957
66.6377
129.6291
23.0940
209.4431
53.8090
53.4577
3.1556
356.8340
28.5560
218.2569
47.9376
0.2327
20.8312
78.4620
90.3650
60.3007
312.2305
113.7892
40.3943
21.4837
26.9465
35.0336
31.4527
15.7367
47.6515
90.7391
190.7460
58.5517
47.7393
41.7056
16.0581
211.0593
66.8988
73.2362
87.0737
94.1738
28.2138
211.2882
50.6723
56.5361
36.9185
64.3849
69.0047
16.8956
349.0076
30.7387
34.2562
43.2139
45.8715
44.9415
38.2066
37.3842
33.1113
26.4681
25.2313
81.7573
94.0063
27.4579
24.6183
69.2106
4.6402
33.8090
264.2211
86.4815
36.3758
29.4743
54.9050
49.8765
201.0017
17.7771
86.1623
22.8362
85.2175
194.1468
241.7403
64.1174
58.3841
48.5022
309.4361
9.2634
37.0372
34.9688
252.8894
207.4407
5.6339
245.1181
230.3899
16.9327
142.5478
52.5084
22.0136
74.6411
9.9714
6.7499
188.3179
183.9730
336.6604
49.3402
51.0088
265.3026
279.3706
267.0959
33.2183
101.6541
81.7907
46.1492
81.5423
359.1363
214.2381
321.3658
33.0230
17.1489
108.4808
221.5704
5.5546
73.1925
116.7100
305.1306
68.4152
74.1633
50.8762
39.7411
38.0639
71.0505
4.8799
4.6677
359.9161
136.8209
244.9520
11.4189
298.4969
111.1119
145.4704
41.8195
5.9517
44.3013
94.3355
45.8079
80.0890
65.3890
52.0846
227.4586
13.6110
156.2456
271.8332
37.9058
25.8314
353.3752
17.9650
79.2242
79.2524
42.1583
55.1903
67.6061
27.9474
161.1732
171.1863
12.9415
340.8785
80.1846
70.2900
45.8520
87.5223
65.7877
333.8066
36.4052
271.1522
122.9892
16.5960
60.0451
55.2499
41.3755
72.0447
247.4395
63.1572
285.7388
73.4621
236.3746
90.3328
72.9953
234.1097
67.7998
29.3057
359.2097
4.2851
199.5079
316.8503
240.1805
288.8516
13.7554
12.9902
45.9981
223.4374
70.8601
110.2760
14.2408
61.9440
304.6289
239.2294
63.9680
111.8288
81.3472
125.6304
82.5396
39.6618
162.5293
182.0360
0.1693
359.9920
40.7211
65.5218
28.4398
192.6386
56.6965
24.5624
30.9078
61.4438
75.9122
253.1985
165.2302
225.1410
9.2972
173.2905
22.8647
153.0279
57.5969
128.7466
36.8321
39.5703
359.1049
6.8900
6.3468
47.9797
216.1746
31.0304
53.9357
14.8311
12.9428
87.2523
66.9980
59.0363
61.7430
73.8686
77.3397
53.4418
69.7736
18.3914
68.0982
58.3198
18.7506
218.0235
221.7241
299.2005
73.1661
8.8063
94.1826
89.2435
50.9759
53.3053
46.0313
50.9358
207.0219
76.0231
66.2145
74.3230
70.0023
52.3497
302.0845
81.2815
251.0330
10.2417
9.0343
5.9219
12.3681
81.3644
80.1252
334.9394
62.9207
66.2024
267.7319
67.7580
54.2686
30.8716
8.9244
80.9350
88.4614
53.3487
49.8125
66.0692
59.6997
40.6798
273.9868
31.4435
39.8417
62.3126
47.4763
37.5798
62.5788
70.3631
62.3705
57.1862
71.7484
67.9559
81.7496
62.7200
66.9488
13.7789
193.0280
59.1117
66.9850
358.7266
359.3794
59.9036
60.5879
16.9955
17.9944
57.3930
62.7557
59.8449
94.2465
81.1465
343.1328
236.9775
76.1161
266.2818
105.7693
28.2963
18.5296
345.0524
41.4852
333.8712
32.0547
169.7738
11.9009
180.4983
234.2621
355.4489
246.2111
12.9529
4.6997
5.9848
193.0592
325.7719
42.4657
4.9463
38.8877
34.0912
22.1214
28.7027
69.2812
75.4273
7.8403
200.8515
231.1387
11.4469
21.7773
88.1335
10.9177
23.6083
177.9718
22.2564
23.1567
351.5741
78.4557
72.0185
8.7622
24.2117
332.4484
169.8077
139.2030
128.4009
43.5246
59.5731
62.2584
350.4642
194.3605
32.7776
43.9608
331.6010
61.6042
66.6598
98.7905
54.8347
127.4785
247.1724
231.0209
147.9059
73.9386
103.2451
65.4685
193.4789
53.7891
48.6783
54.0784
53.7538
56.8633
183.0781
244.5027
26.0971
249.0920
261.6555
263.8749
150.6036
64.3304
50.5427
316.3815
142.6484
139.8751
179.5902
31.4412
86.0762
322.4451
251.5662
75.5713
342.7783
209.7515
9.6120
235.1991
355.4237
291.8987
57.5663
203.2043
231.6829
68.4168
70.0854
6.4106
4.2747
348.7818
131.6594
258.7838
191.9840
28.4712
285.2970
102.5374
186.8007
41.0647
177.1406
12.9502
66.9592
17.5303
285.2886
50.3489
275.2918
48.6976
50.0110
28.9286
64.1052
33.5109
106.8362
97.4217
109.8255
73.2639
289.7608
359.9819
75.9806
95.1540
89.2996
167.3002
167.4420
305.7180
2.3159
159.7061
62.1991
62.5570
165.5094
4.0387
180.1221
194.7861
301.3321
275.3129
104.0259
51.2589
10.5517
176.4772
74.2044
201.5643
81.7157
93.4188
307.3406
258.9621
235.1456
4.2296
52.0404
123.6947
84.3239
15.1189
11.7745
125.2130
327.1774
244.2017
328.2724
38.8275
164.2109
138.4189
230.1841
322.4382
68.7072
39.1782
46.4708
49.7278
49.7603
20.0899
108.6042
145.0238
98.7169
351.1664
88.8707
179.0000
71.1304
280.1057
233.1091
85.7573
85.5630
31.5770
288.0958
93.7767
7.5825
344.5612
2.7492
239.2296
135.4912
55.3775
112.1524
46.4615
31.3843
74.2518
207.8439
298.7203
110.8941
243.5983
302.7078
48.2755
88.9369
268.5435
217.5899
91.9396
168.9316
18.8574
45.2538
281.2040
16.0366
18.4905
321.9043
313.1274
29.0542
217.5408
82.3117
72.4435
355.1701
34.9838
10.8007
1.7013
290.5410
90.9173
86.5266
95.8955
115.4462
193.8964
161.6387
175.4419
157.4794
83.3448
84.3692
73.4792
26.5421
15.0055
275.1174
52.8327
92.2913
57.0331
56.7410
54.8863
74.7408
87.0697
84.7608
83.5203
56.6219
111.3192
65.9900
353.1173
359.7994
358.5069
74.5753
64.8767
27.3021
348.9346
216.0876
293.3152
208.0360
229.3978
85.1835
280.6585
297.1945
86.2673
237.7932
81.9933
36.4774
43.4885
17.6296
327.5581
129.9981
281.3836
359.8105
286.6612
344.5948
89.6903
94.5291
70.9164
92.6858
121.6948
47.0762
178.2371
76.1432
83.0858
267.0762
13.0178
335.4042
158.3597
66.1744
100.6026
85.0795
297.5060
197.3485
344.2530
87.1840
71.8273
52.4421
246.4159
56.9801
38.2616
24.5141
100.3608
43.8430
63.1387
118.0339
88.1809
16.9776
63.8245
48.1389
162.0395
113.6684
5.1845
85.6125
82.0910
11.4722
233.4183
98.0951
334.9253
76.5129
279.3089
75.0293
68.3681
99.4106
53.0150
82.8665
199.8174
95.1819
60.2922
37.5070
296.6329
57.1564
71.6381
30.9210
185.5964
17.2977
7.7117
193.6977
225.5324
260.5775
332.4452
32.8939
84.4525
325.8772
148.7561
84.0177
84.1975
89.5004
107.8577
30.8927
10.0473
77.3969
39.2098
72.1545
87.7489
94.0134
189.7715
138.7411
185.5264
352.6577
20.1704
67.9343
63.5208
43.4720
121.0374
25.3624
188.3933
27.8450
330.6559
352.0242
67.4739
69.3672
211.2595
233.2034
315.6741
75.5562
66.0612
72.7366
66.9514
75.9333
69.9429
117.0912
87.0427
208.3870
33.9058
307.2175
65.2181
147.5952
93.6511
139.3284
8.3754
9.2250
282.7995
53.1329
57.8213
59.7359
54.8320
258.0577
287.4450
55.8226
15.0526
67.0724
92.0924
89.1228
265.8682
241.1969
191.6167
115.0934
56.2372
41.1728
87.9681
44.0829
72.1430
165.4902
78.4996
76.9410
333.4046
33.8823
41.3140
1.8801
119.7927
231.1436
84.9568
293.6335
211.7064
73.4269
84.6187
35.8754
167.2360
57.8737
50.3097
84.7536
82.3976
8.9340
108.1382
262.8364
93.1610
124.9903
60.0236
69.1194
264.9663
81.4283
110.2291
338.2453
41.9552
25.8798
211.0175
82.4396
71.5926
250.9543
354.9480
33.0146
285.1036
70.8837
239.9155
80.1225
85.2309
21.6869
76.7854
328.0959
232.8195
23.4461
76.0104
277.1906
137.5897
31.1402
234.0081
55.7517
62.9893
123.3640
334.7166
85.5729
82.4854
83.4739
329.6349
230.7316
246.7464
254.1441
37.8860
11.8468
43.0038
27.3381
192.2359
298.4717
143.3716
167.2531
269.1674
117.6582
82.3445
287.7260
42.5374
289.6546
270.0229
45.0869
337.8741
91.5578
273.2377
96.1735
294.4764
334.8758
31.6316
198.2926
76.5853
41.0871
0.5474
61.8496
33.5055
244.1320
299.8001
115.3271
279.2247
82.7685
30.8173
8.4270
202.5046
50.3004
67.7997
10.7283
250.3916
44.0489
164.7020
353.7711
1.9866
13.1297
43.5469
43.8672
227.5984
27.0333
56.3986
85.9295
305.4305
62.8929
260.2200
100.1375
337.0368
203.4031
49.5602
157.5138
89.3298
85.9287
15.2019
181.0842
16.8606
80.5199
72.2935
46.9859
94.7265
347.6471
184.5282
285.0030
83.8117
179.9770
9.3895
86.2149
216.7864
96.0793
231.3874
63.6697
29.7329
13.2823
101.5148
270.3865
190.5373
243.9087
153.1498
325.9676
56.6654
157.1820
319.2721
359.7704
280.6503
359.3640
254.7883
91.9414
235.1405
357.0349
334.4154
90.1572
183.5548
168.9448
149.2276
246.4150
183.3432
77.4995
89.0889
200.0033
294.3748
124.4382
65.9978
273.7822
96.7533
108.7876
340.8827
51.5180
10.4469
290.9189
8.6487
342.0958
71.8559
357.0425
97.1139
216.0614
72.3941
279.6715
264.3369
309.0846
190.7087
3.9806
301.4685
335.7165
82.8219
80.8544
45.9305
30.6492
49.5382
118.5321
64.5418
83.6182
304.0601
156.2787
331.6290
22.0800
333.8736
163.3732
91.7766
4.8381
3.4011
6.0160
250.3438
208.9748
88.7145
85.6467
232.2914
238.0605
193.8221
268.3938
84.4532
84.6573
70.0560
271.4823
35.4304
16.5107
117.6617
275.1304
267.5933
359.2872
15.7819
75.3204
95.7205
327.6058
86.6791
112.1808
7.6572
253.6275
120.3345
134.2777
110.8814
95.1145
249.8778
324.1411
193.9422
114.8352
354.7473
279.6357
169.9960
220.1442
271.5738
280.8121
28.8155
94.8284
179.9992
186.0664
17.8726
89.6493
296.7193
165.1159
10.0477
277.4827
216.8160
248.3508
39.9464
210.4968
0.9721
18.5661
171.2272
329.6412
275.9102
196.6701
80.1452
2.9045
198.3020
350.5113
308.4489
277.6329
35.1990
112.4082
12.9333
125.2155
77.2350
81.1920
48.0770
201.4618
56.7870
45.1126
332.6085
24.6889
280.5476
64.9190
359.0258
17.4812
181.2252
99.3061
111.8137
81.3707
21.9597
5.4349
90.0000
288.9347
113.7250
243.0304
81.8324
243.7157
204.1005
38.4377
177.2456
158.0398
21.0891
68.9657
1.4510
39.0984
83.7663
37.9144
64.9477
135.8157
236.7238
355.5755
345.0733
66.6660
276.1388
213.2312
212.1757
314.7713
53.1095
29.2363
17.7676
350.3398
39.2391
60.1025
280.5219
66.1551
69.1810
63.8313
239.8598
324.5797
9.1917
11.7404
9.3873
15.4809
25.3454
37.6079
279.4294
258.7559
78.1140
14.0011
23.4403
58.3490
78.0961
92.5668
240.6677
77.1684
71.2957
11.7613
266.0314
259.6241
206.7165
142.5245
359.9635
221.6326
29.4366
5.3989
129.0639
231.6057
239.5516
58.0975
220.7951
207.9627
98.7798
271.1870
330.8651
36.1933
79.7905
95.8894
169.6304
200.9625
105.1863
102.7158
260.3784
73.8763
84.8069
318.6319
350.5567
94.5739
192.5025
351.7341
345.0378
56.2538
237.3991
225.8859
156.1613
269.9625
94.0216
241.1514
42.4946
286.7395
235.5969
256.1843
330.8345
94.9038
64.0415
173.7170
169.5581
150.4537
349.0866
168.3641
132.1798
190.6446
8.9079
96.9265
240.7900
39.9696
233.4566
1.6384
14.1821
67.9116
10.9844
61.4358
174.6514
39.5834
71.7151
49.3204
32.1982
336.3744
23.9029
231.8665
280.6013
211.8610
38.6974
159.7772
270.1825
343.1992
157.7359
148.2533
223.0977
332.6466
124.8946
129.5163
61.9517
222.3905
287.8382
276.2160
193.2998
174.3644
246.4938
121.2941
177.2102
76.0229
103.8167
50.1922
48.6480
37.0725
15.5690
0.5153
24.1935
358.7530
3.7336
74.0576
70.2282
92.3644
356.6326
91.7667
35.3669
320.4034
10.5296
19.2745
39.3123
31.1293
17.4961
355.7949
32.3532
50.8017
273.1418
45.0093
80.8720
292.5971
252.1108
52.8850
37.1389
201.2491
52.3615
50.5760
106.6740
95.2124
89.9859
45.6748
46.0996
34.2325
14.1353
64.5787
6.4617
25.9686
266.8056
151.5007
181.4789
182.1640
228.2500
42.3576
134.8210
115.3559
24.6010
194.5050
87.6636
295.2273
51.8120
241.2936
47.2861
40.6744
26.3657
31.2728
76.4456
72.2115
41.4811
27.8254
72.0748
74.1599
20.7426
18.9109
18.6437
2.2465
1.2330
327.4043
336.0980
53.4426
77.1851
228.3055
74.6565
75.4608
63.0851
6.5719
9.6708
66.0261
79.6097
326.3641
28.7803
197.6654
313.1709
56.0352
85.7121
356.8840
54.6017
22.5575
57.4070
34.2446
76.7613
90.9550
75.2865
171.3349
178.7291
37.8824
47.4345
134.8118
73.8547
9.6317
6.3826
86.2364
74.0750
2.0652
327.8580
49.9120
359.6058
135.4633
96.0977
105.0516
153.8606
21.8497
21.5914
15.6180
167.6929
356.4948
17.5027
271.6932
343.2272
66.3413
63.9554
312.8122
26.6135
90.5625
89.1660
65.5656
333.4117
225.2613
104.6871
69.5063
68.8973
105.8056
272.9623
308.7468
97.1452
16.5674
66.0219
77.1260
32.2406
357.9782
92.1350
55.3764
4.0405
15.7090
45.9189
48.3946
90.3228
3.3250
3.0564
268.4603
313.9730
19.8939
36.8725
19.4428
71.2836
99.0205
36.9883
159.6626
195.9881
17.1459
196.4838
185.5842
193.2741
237.3553
68.2889
71.4872
75.2320
59.4526
340.9928
6.3451
4.7885
6.8639
356.1285
6.6191
16.3708
213.1348
207.5784
356.8103
13.9164
24.9710
14.3702
55.9198
19.4954
210.6414
3.0793
186.3621
28.3615
37.1947
358.9988
9.6980
37.4088
41.4045
67.9141
62.2601
356.9950
5.1476
3.4467
299.0231
71.2709
295.8842
29.2217
47.4899
97.6012
239.3017
6.5918
271.1057
347.5025
118.3489
84.9158
113.9204
193.2170
141.8446
74.3451
43.3009
39.4736
58.4149
56.9943
268.2706
137.7379
312.5979
101.7374
297.9925
83.3477
6.0915
102.5183
271.7277
76.1472
63.3399
201.3058
81.0276
11.1179
340.7599
160.8317
201.6964
11.3694
325.1003
197.9582
272.5653
80.0730
216.2439
59.4302
67.6876
64.8286
48.9547
61.7690
62.1525
53.0776
63.2173
69.0123
81.1894
79.3070
285.4196
79.2555
6.6615
359.8999
82.7275
271.1751
51.6831
57.3688
3.6627
13.0819
334.0590
199.2074
340.1749
96.5628
67.3444
65.9787
165.9987
171.3642
98.6939
99.1232
73.1270
43.3914
22.8644
207.1452
130.7772
201.2150
296.0979
4.7041
0.3446
6.1735
338.6515
331.0357
89.0216
48.4439
273.9758
43.2498
59.1208
60.4326
264.4223
201.0745
83.0343
254.9787
359.5335
2.8248
221.8718
161.5693
5.6847
66.5740
311.8186
266.0012
85.0922
330.8399
346.0500
127.8420
124.1871
271.9962
327.9313
184.8482
209.8843
63.1578
139.6288
74.2687
78.6711
40.5855
59.9764
11.4622
341.8223
21.1535
159.8319
236.3222
330.6463
59.0054
216.9945
89.0606
64.5778
75.2954
184.8990
250.3903
258.3187
5.4941
209.4988
95.8554
188.8088
91.3283
100.8585
36.4122
71.8333
268.2603
75.6530
164.7195
203.5007
280.4645
20.6323
343.1745
57.8493
5.5812
154.0651
359.4747
344.1068
256.7159
181.1971
169.2366
241.5292
67.1008
349.3529
312.9500
149.2287
206.4348
207.4780
11.2153
27.2526
190.8620
76.5744
91.2152
137.2169
177.9018
176.0943
30.3657
199.5619
241.7984
320.5878
28.0129
158.7274
355.6247
95.1229
119.2058
47.3969
302.7333
84.5104
80.0786
10.8655
251.6672
9.6346
187.5657
300.7480
25.2886
30.7398
81.2679
18.3714
48.7326
282.2369
45.2984
140.3672
65.5225
79.0628
60.1838
90.4482
13.3279
236.2117
56.4270
41.1001
73.3335
57.0741
67.5311
89.8850
269.3406
34.4839
179.4324
73.7478
59.9888
298.3969
108.5438
2.9546
352.1471
86.2288
35.3211
30.3315
357.3582
2.6903
241.4288
121.5294
58.7624
0.2487
96.8852
317.5603
252.0682
25.4594
179.5703
9.9612
222.3636
53.1859
50.9599
353.4052
24.2723
60.5663
256.9386
111.9228
145.0495
358.9573
1.9415
349.1086
274.5329
55.1889
37.0571
169.9293
51.4838
1.6498
27.8770
105.6064
184.1005
25.8734
103.8116
128.0490
0.3460
10.6336
44.7357
208.2138
200.5007
321.1076
89.2565
15.6394
89.1912
28.3309
1.1713
95.1006
75.3514
59.0828
36.3809
235.1771
87.2744
60.9371
74.7174
199.9078
194.0708
38.1551
32.9538
18.2294
0.0509
80.9898
78.8906
23.6675
36.4091
329.5482
263.4592
13.2735
202.3852
15.2500
210.8375
40.6832
20.9427
251.2535
172.0831
20.2528
346.5309
194.7815
270.4385
165.0257
25.9067
339.0274
191.9283
30.3912
54.8768
112.2874
95.9952
108.4231
248.3433
61.0693
237.7417
44.1685
84.7782
159.5745
352.1148
42.4084
48.4374
91.7278
325.5652
94.9167
13.2780
28.8376
6.4188
40.9182
73.8394
184.8436
182.4715
67.1142
229.7543
53.4754
51.5219
299.2630
260.8536
4.1333
6.5163
325.9859
261.3829
23.8462
46.8213
31.0811
12.9871
71.1305
90.3436
37.2725
29.1177
6.9297
6.0164
76.6846
78.9021
11.5611
78.6253
48.4275
56.5384
31.8069
26.1907
21.1435
161.7857
74.2134
33.2041
71.3022
62.8635
51.4171
44.0676
337.5332
22.8404
286.6722
172.7618
22.3289
64.4451
89.2879
253.1077
45.2840
51.4421
132.0613
2.9432
16.5635
355.2567
355.9914
41.7402
53.8166
284.9126
335.2520
235.9653
77.2069
274.0830
47.6962
85.7859
110.7170
90.0063
1.6670
8.8960
237.9596
172.0964
56.9593
67.1090
85.6186
294.5295
343.2595
318.7889
164.4773
93.5010
31.0275
327.5773
227.3499
324.2163
14.6712
95.2100
58.1667
17.5739
66.6962
293.7893
58.0647
64.3649
143.5499
138.9005
88.5156
302.1147
55.9940
134.5495
356.9138
305.6359
295.4026
316.5845
116.6524
33.4671
224.2473
89.7922
88.5198
282.2895
311.6952
136.6780
97.3334
331.9046
113.2126
340.0047
218.3508
80.0448
338.3640
155.8482
156.1039
41.2993
283.8183
238.1251
20.1916
25.8680
78.5647
20.3339
345.5979
246.6004
137.2509
234.3503
271.4228
265.9692
186.1859
159.4267
284.8603
59.7192
42.2711
4.5324
38.9439
100.5914
20.9644
51.4551
291.4877
265.7337
274.1637
104.1123
108.8836
101.7324
297.1918
189.8993
105.7334
1.5726
66.6264
79.1892
87.8250
4.2025
70.8028
53.3147
55.6369
91.7567
90.4650
57.7042
34.4502
269.5696
108.4617
305.3055
59.5327
63.2684
107.9897
3.3051
183.5980
26.2193
356.2363
181.0600
7.0997
194.6320
121.7399
343.4393
306.6597
60.6014
47.2834
5.5540
33.0813
33.7562
199.3240
311.1210
84.7743
100.8317
196.8277
6.5058
19.1140
80.3241
216.3850
26.2010
247.1137
333.3405
107.2377
239.9744
115.0045
55.0351
16.4262
333.7793
85.7956
95.2455
24.1527
79.1914
270.4216
76.1549
312.2389
185.1729
145.0626
215.2843
7.5483
337.1915
21.3732
14.8336
36.0586
316.8767
66.0965
267.7484
22.5663
80.8897
22.5012
51.1920
23.7429
16.4114
18.5216
336.9451
204.8053
12.3551
53.8742
20.4431
173.5442
344.9500
163.1631
95.0950
9.3992
183.2095
267.2681
300.0956
212.9064
322.8079
