35.0836
25.2479
328.5550
235.0868
180.0038
44.1737
16.3323
16.2946
271.9271
124.3553
168.4387
257.2079
271.5709
36.1257
96.9880
359.2926
184.7065
235.0583
179.9992
32.2938
230.2936
233.2542
304.6071
132.1546
92.2271
10.1581
152.8208
270.0220
31.3249
352.9256
61.1073
138.5043
83.3006
32.5162
42.4516
311.9179
358.6280
221.3044
7.7981
228.6414
19.5282
327.6730
268.6830
102.9337
247.9175
85.8875
94.1309
104.9993
90.4075
139.3919
4.3601
50.3237
0.0792
355.6385
270.0277
227.7858
60.0200
57.7146
45.6524
40.8676
96.9352
61.7365
26.3521
14.3384
290.1138
9.3733
357.1099
60.1304
58.2800
249.9990
74.9338
86.6479
85.2137
86.0826
71.7264
61.8302
345.4675
281.7945
30.5681
9.8717
45.1273
18.3998
358.2426
58.2810
34.7253
6.9851
4.1595
3.8362
358.8531
30.0270
21.6227
19.5072
64.9596
107.7634
55.9610
19.3243
211.8788
76.0547
72.5794
12.4558
16.8349
51.9436
51.7483
55.0629
189.9173
213.4593
30.1420
32.9410
51.7520
35.2588
23.7053
36.8181
47.0800
39.6617
113.3585
79.6909
46.5976
50.2292
48.9306
63.9578
359.7488
13.3797
0.0443
359.9521
2.4874
3.6703
6.0484
8.9740
22.4547
26.1331
71.0637
62.8771
22.6748
44.1861
75.3321
241.7857
49.9088
332.7794
93.7959
51.1926
23.4725
47.5572
74.4274
76.8506
12.0408
10.6196
7.4687
7.9527
3.7162
28.5055
50.2489
56.8948
69.2057
69.3236
28.5657
21.6087
42.2280
39.3667
82.8700
26.9162
33.3222
84.6218
273.0972
35.5285
38.9036
14.2774
5.8883
270.8506
218.3137
20.7625
21.8419
30.0877
18.6502
23.4890
21.3136
1.9937
87.1993
88.5926
91.3742
283.7556
3.1128
17.9750
16.3715
71.0572
76.8270
13.5037
11.9294
49.1416
42.6318
37.5180
37.1286
24.4033
19.6265
197.1351
43.8629
47.7303
5.8115
5.5769
338.8538
287.5233
358.4309
0.8368
71.0287
14.1866
45.7725
236.2165
134.4081
62.0670
45.3048
49.3686
86.1787
84.4338
170.2684
62.3351
67.4010
70.1934
70.9358
88.5357
52.9861
54.0240
17.4032
78.1274
244.4372
12.9762
62.7050
48.7578
46.6809
69.7730
71.7390
76.4854
79.6345
72.0017
67.7392
71.4553
36.6387
95.7582
112.6356
59.2374
73.4044
28.9898
35.5280
17.8635
62.5866
38.3908
66.4457
68.5264
62.1938
80.5738
238.8927
34.3479
272.8486
96.2766
260.8082
80.7632
171.0103
100.6920
121.9503
343.6272
212.2045
252.9207
190.1817
281.0987
13.0801
325.9217
69.6161
214.2786
52.4809
44.4772
56.7401
58.8498
294.5825
172.5249
195.0293
60.8369
69.4298
161.7719
229.9425
228.1879
256.9550
52.2474
34.7107
59.8593
49.0601
335.9097
87.2972
113.6687
45.5999
53.2202
70.9234
51.5856
86.7961
85.3809
241.6719
86.0453
9.3756
357.6931
48.8685
81.2284
204.8798
1.7374
2.9091
30.8858
26.1657
15.5918
63.4289
57.1313
38.4970
30.7762
12.9669
199.2944
13.3123
37.6102
110.6912
66.3931
85.8820
86.3220
87.0616
72.7394
344.9830
166.5024
96.1196
67.6581
72.6093
90.3669
15.9796
14.0920
309.1513
343.6974
38.5711
56.4705
34.9801
132.3421
50.6462
32.7501
67.5998
70.8328
16.3864
39.5553
284.9573
302.2657
39.0744
223.6128
8.7815
4.2937
57.3135
59.8663
180.3669
185.5222
2.9739
141.3894
89.0335
91.4479
16.6930
45.5747
46.0415
58.6169
63.5413
50.9991
51.8890
171.3967
26.0364
27.4940
321.5011
209.2730
60.1105
163.6554
76.0896
30.7666
198.2215
46.4156
138.6494
359.1978
5.3789
12.8014
9.4533
356.8605
329.9156
128.1114
96.6468
356.7634
12.4742
43.2889
31.8816
43.1538
348.8201
116.7290
230.2440
42.7213
36.3176
109.3977
236.5872
30.8836
38.1797
21.3419
16.6199
344.9777
76.4324
236.6005
73.8620
24.0359
21.5911
218.2242
1.4663
222.1813
222.2215
122.1072
14.7348
44.6534
52.5283
196.2013
182.8593
219.0807
106.9382
59.4031
82.5574
108.6113
41.3570
32.9705
12.9448
350.6046
68.8217
202.6350
131.3239
44.5695
37.3345
1.6088
126.8050
74.1500
33.6147
40.1628
193.1434
21.5293
6.4139
16.1415
32.5042
108.1954
318.2444
159.0484
8.9547
333.4498
101.8762
117.7303
20.7305
0.0733
0.9988
354.0377
24.1480
263.5768
58.1095
127.3877
351.7340
338.9373
42.6264
65.5615
321.0964
140.4349
242.5253
59.0053
37.3436
277.3073
12.8599
44.4614
103.6703
7.2852
45.2003
86.6889
348.0505
5.3707
327.4689
293.5955
97.8468
5.2458
10.5001
4.6685
356.1476
5.3565
30.1128
23.2226
39.2039
35.7483
58.9939
44.8193
149.1232
41.7585
9.3788
106.5431
209.0760
345.3561
5.9175
11.7568
18.5923
87.0528
320.0722
356.5426
356.5798
127.0526
60.9811
264.8384
279.4001
34.7801
354.5029
69.0949
73.0097
38.2184
9.2452
19.2691
70.5808
77.1294
54.1725
21.3834
24.5076
10.9912
31.3190
25.7437
192.2634
79.8390
49.1436
43.4454
233.5159
81.7840
90.2606
79.0857
201.3665
192.5280
116.7184
70.8431
359.1074
356.0215
6.0918
7.6915
73.6914
260.9158
9.1173
352.6182
280.2556
264.5239
61.0317
69.0219
256.2105
237.9999
43.6315
263.5831
349.2119
97.5214
222.0634
42.9250
83.0432
83.3239
359.2037
83.0724
76.1885
30.1374
196.2363
3.8054
8.9352
166.7198
355.8110
54.7155
53.4512
299.6373
306.2505
78.7697
86.2277
221.5569
133.8688
54.0985
46.3580
29.2044
218.0778
349.0253
44.3916
39.6740
292.1490
113.9678
327.6442
102.9487
63.7953
82.2474
161.5195
90.5656
46.3551
60.7059
52.3543
67.8054
186.3379
187.8862
31.5455
263.8635
193.6265
255.4534
322.3294
70.1029
191.6333
10.5146
342.7736
67.8531
69.6102
317.6346
10.8334
220.1526
70.4515
179.9739
299.5947
167.5132
332.3909
278.3547
73.6050
246.7967
297.5306
22.7726
60.6417
61.2647
86.4761
94.2338
73.3132
350.4253
354.0339
183.1473
54.0023
84.5860
96.0516
184.8179
87.4633
81.6194
44.3558
41.1300
166.9553
226.8529
49.9443
65.9011
251.5305
82.5017
3.2589
60.0605
70.7365
75.6256
33.1695
69.1786
59.2600
51.5381
65.0308
61.0462
27.5829
58.5791
123.5240
53.3216
60.5338
283.3374
49.4822
61.8010
55.0320
61.8915
66.1615
72.3065
280.2839
71.2336
268.9681
139.6616
16.1306
97.8677
95.8136
60.8725
315.5618
9.9948
2.7126
89.4468
93.9005
37.7143
15.6821
23.2718
148.6832
51.2184
163.2751
58.0312
314.8073
310.4274
166.2579
237.0209
99.9245
52.5649
101.9165
220.7051
235.9895
104.3160
150.8222
204.8816
81.9482
13.9715
11.7426
39.1589
197.1405
13.5022
296.6513
355.6748
358.5134
83.2851
134.2513
55.5062
58.5245
304.6555
93.5835
175.0235
188.6129
341.4335
75.9176
154.4639
0.4528
170.6494
86.7853
357.0377
186.7308
64.2337
49.7407
84.4674
82.0485
63.3179
71.2134
89.6517
80.1512
53.3298
100.1135
160.8912
30.3660
38.2086
9.7517
176.4010
59.1421
307.5643
41.2535
92.8498
358.4754
40.6453
84.3930
101.3195
46.4175
194.5796
216.1554
232.8315
74.0458
303.7864
28.0692
236.0518
315.5570
78.2703
70.9282
63.8948
75.8051
88.5349
265.9727
74.0653
22.9029
292.4419
180.7485
175.6753
5.5806
28.8852
42.6267
244.6298
187.2370
197.6040
250.0932
264.4324
318.4093
209.9675
59.1831
59.4605
190.8478
184.0834
189.4832
27.1345
158.4532
357.8251
357.4036
19.6368
187.1469
89.5090
82.4497
37.8892
283.7722
34.7892
108.4305
57.7488
43.3636
9.4011
82.2754
89.0304
33.4280
70.3740
72.1337
87.4641
32.9595
169.2325
44.9243
14.1933
18.6339
21.0198
87.9439
80.2870
132.6474
171.9893
17.9051
66.7800
68.6186
78.9999
49.3726
301.1257
23.1597
349.4259
35.3048
49.6148
107.5083
102.5290
64.1966
71.8291
29.3096
9.8719
350.6198
20.6024
254.6925
65.3495
42.0571
61.0636
103.6485
292.3719
92.4110
164.7330
4.2957
61.7957
43.4192
44.5048
0.3232
359.0779
245.7247
65.2813
21.6359
38.5175
136.8586
204.6790
34.7262
47.6740
42.3085
42.7623
276.4888
188.2822
30.9309
26.5658
10.9815
15.0049
69.5961
70.6445
55.1846
336.9457
62.7458
295.8324
53.8842
354.8998
47.8991
31.3214
25.2765
346.1775
31.8746
10.9050
42.5224
61.9872
58.3392
55.3926
74.4408
245.9176
72.5791
66.4559
198.2728
26.0251
64.4038
150.1527
55.9758
55.6141
90.6218
73.0842
16.8282
14.6647
59.6099
11.7930
21.6133
19.4463
157.5782
9.6873
65.2538
61.3840
180.3956
33.3707
22.9265
126.4320
64.3145
67.6134
4.5450
3.9607
84.3401
47.5356
33.7895
135.1691
74.4210
91.3796
45.0440
74.3530
78.0191
42.3941
87.0272
60.5079
58.8437
48.5672
54.3564
356.7862
13.3543
17.0558
53.3231
68.7271
22.6852
33.7512
73.7636
93.9949
15.0861
17.4230
216.8889
48.2497
95.5064
57.8771
96.6194
88.7349
88.8751
90.8073
8.8043
20.8007
75.0224
70.0516
46.9052
101.5859
92.4794
58.1663
89.1018
78.3196
77.7015
74.0932
93.2843
36.0225
39.4090
77.9322
68.0515
26.9012
35.3954
80.3483
71.6579
63.0975
47.5827
216.0747
212.5962
72.9175
78.8654
60.8771
238.5239
218.4554
115.7383
0.0986
76.6689
28.9815
15.0651
207.1418
27.1282
65.5410
238.4623
262.6764
11.1964
270.0340
37.4993
31.6380
200.4722
7.8317
86.5315
94.4664
11.6335
289.0000
89.6258
89.1862
11.4227
41.1392
47.6303
44.0032
16.4244
271.3772
24.9281
16.5233
25.5714
35.9900
258.4676
79.2356
79.1342
275.0906
315.7721
5.7390
17.5843
8.4752
9.6007
53.4347
8.2747
44.3272
32.2645
21.6787
23.8111
239.1189
41.5475
33.1567
358.0782
13.7834
215.0211
203.3371
13.6998
2.4179
200.7047
71.7608
22.8092
25.7639
16.7256
255.6683
11.5159
42.1003
71.7606
71.4960
46.9530
61.2245
92.5340
99.3060
202.7250
22.8925
266.3965
7.7780
88.5923
71.1639
230.4019
39.8223
48.2935
40.0182
24.7269
15.8753
1.8349
8.5592
88.0845
91.5007
64.1549
80.5917
354.7123
353.8110
272.5815
339.8328
187.1232
19.7382
29.2712
58.5777
66.0758
14.9340
14.7641
55.5447
46.9409
38.6405
63.3095
9.1271
335.6828
29.9754
97.4769
23.9539
46.9748
5.6154
3.7215
6.2602
14.6658
8.7023
10.2749
272.7016
261.2909
325.4528
37.7931
6.7463
287.3402
8.8018
7.7499
66.1488
88.9227
30.7377
25.9087
58.7679
49.5320
40.6405
30.4299
1.6246
131.2938
290.8041
256.5482
82.7819
200.2814
42.3287
96.2038
54.7752
67.2552
15.8541
9.9157
40.0447
176.1123
226.5738
56.8792
255.4844
68.1447
249.4713
92.6487
183.0026
154.9331
278.9171
279.7158
290.3907
59.4118
15.9587
280.3423
49.4126
62.1853
221.5166
8.7513
327.4303
293.5207
93.4071
259.8470
205.6394
70.5853
101.0119
45.3190
114.1199
143.3782
222.1275
65.1515
270.8595
55.6327
56.1367
12.4470
351.7849
3.3487
281.5335
52.9951
3.1041
21.6414
38.6029
0.7272
5.4373
29.7564
30.8267
2.8726
5.2459
21.0249
58.0847
340.1423
84.7522
96.1806
80.8541
70.4792
73.7781
322.9097
91.6775
38.9377
270.2397
349.5302
329.8489
7.6478
0.8871
34.8171
176.9283
259.5145
262.7706
39.4533
53.5108
71.4877
30.1250
43.3992
78.6480
244.8741
12.8166
206.3806
19.8138
2.6992
46.3565
44.4993
6.3041
35.4735
235.4068
1.2367
358.1274
0.1180
6.4538
71.4527
161.9873
358.6443
0.9771
357.9921
28.2550
10.9685
310.4124
36.5906
196.8439
124.1688
33.7753
34.5680
0.3237
3.1481
33.3366
0.1534
0.5180
9.2935
79.5508
113.1318
38.9160
51.1055
30.1825
44.0129
64.3372
80.5941
82.7050
121.5938
37.6876
331.9356
3.6440
27.9282
12.0031
356.1450
156.8334
228.5806
264.4759
270.2860
331.3997
155.3097
46.4694
20.1332
202.1330
57.4323
67.3637
332.8927
354.7796
355.7803
331.6799
256.1938
40.6645
195.0534
338.9570
325.9405
229.6291
159.7723
356.7694
187.4548
94.6326
56.4469
205.5251
9.7640
357.3590
251.0596
97.8512
42.1752
31.9429
204.7266
264.2948
18.1058
143.4822
153.6831
138.1856
32.5833
45.6291
56.6401
55.6934
50.5252
216.4411
114.9570
212.9120
156.5586
127.3516
101.5194
57.9262
287.4651
271.6890
179.9999
38.8990
106.4746
251.1811
229.3204
208.1949
147.8864
27.9275
146.4747
184.3629
312.3144
88.1632
111.1647
210.6675
23.2470
62.7959
176.1849
279.0563
117.2159
35.7733
236.4355
340.8851
55.3671
59.9421
286.4326
180.0048
51.8684
175.9039
347.2686
297.5625
356.8477
285.5147
319.0883
166.0269
27.2746
239.0816
89.9720
120.0471
27.3103
359.7897
92.2904
175.0251
63.9239
179.5619
92.2877
88.1543
157.4068
70.7331
189.6608
322.3161
266.9379
33.6662
269.5170
339.2350
346.0313
294.1705
49.4320
18.2679
183.8014
137.9151
66.4273
263.0868
63.4178
66.6555
99.4725
22.7915
210.5432
53.6881
53.4900
3.5017
358.5314
28.5708
218.1469
47.8402
0.8790
20.1152
78.6402
90.2023
61.1830
312.4890
113.5909
38.5390
20.6905
27.4346
34.5148
32.1659
16.7515
47.9812
90.5279
190.3163
58.1818
48.4088
42.0068
16.0852
210.7571
67.0588
72.9470
87.0826
93.5489
28.2564
211.0019
50.8247
56.0313
37.0283
64.7337
68.6491
16.3036
350.2701
30.6026
33.6929
43.8179
45.8040
44.8457
38.2213
37.4086
33.1988
26.3918
24.8726
81.5929
93.2957
27.2890
24.8089
67.6297
5.0823
33.8883
263.9453
86.5209
36.6277
29.6374
53.8168
49.6337
201.9800
17.4465
85.4318
22.7766
85.2153
193.8999
249.5954
63.9081
58.9191
48.4989
308.1469
8.9666
36.9258
34.8880
252.7834
205.4884
184.9639
245.4656
230.3378
16.8757
141.0705
53.1231
21.9128
74.7434
11.1372
7.3916
188.1671
184.6743
331.5908
47.6085
49.9635
266.4528
280.7335
267.5608
33.1286
101.6914
81.8466
46.7031
81.4090
359.1656
217.6243
324.4508
33.2147
17.3306
111.9047
220.6704
15.8733
73.1087
117.5881
303.1597
68.6463
74.1555
50.6750
40.2951
42.5038
71.4431
4.4914
4.7106
0.0583
129.7013
249.5718
11.7921
302.0566
108.4286
83.6229
42.3136
13.5250
43.8539
92.1252
45.8222
79.5640
65.5808
52.0490
227.8496
14.6551
155.0689
271.9254
31.8478
25.4108
356.9989
17.7799
79.5687
79.2846
42.2257
55.1676
67.5136
28.1112
160.9535
170.6765
13.5517
349.3887
80.1087
70.2426
46.4592
84.3527
66.2211
345.3283
36.5706
271.0606
122.8723
14.3720
60.6030
54.3222
41.7318
72.0237
247.4415
63.3566
284.0245
73.4112
236.2864
87.9011
72.4358
236.3676
66.8398
26.8001
2.1126
4.6487
199.5127
317.0853
240.3566
288.8873
13.8533
13.3256
46.0220
223.1535
70.9139
108.6928
15.0851
60.9720
304.6622
239.3088
64.1258
113.2908
81.0724
123.0317
82.2153
38.7151
162.2838
182.3430
0.1593
359.9918
40.0537
64.7165
28.0216
193.7678
56.8366
24.2259
30.3174
61.8354
76.6851
254.1132
165.3093
228.0462
9.9973
132.4498
23.1920
152.9026
56.4624
129.4604
36.9938
39.5894
359.1064
6.8923
6.3427
47.7972
216.2830
31.2635
52.6951
13.7293
12.9074
87.3055
67.4765
59.1826
61.8911
73.8668
77.3307
53.5749
66.9267
18.4623
68.0359
61.6211
18.6098
244.6572
222.3015
313.8754
71.1953
14.6496
94.1349
89.2019
50.8887
53.4270
48.0277
51.1449
205.6977
75.9753
66.2217
74.3875
70.1642
52.7626
296.5966
81.2705
250.7730
10.5394
9.2361
8.0523
13.0145
81.3129
80.0319
335.0642
62.9185
64.7822
268.3050
67.7351
54.2319
30.7616
7.6893
80.8736
88.3652
53.4535
49.9576
66.1179
59.7346
40.6891
273.9927
31.3826
39.9895
62.6760
47.5855
37.8224
61.1601
69.9308
62.3857
57.1825
71.7484
68.0196
80.4755
62.7713
67.0685
14.2597
192.9365
59.1030
67.3723
358.7793
359.4993
59.9237
60.8476
16.9924
17.9732
57.2874
62.9356
59.4664
346.3878
80.9448
342.6461
236.9624
75.4328
266.2123
104.2132
28.3271
19.8752
345.9845
37.4735
331.4293
31.3861
170.1000
11.9434
180.2883
234.1968
356.1789
247.5356
12.9849
4.7753
6.0968
192.9331
325.6279
42.4948
5.0716
38.9058
34.0420
22.4764
28.6488
69.3204
75.4596
5.5530
192.2708
233.7121
11.4665
21.6123
76.2051
10.7175
23.4493
177.5708
22.3637
23.3577
351.9789
78.4169
71.9915
8.5937
24.1694
332.6442
168.7182
132.9989
127.8379
43.5242
59.7760
62.1040
350.5154
195.1029
32.7216
44.0191
331.4413
61.6336
66.7946
98.6032
54.3986
103.7401
246.9099
231.0667
147.7166
74.1739
103.6167
65.2786
163.6750
53.7474
48.4913
54.0951
53.8095
57.0545
181.4893
244.5345
26.0894
249.9062
262.2534
263.8666
150.5424
64.4981
50.6725
317.4076
139.5093
139.8777
179.4185
31.3974
85.9547
321.7371
251.5719
75.3044
342.7909
212.3529
9.8300
235.0926
355.3000
291.4763
56.9160
234.4106
232.0559
68.4311
70.2010
6.3248
4.2319
348.7479
133.4835
258.7922
191.9079
28.4707
285.1870
102.6113
186.8851
41.1580
177.1284
12.8043
67.3396
17.4933
285.2327
50.5544
275.2777
49.4783
52.0922
28.4165
63.7201
33.2792
107.5893
97.6718
109.8372
73.2229
289.1939
359.8883
75.8892
91.7575
89.3200
167.2399
167.5590
303.5595
1.6987
159.7983
62.4038
62.7250
165.5042
4.2104
180.2024
194.7736
301.3895
275.7436
103.8746
55.3579
10.3386
176.7434
74.1631
201.6346
81.7216
93.4906
307.2840
258.6213
235.2093
5.0179
51.9653
124.5068
84.6999
15.2161
11.9509
125.1853
29.8410
243.3809
328.4199
38.9750
164.3394
138.4754
230.2994
322.4026
68.6574
39.1535
46.4505
49.7112
49.7267
20.0660
110.8084
145.1106
98.7665
351.5475
88.9009
179.0046
71.0104
280.2435
233.2592
94.1772
85.7760
32.5218
287.9837
93.6702
7.4981
344.7104
3.7163
239.2415
135.5740
55.6229
112.0506
46.7232
31.8677
73.6838
207.8730
298.9716
110.6515
242.7575
302.7281
47.9735
89.2490
268.7243
214.7644
91.3752
169.7377
18.9265
45.5367
281.3024
15.9851
18.4843
322.5920
313.1735
29.3985
217.7402
82.3227
72.6316
354.8744
34.7509
11.6861
1.5406
290.8112
91.2111
86.5197
95.8067
115.3367
194.5041
157.6756
174.8196
154.2215
83.4175
84.4439
73.8177
26.7365
15.2071
275.2433
52.7683
92.3123
57.2439
56.6273
54.9210
74.8515
87.0970
84.7967
83.5444
55.7342
108.6410
66.1923
353.4913
359.8350
358.7550
74.5798
64.8825
30.2191
349.0353
215.0427
293.2524
207.8927
229.6399
84.9502
280.2177
297.1665
86.4468
237.7131
81.8358
36.4094
43.8730
18.1187
327.6483
130.0715
293.0320
0.7149
286.6697
344.3626
89.5824
94.3461
70.9067
92.9107
121.9066
47.0964
178.1445
75.6396
80.6782
267.1593
12.8111
335.4438
158.4308
65.5808
101.5548
85.0932
297.4977
197.4812
344.2087
87.1988
71.6721
54.2892
244.9413
56.8980
38.1428
24.0800
100.4576
43.8211
62.4464
72.0660
88.0814
16.8515
63.5925
45.9017
161.4383
113.5994
4.9341
86.4293
82.5720
11.5357
232.9288
97.8862
334.4284
76.0181
279.1989
75.1659
68.6515
99.4204
53.0164
82.7965
200.2006
94.9756
60.2265
37.1054
296.7724
57.1409
71.6294
31.0503
184.2591
17.3915
7.8420
193.3805
225.5325
263.6612
333.2407
32.8660
84.4169
326.8475
148.4827
83.9835
82.4192
89.5195
107.9944
30.9823
10.0630
77.5258
54.0501
72.3105
87.6047
93.9558
189.8531
137.5848
185.4025
352.5558
19.9873
67.9287
63.6303
43.9097
122.3261
25.5297
188.4966
27.9178
332.9787
352.0175
67.4850
69.3642
210.8663
232.2968
315.7421
75.6538
66.1311
72.7189
66.6095
76.0030
70.1861
117.0733
86.8202
208.6922
33.8818
302.4247
65.4128
147.5005
93.6332
139.5456
8.3496
9.2290
283.0282
53.3953
59.0002
60.0194
54.7834
256.2550
287.3935
56.2094
14.7855
66.6223
92.0239
89.1518
265.6742
241.6019
191.0241
114.6343
56.2304
41.0799
87.9820
43.7412
71.8406
165.3831
78.6844
76.8781
333.3752
33.9754
41.3931
1.9509
118.4905
231.1084
84.9398
292.3530
211.3815
73.3304
84.3888
35.8147
167.3114
57.7167
49.9514
84.6991
83.2025
8.8520
108.6078
260.0760
93.1505
125.5429
59.6205
68.8273
264.9322
81.2346
110.2363
338.5597
42.0057
25.0556
211.1488
82.5125
71.5252
251.3713
354.8253
33.1713
284.5106
69.4391
240.4699
80.0397
85.6579
21.6310
76.9069
328.4025
234.3420
23.1315
75.5663
278.3770
137.2613
31.1029
236.3429
55.8937
62.5011
124.6826
334.5009
85.7956
86.1663
82.0453
309.2576
230.4609
246.4336
254.8702
38.6823
11.8104
44.1120
29.4676
192.8184
297.4345
144.4446
166.9315
271.3277
114.9372
82.4668
288.5612
42.5921
289.3720
269.5280
45.1672
337.7569
91.1767
272.7844
96.1103
294.3308
335.1731
31.6275
199.1680
78.6259
40.6232
0.6046
62.8582
33.4124
244.2751
299.8416
114.9571
281.5665
82.7748
30.7679
8.4182
202.9058
50.2273
67.9451
10.7344
250.2394
44.0472
164.9474
353.0996
2.2178
12.9210
42.4666
43.8868
227.4577
27.0355
56.4155
85.8698
304.7689
63.5331
260.2669
100.5508
337.3261
203.4484
49.6006
154.1458
89.1684
85.9233
15.1258
181.2098
16.0827
80.4275
72.3216
46.9857
94.6203
347.9335
181.5799
285.0929
82.4718
179.9836
9.4636
85.9811
217.2712
95.6485
231.0658
63.5010
29.7307
13.4474
101.1516
270.3220
190.5777
243.7434
152.8016
324.8864
56.8112
157.4180
320.3991
0.3951
281.2348
359.3839
258.2792
91.9068
234.8331
357.3893
334.6558
69.1554
185.7376
168.1836
149.7741
245.0186
183.2185
78.0842
88.9133
199.9291
294.3165
124.3451
66.3003
273.9255
97.4888
109.5224
345.2296
50.5382
10.3756
290.3600
12.3506
342.0408
72.2076
357.3271
96.9956
216.2311
72.5148
279.9442
264.3130
308.5981
191.2178
4.2511
301.9423
335.7661
82.7520
80.8512
45.9014
30.6160
49.5148
120.3968
64.4800
84.0763
302.9134
154.9880
331.1723
22.1103
333.8550
161.7884
91.7556
5.9133
3.5177
8.3746
250.4601
210.2358
89.0460
86.4907
345.1768
237.6700
193.5723
268.3776
84.4779
84.5151
70.2017
271.1581
35.3030
16.4890
117.9293
274.8381
267.5938
359.2997
15.4069
75.1866
95.6765
327.2177
86.7829
111.5617
9.4253
252.1784
120.8361
134.7239
110.6167
95.7594
250.1955
327.1308
193.9988
111.7681
354.8339
278.2769
169.7191
220.3178
271.3349
280.1328
28.5857
94.7169
179.9992
185.7267
17.8697
89.6570
296.3614
165.4138
9.8241
277.2697
216.6630
246.8534
40.6902
211.1871
0.2495
17.9373
171.0674
330.5358
277.1195
197.0491
80.1014
3.3006
198.3041
350.4831
308.1827
277.3496
37.1224
111.8919
13.1151
124.9194
79.1646
79.8158
42.1316
201.4671
55.1512
45.8599
333.0029
23.8823
280.8479
64.9893
0.2716
17.9289
182.9087
100.0973
106.8622
81.5387
21.1446
5.1351
90.0000
286.2204
108.9688
242.7845
82.0291
245.2571
203.7755
38.6904
176.8929
157.8058
20.7969
69.0914
1.5517
38.9704
77.9360
38.2091
64.6792
138.9965
236.6546
355.6036
345.9777
67.3273
93.7993
211.0804
222.6233
313.8118
54.6927
28.9379
17.8717
350.5736
39.2018
59.8435
280.3322
65.8721
68.9371
63.8535
240.2061
323.5436
9.1007
11.5627
9.4930
15.1034
24.6651
39.4822
280.2180
258.9907
78.0441
13.8154
23.4866
58.6482
77.9588
92.7046
243.8329
77.2840
71.4379
9.7778
267.0131
259.1116
207.7246
142.5054
359.9651
222.1012
29.7476
5.9272
129.4673
231.4281
239.3306
58.7697
220.0744
208.4154
98.5518
272.9247
330.7579
36.1426
72.1185
95.9843
169.5127
200.7558
103.9385
102.6274
260.2993
75.4459
84.4636
318.7401
351.3587
94.4305
191.9748
351.6437
343.9970
56.5797
237.0833
226.3582
157.2941
268.9305
109.4676
241.9487
41.5405
286.4890
235.6001
257.8735
324.4873
94.8278
63.9998
173.7698
169.5695
147.8884
349.7780
168.5137
135.2952
190.5738
10.1550
97.7688
242.5504
41.8893
233.3862
1.7966
15.1086
67.1807
10.3102
60.9657
175.2979
39.9479
71.4966
49.1803
31.8356
336.3767
24.4086
232.4746
269.5495
211.8834
38.8615
159.5979
269.9366
342.7805
157.4898
148.5488
223.1056
332.7957
124.8096
129.1802
62.2214
222.9023
287.9068
275.9034
193.2787
174.6154
247.9692
117.8753
177.5105
76.0275
99.2888
51.1392
48.1964
38.9364
14.6437
0.5948
24.1903
358.7978
3.8615
72.0403
63.2316
93.0368
9.3274
91.3675
37.0717
322.9733
10.3727
22.3689
39.3644
30.7015
15.5664
355.9107
32.2045
50.6983
273.6981
44.1338
78.6690
292.7413
252.4828
52.5784
37.3440
201.0015
51.1584
49.5622
95.5376
93.7262
89.5286
45.6515
45.8484
34.3681
15.4533
64.3424
7.1093
25.4581
267.1239
151.5359
178.4600
181.5776
227.4431
42.3815
134.6604
117.1148
24.1863
194.2340
86.2116
323.9286
52.5809
244.9023
47.1637
40.0612
27.6059
29.1486
75.7488
74.0606
41.9062
28.1198
72.9244
75.3275
20.7768
19.0465
18.6220
2.2919
1.2457
329.6141
338.1172
54.1720
77.3338
224.5590
74.8102
75.7391
63.6085
6.5371
9.5630
66.4857
79.3727
331.4778
29.1071
197.5438
316.9000
56.7969
84.8090
357.5763
55.1540
23.5335
57.2984
34.3932
76.6140
90.9367
75.3070
172.6412
179.3444
37.8729
47.4187
316.4223
73.0485
9.7076
6.6057
86.0560
75.2244
1.6002
327.7080
51.0837
8.7420
119.4258
96.0975
95.5847
130.4690
23.0205
22.7253
19.9209
167.6964
357.3287
17.9717
269.9841
344.8330
66.5165
64.2733
326.6796
27.1574
90.3952
89.1044
65.7750
336.2930
215.4943
104.6504
70.6362
68.9240
105.6513
274.1772
308.6771
96.8693
15.3136
66.1546
77.0893
33.7083
358.8694
91.6102
55.1522
5.8012
15.5779
45.4333
47.8061
89.9987
6.4414
4.8322
268.4332
315.5507
19.8599
36.9541
19.9163
70.6724
102.5571
36.7601
157.5742
195.9402
17.1670
196.6910
185.2736
193.4379
237.1798
67.9488
70.9574
75.6199
60.0328
340.8180
5.9654
4.6292
7.1721
356.2188
8.1514
17.8954
212.9875
207.6307
357.7898
13.8857
24.9116
14.6900
53.9477
20.6963
209.2714
3.4837
186.6214
28.9912
37.1638
359.5802
9.6588
37.4021
41.4804
67.7188
63.3308
357.2052
5.0140
3.2169
286.8342
71.2692
295.6629
29.1731
47.2736
97.9091
238.1766
6.9203
274.5837
353.0847
118.1683
84.6463
114.0081
155.2840
139.8623
74.4535
43.4240
39.7757
58.3460
56.9304
271.5140
135.7289
309.2385
101.6877
295.9316
82.4786
6.0286
101.7174
271.7035
75.9756
63.0985
200.9133
81.5285
11.2478
343.9778
159.3924
201.4028
14.1167
325.4333
197.5483
272.8684
78.0386
216.6756
59.2453
67.5651
64.3655
48.9454
61.7161
62.0550
54.1660
63.0500
67.4544
81.2261
79.5775
300.4285
79.2737
6.8523
359.9616
82.7829
274.0104
50.9610
55.9301
4.4098
13.0528
337.1158
197.8365
350.2485
90.3230
67.3396
66.0749
122.4251
162.9321
98.6919
100.6086
76.1792
42.6812
22.8083
208.2090
126.0808
201.0031
297.3020
2.5218
0.5807
6.1967
338.6816
331.3826
88.8074
49.5349
273.6530
43.9479
59.9127
60.5775
263.1990
201.1179
82.8486
254.4256
359.4497
3.9901
222.1019
161.7388
18.1407
66.9463
309.4424
85.5433
79.0926
330.4678
346.2761
127.8403
122.5552
272.2293
327.5400
190.2393
226.1429
62.6613
139.9689
74.1518
78.6607
40.5892
60.0071
13.9556
348.8650
18.4937
157.2436
250.3843
334.4288
58.7581
216.7405
88.6752
63.7734
73.6107
188.6361
250.5098
258.2607
5.3969
28.4020
96.1003
189.0657
91.6653
98.3716
36.0843
71.6656
268.1109
90.9042
164.8503
202.1250
281.7483
20.4949
343.2011
57.7006
4.8886
154.2151
0.3217
344.7909
257.1154
181.0633
169.2381
243.2622
66.1508
349.5864
313.1635
150.1760
206.4915
209.1601
10.8043
26.8502
190.9863
75.8077
91.2855
133.3901
179.9932
176.6028
30.4342
198.8182
243.7668
318.4987
27.9297
156.1874
356.4425
94.6878
118.7963
49.9207
301.5507
83.4508
83.0036
11.0165
251.5626
9.2056
190.4019
301.3101
25.3658
29.8146
84.6962
15.4331
48.4828
282.4059
46.3309
140.3186
65.5317
79.0807
60.2738
90.4258
14.5055
237.1425
53.4114
220.9129
72.1647
57.2112
67.1812
89.8874
268.6858
34.6022
177.1329
74.0965
59.5444
298.5043
108.3962
2.3777
352.5406
90.4455
35.0566
30.7970
357.4984
2.6698
242.4442
118.9922
58.9164
0.1612
94.2759
319.7860
252.0636
25.4391
179.5198
9.9619
222.8799
53.4490
50.9991
353.4553
25.1296
60.4626
256.5738
113.2379
145.0707
358.9906
1.6714
348.9269
277.1117
54.1192
37.3722
171.2637
51.3708
3.0572
27.5235
105.6119
185.0408
25.2373
104.1482
130.5043
0.4587
10.6668
44.8277
208.6496
201.6178
320.8213
88.0429
19.2146
90.2478
28.9930
1.2726
94.7365
75.7203
56.1418
37.0977
235.3584
88.0266
63.6291
73.9668
200.0154
193.9559
38.5646
33.9026
18.1217
0.0443
80.8576
78.7498
24.3723
36.9848
330.3000
263.7505
12.9167
202.8381
15.5591
210.9252
41.1008
21.1050
251.5151
172.5593
20.2803
346.4192
192.9256
270.6820
163.1140
25.9329
339.8011
191.1962
39.8303
54.9349
90.7785
96.8815
108.8733
249.9050
61.2182
237.7414
44.3259
84.7507
158.4875
354.8046
41.0231
46.1269
91.4742
327.1533
93.9216
15.9660
28.7939
9.2452
41.1291
72.0344
185.0509
182.8467
68.1600
228.2234
53.2579
51.4126
299.5048
259.4493
4.2016
6.3948
326.5332
265.0587
27.3805
48.9232
29.8803
11.2532
70.4093
89.6625
36.9956
28.8034
6.8980
6.1351
76.6242
78.7668
11.4067
77.8371
48.6298
56.3728
31.9129
26.0057
25.2154
160.6254
67.7474
34.4318
70.9487
62.7474
51.6143
44.0900
343.5126
17.6226
285.8185
172.2047
21.4805
63.9348
89.0077
254.4455
44.8400
50.0361
133.0373
4.0071
16.6186
355.8288
356.4299
41.4119
53.6514
324.6169
337.5019
240.9501
77.4474
275.0205
36.9420
85.6879
104.1266
90.0021
1.7150
8.7934
238.2557
211.0462
56.8106
67.0026
85.7284
295.3229
346.0760
321.0387
162.2035
93.4989
29.3530
338.2299
227.1126
326.1258
15.1437
95.2281
58.0442
17.4022
70.6073
294.2693
58.1747
64.3405
140.9766
135.1833
88.0937
311.0576
56.8958
134.2996
356.4926
303.8586
296.3475
317.7811
121.1341
33.4570
224.9857
89.0669
87.1722
282.9255
312.9416
137.6214
96.9595
331.6519
112.5421
339.6996
218.3400
78.3676
347.7978
190.3805
156.2706
41.3363
284.0048
237.9696
25.8618
27.0223
84.1668
19.6364
347.1786
249.1021
136.5576
233.9235
270.7892
265.8566
185.9528
159.9126
283.2502
60.1341
41.8855
5.2605
38.7625
100.3678
21.2351
49.9780
296.2096
265.9782
275.2833
103.4692
109.0998
90.8502
300.4046
101.1959
106.4420
2.8484
66.1301
77.7713
88.0262
4.5959
70.5583
52.8706
55.9459
91.6519
90.4277
56.9673
35.3393
271.8579
107.3495
306.6765
60.4667
67.2899
107.1840
3.2599
183.5353
25.4860
356.8392
181.1235
7.0259
194.5231
130.6070
341.0913
307.1738
60.5776
47.3062
4.1411
30.0014
33.8666
200.0236
310.4166
84.9191
100.5117
197.0174
4.9373
18.7185
81.0121
217.5204
25.2364
247.3048
331.4780
108.1335
236.7491
115.1483
53.6626
14.3064
336.4493
85.6418
95.1327
24.5185
79.2497
270.3954
75.7393
314.2611
185.1243
141.7803
217.4649
7.5739
337.0046
21.4049
14.8319
35.1732
317.3699
66.2615
263.2202
22.5996
80.8861
22.5291
51.2653
23.7513
16.3557
18.7235
333.7040
204.9379
12.3550
53.1223
20.4226
174.8403
345.7996
163.5071
94.9785
9.4664
180.4634
267.2690
300.2802
211.8867
323.6071
