33.9960
24.5780
325.3129
228.4312
0.0023
41.8067
16.3082
16.2704
270.3168
124.5539
173.8497
257.0012
273.1146
37.9410
107.9177
359.2265
182.8449
237.5102
179.9996
28.8915
231.3435
233.5383
303.0384
129.5532
97.5097
9.1182
144.4623
270.0062
34.1670
351.8282
61.3965
130.6961
72.3548
24.4251
41.4275
310.0263
354.9716
219.2817
8.6513
234.1836
20.4976
331.3586
268.6332
98.8611
250.0676
86.0107
94.2686
359.5475
89.9423
136.4160
5.2616
46.5549
0.3207
356.0261
270.0181
46.2986
60.4800
58.4191
46.6069
42.3509
97.0401
61.9966
26.5560
13.4029
316.9279
8.9113
356.5067
60.1185
58.8188
252.8137
78.9483
86.8313
85.7426
86.6048
72.4593
62.6404
345.5948
281.5085
28.1038
14.9272
44.0458
17.2376
359.9627
55.1826
34.0682
6.4110
3.9687
4.1601
359.6083
30.5080
21.4625
20.1457
57.5770
104.7557
56.1231
19.6959
33.0226
72.8591
69.5375
17.6931
16.1268
52.0674
52.0442
55.0234
184.0332
211.2115
29.9662
29.3486
52.9951
33.0076
30.4483
33.7729
49.7114
46.6679
90.3656
76.4095
45.1009
47.9348
48.9550
64.0084
358.8608
20.2761
0.1002
0.0262
2.7293
4.0582
7.2131
9.1359
21.4431
24.8076
69.7553
61.2659
26.2544
44.9820
74.4304
58.9828
50.7004
356.8152
77.9652
46.3710
28.1881
47.0932
74.8158
77.3208
11.7801
10.2237
8.7255
8.0453
5.1200
29.7855
50.0713
57.0646
68.3417
69.5700
31.5738
27.6955
40.6641
38.3989
78.0344
27.4215
33.5516
82.6195
276.6478
35.3203
38.7243
13.0688
6.5534
269.5659
219.7285
21.8543
23.1578
29.7109
23.0349
25.6378
23.4391
13.0289
87.1916
87.9201
27.2372
298.0394
3.3097
17.7758
16.5469
69.9815
72.9208
13.6394
11.6491
50.5522
42.7187
32.7041
31.2380
23.8779
18.3383
197.0289
44.1496
48.1444
5.7784
5.4571
354.6505
21.5940
358.9582
1.0766
71.1565
15.5554
47.4422
235.1847
139.7650
56.5068
45.2237
49.2499
86.6469
85.0361
1.5946
61.9173
66.9268
70.3405
71.2861
86.5065
53.6126
54.8553
17.9353
79.2436
73.6440
12.8267
66.5166
48.6313
46.4500
69.7550
71.0409
75.7860
80.9301
74.7332
67.9340
71.7841
36.3653
74.9611
98.8167
57.4006
70.5912
29.1784
36.0610
17.3146
64.1413
39.9108
67.1323
69.4685
62.4031
79.3125
233.9150
37.8592
284.8575
88.1092
67.7537
80.7769
166.6693
7.6009
122.9258
343.5442
224.9188
268.3371
191.8832
280.7975
14.3370
31.2073
43.7537
229.3356
74.4765
40.9844
54.0841
59.3737
292.1508
175.2920
187.2776
62.7157
67.2708
151.2588
46.3859
224.9621
245.5043
53.4299
35.2897
62.6219
48.6534
324.4028
87.3955
112.1514
44.0256
53.5260
72.1697
49.8768
86.6185
85.4790
239.7930
90.0106
8.7073
356.4446
49.4268
82.7688
241.2615
1.6347
2.8866
31.4476
27.0143
15.6499
63.6050
57.2086
38.7198
29.9760
12.6260
123.3598
10.8643
40.8121
107.9525
66.3949
85.3231
85.7966
88.0302
71.7662
345.3732
166.7851
92.7161
58.4278
68.3062
57.7324
14.6213
6.2522
310.8450
349.8925
38.4713
48.6974
35.8826
86.7306
55.7405
52.8850
66.5196
70.7894
26.9203
39.7219
299.0314
310.7250
65.2071
227.9977
7.8720
8.7056
55.7518
58.4147
180.0359
184.1099
3.3921
143.4266
88.6063
90.6077
14.3130
45.1658
52.5248
60.0679
64.5805
51.3339
51.3603
170.6215
28.9090
24.6315
343.3562
208.9749
59.0441
162.5614
68.4673
31.0395
194.6876
50.4853
99.6526
1.6251
4.6923
17.2607
12.1916
357.9451
337.2758
114.4058
96.6337
357.9125
14.4035
40.3365
29.6726
43.9013
355.4441
116.4776
226.6960
80.1134
36.1737
104.7104
253.0627
29.8492
36.0926
22.1815
17.4495
0.5979
77.5998
236.8160
87.3718
24.1025
21.9928
38.9662
2.2156
222.2382
223.6896
71.7420
14.7518
45.5183
52.0296
195.7762
185.0028
214.2375
121.5555
61.8002
47.6256
102.5809
42.7075
34.6207
16.7096
358.4427
64.8381
204.0545
12.5913
32.1123
35.2613
8.5846
115.4759
47.9737
35.2595
44.1002
192.5361
28.0474
15.0760
15.5598
36.0329
91.2262
353.6038
147.1415
185.6123
340.9006
96.4307
112.9091
25.3368
0.1744
10.2326
356.1762
42.5450
270.3933
86.1436
126.4718
355.2640
342.4726
41.0769
89.7286
326.5779
136.1725
241.7806
70.5010
38.1903
276.5537
15.6828
43.0647
95.4452
12.2004
58.6153
77.4831
0.5406
8.7590
325.2131
322.0075
93.0444
4.7737
10.1949
9.2482
0.4328
32.4971
30.3319
24.4252
39.9192
26.0883
32.0761
44.7314
112.8138
34.9104
24.9864
81.5261
199.8532
349.6332
6.7805
13.7222
18.0016
80.4445
328.5091
356.6789
358.2185
110.5169
60.9418
260.7003
271.7602
35.0782
11.7109
69.0760
72.5198
35.7691
9.4995
30.4825
66.9304
79.3086
56.7352
21.1440
24.5665
10.6255
31.6324
26.2152
71.2376
72.5750
47.9496
43.6347
235.9250
81.7967
90.3019
75.4910
199.1015
191.4057
117.7325
70.5187
3.5732
358.1837
2.7725
7.0484
67.6234
257.6026
11.7188
357.6218
284.1203
266.9145
58.2996
67.9661
74.7332
236.7015
43.2262
262.9669
348.7828
93.6546
47.1983
49.4936
83.0368
84.2158
344.1991
83.1438
76.6810
36.8203
234.0708
7.0960
11.7852
170.8642
356.7622
54.9067
52.9125
324.8647
327.4967
80.2516
86.1102
38.3978
74.8388
54.7049
46.8837
23.0986
211.5650
10.7318
44.4179
39.6407
59.9941
106.7629
329.1486
90.0632
63.7391
83.3623
143.8380
90.3112
44.0252
60.3693
58.1454
63.3966
187.9062
190.7396
29.2235
55.4537
162.8107
273.2383
315.6916
68.7802
154.7881
11.0152
341.1154
67.3296
68.6978
337.8668
15.8148
72.8078
70.2839
184.6635
289.6495
165.5315
332.9764
280.6621
72.6286
246.2657
297.1996
24.1798
62.0123
63.6440
85.3595
93.3010
70.7728
297.1223
359.1268
176.7209
52.4684
84.3311
80.7732
184.9518
86.6573
83.4198
39.7039
39.9545
168.7594
226.8190
60.6534
67.2985
251.5018
79.6048
3.1737
60.6693
70.1616
70.3989
37.2422
69.7756
57.8471
51.4629
67.3461
64.2004
22.1784
58.5251
106.1436
55.7899
63.4934
287.8649
51.3136
62.4392
52.6989
63.5915
63.7082
73.6701
273.5348
67.8457
269.4772
114.2919
5.1401
95.1021
92.8504
60.1608
313.3789
10.8541
6.4149
88.7447
92.5080
29.6574
18.4547
23.1119
5.7019
33.3415
165.5267
57.9890
321.9940
314.8997
167.8815
58.6995
293.5317
52.1807
98.1495
220.8695
57.6326
152.5937
154.0499
193.4042
76.0367
9.1589
0.8052
29.4077
205.1544
18.5119
298.6863
2.9596
358.8443
83.0255
138.1786
56.3677
58.5568
301.6700
91.4942
172.9257
189.6527
256.7115
54.4061
115.3011
0.8073
356.0730
75.9078
358.8823
195.7308
62.8947
48.0995
82.4685
80.7367
63.1774
71.1545
88.7650
82.8642
52.6810
92.7523
134.8321
30.2575
38.0461
16.6722
179.7039
40.0733
308.0092
41.1186
92.1720
42.2872
43.1049
83.5262
101.4714
46.5170
193.6415
218.2445
247.2689
77.8881
308.0928
33.3376
229.8677
321.5452
78.2585
71.7012
62.8446
72.4788
87.6911
266.4453
74.7654
21.4826
338.3994
180.1507
188.8459
10.2748
34.8888
47.0329
258.7061
190.5975
204.8026
251.0878
264.7737
329.7641
211.5453
60.2883
58.8951
184.7114
183.7278
187.7949
357.5584
152.2190
359.6524
358.0667
16.0290
174.7971
89.5080
82.9493
32.2272
282.5235
40.5740
105.5498
55.1950
43.0029
8.9916
80.4673
87.1583
32.8037
57.0365
70.9408
77.2085
34.3420
58.6617
49.1065
32.6382
26.6045
20.9354
87.9221
80.4476
145.7332
123.0341
18.7798
67.0946
70.9585
76.8106
64.7126
357.2125
29.9979
12.1472
48.2332
52.9811
84.2504
94.1023
64.0228
74.2847
31.6413
20.8807
2.4387
19.3865
62.5473
62.6298
52.7997
60.8742
96.0087
296.5660
82.1780
76.1237
4.4316
56.3245
45.6350
44.6327
16.2819
12.4417
245.3020
64.4959
21.6734
38.8214
103.3202
146.7766
44.8626
54.1670
44.4452
45.0480
350.6312
180.5377
30.7746
26.2849
11.0841
15.2197
65.9825
69.2925
62.8346
351.3728
62.2184
101.0511
63.2476
42.3112
54.2741
51.5544
33.7592
354.0274
31.2541
14.7108
43.8497
60.0645
59.5584
58.7651
57.8167
266.2470
70.8227
67.5255
18.5327
33.6612
65.7279
69.1068
50.6589
44.2102
90.7218
79.2640
17.5980
14.0269
56.4792
24.7309
22.5539
20.9530
89.1122
14.7073
65.4698
64.2039
73.9788
35.9077
26.2340
128.6002
61.4422
64.4296
3.5473
5.2957
72.9165
48.3626
34.5597
56.9350
74.1675
87.9612
38.8680
76.7307
77.4839
26.1121
86.9125
59.3131
58.6330
50.7623
56.7802
359.3130
13.2323
17.5892
52.7773
68.3935
21.7488
32.4182
72.1941
92.9179
15.0688
17.6425
216.7045
50.6126
87.6292
54.6955
86.3660
83.3695
88.2782
90.1035
27.8260
21.0818
75.6704
70.6788
51.7179
81.9403
90.5730
62.6026
78.8788
74.2402
73.7146
74.5106
91.6813
35.7481
38.5702
75.5676
67.2373
27.1060
23.6795
77.5347
69.5713
62.7231
46.8840
211.0121
201.3897
73.5885
80.1522
61.5175
59.5851
219.0018
114.4511
35.5291
75.2065
32.4439
17.4019
207.0626
27.5398
64.6665
235.9895
259.1291
12.5487
270.0251
36.0924
31.5994
199.3936
19.2610
79.7796
82.0081
12.7741
301.3348
88.8148
88.9721
17.9908
33.4915
48.7610
43.5614
20.9546
329.1736
14.6947
13.5020
28.6759
36.3553
262.0370
76.1676
78.8767
331.3401
3.7069
7.0315
17.4756
8.1554
9.5517
50.8345
5.0682
57.2831
35.2687
20.9368
28.1548
237.6834
41.7152
36.1205
0.2742
13.2343
340.3767
357.4220
14.6789
5.2066
105.1207
69.9196
21.7803
22.3294
21.2251
244.1910
32.2998
42.9733
72.2608
72.5864
19.9429
49.5698
86.5241
102.1207
20.6193
23.5018
264.8405
7.9376
88.3759
57.1529
153.3207
43.3335
47.6043
41.2543
24.8221
15.9098
1.5583
1.9904
87.5539
90.3604
58.4111
65.5242
356.4919
356.8470
274.6913
336.0470
189.1206
21.3108
26.8235
56.0589
61.9898
14.3914
13.8113
55.0221
46.0073
37.7878
63.5939
9.0834
342.7974
29.3924
60.3941
23.9023
28.2901
6.7490
6.7092
7.2353
16.6360
7.0707
7.9166
270.7864
259.9896
337.6597
31.8667
8.6102
289.8284
6.4342
7.7313
70.7642
81.0347
30.1459
27.8656
59.1443
50.5152
43.8602
34.2269
2.2123
130.4796
290.1204
261.6418
66.0655
194.4152
41.3380
95.5019
54.7862
67.7030
14.9492
7.5348
40.1658
174.8231
248.2277
44.0265
259.9938
68.6370
249.4680
104.8547
175.5666
148.9810
266.1317
277.1697
290.7208
56.2555
38.2571
279.7857
48.8294
62.0148
223.3160
5.9611
336.1599
292.9272
89.3597
260.1434
205.9566
41.7214
78.7697
46.9481
108.4980
143.1261
221.2868
64.4092
274.3666
56.5684
56.3455
12.6816
359.4183
355.7160
277.6199
53.2213
0.2305
21.2590
21.7184
0.2711
5.0773
30.0514
28.9307
8.5332
5.2617
24.2484
50.6520
11.9492
56.6190
92.5948
78.9347
70.1957
74.0593
40.9850
91.2819
38.5680
266.2753
359.2236
349.9779
9.6443
5.6959
38.7987
166.5201
259.8358
263.3003
42.0972
53.6483
70.9219
26.3156
42.8684
74.2209
240.9591
15.2823
208.1235
17.5478
2.2493
46.5957
44.5126
6.3866
39.3093
236.2994
0.7576
0.0817
0.2263
6.8938
65.5040
181.2428
43.7045
1.0990
358.3560
26.2871
12.7405
309.1608
37.1147
198.6380
137.9537
33.8471
34.4631
1.1462
3.4850
39.7581
0.7614
5.2562
10.7425
76.8564
114.6350
38.9533
51.1052
22.4731
16.7293
66.9620
76.0356
82.5699
116.4248
39.0071
354.3997
8.2492
21.5494
9.9107
355.4350
74.1854
222.5533
264.6387
270.3233
327.5318
157.2919
48.0540
23.4509
197.1618
56.7274
65.7237
16.4731
355.0257
355.4345
333.5263
253.0060
41.9471
193.5564
339.8478
324.4267
232.9648
163.5233
358.1891
186.5171
81.5313
42.7648
205.7747
7.4220
358.8943
250.7587
98.1656
42.4093
31.1607
201.8596
263.7901
18.1878
144.3010
154.1045
86.2888
38.8723
47.3279
58.3078
62.4887
53.8013
209.4234
120.8395
207.6066
103.4845
96.0497
101.3610
64.5196
283.7018
274.9182
179.9999
36.3467
106.4319
253.3145
234.4861
195.0567
148.8139
26.7723
128.4686
184.9512
309.6475
87.7172
107.2780
215.7306
27.3699
63.2950
180.0234
273.3919
117.2325
45.0417
243.1138
270.2255
60.4251
49.6863
265.0112
180.0071
55.1007
174.6935
347.0211
303.6081
359.5672
283.2986
318.0343
165.4544
29.1713
239.5300
89.9723
120.7435
20.1998
359.1029
95.8883
197.2515
65.4563
171.0417
91.2037
88.2417
120.2279
75.7078
187.2842
324.7531
267.9831
26.1085
259.5321
338.9771
342.6656
292.9215
52.3942
24.1100
191.2994
106.2748
61.8813
251.0970
63.8869
66.7147
75.9564
21.8038
239.7159
53.3239
53.6273
4.8849
3.6980
28.6293
217.5075
47.2222
2.5833
17.1425
79.3370
89.6661
65.9149
314.9121
112.3504
32.9627
18.4053
29.1685
32.8721
34.8819
20.1017
49.3003
89.7575
190.1086
56.7627
51.0622
43.0621
16.4308
209.0043
67.5489
71.6830
87.1161
90.9409
28.4682
29.3442
51.2836
53.9698
37.6315
65.9969
67.4118
14.1120
355.4541
35.4557
30.7829
47.3687
45.3072
44.3457
38.3071
37.5441
33.6683
26.0116
23.4981
80.8727
89.5950
26.8065
25.5857
61.1426
6.9665
34.3862
82.7275
86.6380
38.1664
29.5021
48.7117
48.5993
344.2308
16.4388
82.0807
22.5322
85.2068
192.5398
311.7342
63.0145
60.5804
48.4874
296.9206
7.2521
36.4451
34.4917
252.0486
194.9540
181.7539
246.7788
230.0969
16.6203
131.4935
56.4491
21.3074
75.4111
16.5067
10.7392
187.1703
196.4015
303.5580
40.3081
46.4994
271.8871
291.0213
269.3558
32.4697
101.9429
82.0839
47.8393
80.8588
359.2869
245.4671
339.9468
34.4474
18.5183
145.3899
215.3318
47.0089
72.6272
120.8351
287.2836
69.4754
74.1232
50.0976
43.2395
53.9351
72.8732
2.9508
4.9307
0.8821
34.9591
259.8023
12.8559
314.9064
100.7696
61.6234
44.9944
44.0792
41.7254
85.2025
45.9263
77.7337
66.2205
51.9234
229.1225
22.6034
147.2551
272.5961
16.8770
22.6454
16.0092
16.6488
80.7626
79.4521
42.4912
55.0759
67.1559
28.6428
159.1029
162.0303
16.6794
30.8928
79.7287
70.0870
49.1131
70.6953
68.0298
21.0886
37.4454
270.5566
122.0664
5.8846
61.4810
51.3359
43.2881
71.8883
247.4577
64.2857
277.8227
73.2335
231.6630
79.0131
70.2508
250.0801
63.0869
16.5480
9.6327
7.5065
199.5542
318.3379
62.3715
289.4254
14.1821
14.5868
45.7790
221.2225
71.1100
105.1204
18.4985
235.2243
304.7514
239.6453
64.7181
127.1170
79.9030
116.8805
80.3794
35.5664
161.0684
306.7834
0.1249
359.9905
36.2948
61.0602
25.2825
200.1451
57.5176
22.0531
26.9742
64.2927
80.5957
257.5265
166.4254
238.5610
12.2799
82.5508
25.1484
152.1797
51.3177
133.9748
37.4863
39.7166
359.1126
6.9021
6.3261
46.8383
216.9696
33.4162
48.3365
7.7190
12.7589
87.6570
70.5929
59.6818
62.4084
73.8593
77.2939
54.2468
62.3460
18.7580
67.8304
71.3019
18.0354
15.8141
225.7121
353.0761
60.8072
26.4868
93.9544
89.0701
50.4014
54.0332
54.5768
52.0025
199.7977
75.8122
66.2337
74.8242
71.2392
53.8778
270.3094
81.2563
246.8247
11.6861
10.0223
20.2898
17.1204
81.0462
79.6275
335.5834
62.9095
60.6437
270.7398
67.6011
54.0276
30.0751
0.2577
80.5181
87.8389
54.0489
50.7296
66.3923
59.9175
40.7429
274.0266
30.9746
41.0079
65.1492
48.1911
39.0639
56.3528
67.7656
62.4730
57.1578
71.7489
68.2423
76.0807
63.0734
67.7475
16.0437
192.5297
59.0534
69.3861
359.1272
0.2668
60.0430
62.4750
16.9746
17.8545
56.7049
64.3487
57.7671
353.7511
80.1029
340.5738
236.8868
73.2951
265.4394
98.1769
28.5130
25.6280
352.1466
30.9429
311.7931
28.7488
171.4887
12.1210
179.2546
233.9285
358.8960
272.8486
13.1172
5.2912
6.8692
192.3471
325.0344
42.6182
5.5748
39.0322
33.6843
24.0036
28.4813
69.4822
75.5639
358.7839
121.7100
247.5999
11.5589
20.7754
41.9040
9.9528
22.8650
175.7954
23.0759
24.6808
353.3605
78.1290
71.8739
7.8889
23.9909
333.4811
154.7675
86.0422
125.5415
43.5227
60.5258
61.3941
350.7378
198.4615
32.3189
44.4571
330.7906
61.8312
67.7023
97.8108
52.2923
59.1507
245.8599
231.2586
146.9740
75.7749
104.7799
64.7165
44.4155
53.4752
47.2229
54.2158
54.1898
58.3282
174.4298
244.6709
26.0588
253.4616
264.6179
263.8328
150.2310
64.9829
51.2956
324.9520
127.8496
139.8881
178.7053
31.2171
85.0601
319.9292
251.5958
74.2736
342.8438
221.6705
10.7449
234.6882
354.7817
289.9358
54.7575
348.5979
233.5119
68.4841
70.6833
5.7642
3.9421
348.6075
140.9295
258.8272
191.6062
28.4815
284.7291
102.9130
187.4637
41.7667
177.0753
12.1920
68.9396
17.3460
285.0060
51.8865
275.1833
53.9499
68.6605
24.9627
60.9545
31.6252
113.1536
98.7303
109.8956
73.0549
287.0990
359.5276
75.5305
84.0264
89.4126
166.9950
348.0379
294.6357
359.8183
160.2190
63.8323
63.9039
165.4818
5.8674
180.7886
194.7238
301.6259
277.5237
103.2483
71.7529
8.9915
177.8454
73.8754
201.9312
81.7632
94.0363
307.0515
257.0917
235.4534
8.1838
51.6584
127.4827
86.1041
15.8201
13.0741
125.0722
52.2475
209.9750
329.0301
39.5905
164.7841
138.7000
230.7762
322.2603
68.4606
38.9901
46.3159
49.6009
49.5014
19.9679
117.6043
145.4741
98.9756
355.2464
89.0331
179.0245
70.5173
280.8892
233.8752
114.7409
86.5238
216.9001
287.5306
93.2650
7.1748
345.3219
7.4638
239.2885
135.9099
57.2130
111.6244
48.3905
34.9671
69.3589
208.0650
299.9948
109.7444
238.9970
302.8099
46.8408
90.1598
269.8693
197.6885
87.6445
174.4902
19.2148
46.5134
281.6916
15.6469
18.4415
349.5195
313.3627
31.9227
218.6378
82.3949
73.9104
353.7063
33.0249
15.9279
0.9835
292.5583
92.8329
86.4915
95.2212
114.6154
198.5084
141.3687
171.0871
139.0911
83.9165
84.9630
75.0320
28.0696
16.6261
275.7871
52.3144
92.4381
58.5166
55.8556
55.1539
75.6261
87.2949
85.0461
83.7169
50.6722
88.4232
247.0271
355.3541
0.0773
0.4109
74.6114
64.9232
59.2949
349.9326
209.9854
293.0018
207.3061
239.2305
83.2581
278.5250
297.0478
87.1752
237.4007
81.2053
35.9634
46.3534
21.5214
328.0199
130.6266
317.0688
5.4960
286.7035
342.6439
88.9330
93.2820
70.8414
94.4404
123.4760
47.2424
177.7726
73.7284
62.3380
267.5734
11.4642
335.8666
158.7164
61.4371
108.3858
85.1508
297.4629
18.3934
343.9903
87.3110
70.6916
63.1736
227.7401
56.3077
37.4223
21.4120
101.2607
43.7330
60.2373
57.9349
87.3485
15.7100
62.1343
30.9476
155.8157
113.3231
3.0705
92.0761
85.4454
11.9182
229.7511
96.4770
330.9969
74.1540
278.7579
75.9883
70.2600
99.4602
53.0266
82.4438
202.8194
93.6935
59.7435
34.2241
297.3168
57.0313
71.5658
31.6020
174.2776
18.0077
8.6645
190.8615
225.5325
309.1129
340.7724
32.7517
84.2854
333.2704
146.5963
83.8194
73.3295
89.5956
108.5422
31.6052
10.1743
78.4115
86.6181
73.3732
86.5883
93.5367
190.1929
128.2511
184.2100
351.8739
18.7501
67.8944
64.4065
46.5033
129.0384
26.6178
189.2215
28.3811
347.5861
351.9911
67.5677
69.3430
207.7677
200.7187
316.0130
76.2917
66.6182
72.6005
64.1961
76.4879
71.8771
117.0120
85.9445
209.5565
33.7189
288.4159
66.7123
146.8052
93.5005
141.2472
8.1709
9.2574
284.2267
54.5068
67.6574
61.7779
54.4669
248.6771
287.2128
58.5037
12.5085
64.9225
91.5496
89.3492
263.9827
244.1827
187.0348
112.8333
56.1807
40.4006
88.0340
41.6767
70.0889
164.9505
79.8587
76.7686
333.2705
34.5736
41.8772
2.3789
111.5526
230.9644
84.8259
285.9662
209.9952
72.8784
83.5290
35.4393
167.7440
56.7599
47.4073
84.3495
88.5498
8.4008
111.8801
247.6221
93.0746
130.4332
57.5112
67.6183
264.7099
80.4059
110.4182
339.8053
42.3192
19.6277
211.6771
82.8116
71.0466
253.0456
354.1905
34.0511
281.1070
63.3040
243.6765
79.5200
88.7504
21.4005
77.4001
330.2505
240.9312
21.3243
72.8973
288.2600
134.3422
30.8428
252.4606
56.5519
62.1848
131.0140
333.6852
87.0239
116.4137
69.5141
268.8041
228.6636
244.9881
259.3800
43.1613
11.6021
50.7498
42.3053
195.5422
291.7278
148.6187
165.1123
279.7692
101.9623
83.1456
30.1319
42.9204
287.9199
267.0226
45.6215
337.3940
89.4812
271.8180
95.7313
293.6496
336.7048
31.6076
202.5487
86.3530
39.0447
0.8234
69.4349
33.0591
244.7808
300.0971
113.1173
305.2703
82.8034
30.5808
8.3834
205.3499
49.9586
68.9022
10.7586
249.3837
44.0427
166.2847
350.2450
3.2591
11.8014
37.5199
43.9664
226.6926
27.0428
56.4811
85.5802
301.1073
67.1961
260.5392
102.8944
339.3143
203.6609
49.7576
139.7021
88.5736
85.9021
14.7029
181.9103
10.8112
80.0822
72.4284
46.9844
94.0481
348.9410
170.7070
285.7018
74.3134
180.0066
9.7913
84.7242
219.9387
93.7681
229.2969
62.6108
29.7170
194.4355
99.7504
269.9674
190.8009
242.7304
150.5362
318.1982
57.6890
158.7316
326.3967
3.2165
284.0520
359.5114
283.8902
91.7548
233.1663
358.4698
336.1492
34.9382
272.1802
163.9429
152.2170
238.7222
182.5930
80.7312
88.0398
199.5227
293.8344
123.7331
67.7966
274.6614
101.1754
112.6851
352.1608
43.9841
10.0377
288.3307
35.7181
341.7493
73.5847
358.4729
96.3577
217.0983
73.1317
281.8497
264.1759
305.5744
194.1365
5.8191
115.8783
336.5232
82.4746
80.8378
45.7833
30.4801
48.6790
141.2547
64.1549
86.6303
298.8578
149.7096
328.9164
22.2314
333.7796
161.0947
91.6128
14.4017
4.1828
24.7021
251.2472
214.6701
91.0300
91.2563
15.0595
235.4944
192.5146
268.2946
84.5798
83.6587
70.7876
269.7241
34.7855
16.3990
119.7666
272.8329
267.5964
359.3563
12.3115
74.6588
95.4957
325.2942
87.1355
108.7812
47.6395
240.7800
123.2498
138.1266
107.7081
101.1124
251.1312
332.6048
194.2923
98.3802
355.2404
269.5518
167.9931
221.2628
269.7418
277.8575
27.4337
94.2431
179.9992
183.8071
17.8510
89.6844
295.1858
169.8326
188.9887
275.7549
215.6462
231.1286
44.8062
215.1876
359.0089
15.2460
170.1670
340.2133
283.5843
199.4618
79.8849
4.9051
198.3129
350.3188
306.7674
275.6407
43.3448
109.2425
14.1295
123.1324
90.1224
72.8781
181.6452
201.4939
49.0149
48.4310
334.9347
19.1847
286.1104
65.4369
5.9725
19.5084
18.0459
104.8552
92.0923
82.4254
17.0279
4.5362
90.0000
267.7368
89.1590
240.9940
82.7656
252.5577
202.7440
40.2383
171.5918
155.6362
18.7505
69.8874
2.2711
38.4115
56.1411
40.1325
62.9111
165.1722
56.3881
355.7683
353.0328
69.5285
83.7416
203.7647
273.0957
305.7454
63.4533
28.0979
18.4729
352.0623
38.9429
58.3769
278.9897
64.8494
67.6742
63.9261
242.3753
317.9400
8.6410
11.0284
10.2288
13.5860
51.1854
51.0292
285.9991
259.0009
77.5420
12.5565
23.6426
59.7515
77.4729
93.3111
273.2228
78.0695
72.3684
354.6781
270.6562
255.5006
214.3986
142.4415
359.9745
225.1388
31.6941
9.1257
136.6795
41.2743
238.4033
61.7262
216.6839
210.6033
94.4396
274.9379
330.3820
35.9854
40.5189
96.5157
347.4438
199.6525
98.3387
102.0636
259.6582
84.0935
82.5857
319.4438
355.3938
92.4256
190.4559
351.1283
338.4466
58.2787
235.0383
228.8445
46.9096
261.7626
115.6621
244.4770
35.7808
285.0404
235.4092
266.6314
294.5665
94.6016
63.5436
174.0575
169.6029
138.3018
352.7072
169.4738
144.2012
190.2093
16.9763
102.1226
259.2313
51.3261
232.9348
2.6199
19.8117
64.5399
5.3341
58.1441
179.3594
42.9204
69.9510
48.4308
30.0732
336.3885
27.1508
235.8666
248.1508
212.0103
39.7166
158.5647
268.6178
340.5752
156.1087
150.1533
223.1227
333.7918
124.3159
127.5905
63.7988
224.9448
287.6719
273.6294
193.1642
175.8557
252.6514
94.4024
178.6892
76.0470
74.8211
55.5502
46.4005
42.4228
11.4243
1.0654
24.1775
358.9531
4.2958
64.3332
35.0386
93.9966
49.4668
88.9781
47.6426
347.5482
9.6456
34.6325
39.6642
28.1537
7.8458
356.3522
31.6171
50.1539
278.4098
40.0413
67.2147
294.0057
255.0518
51.4899
38.0891
199.4952
46.7406
46.0374
67.4033
86.0955
86.7777
45.5835
44.9752
34.7718
19.9234
63.6170
10.6786
22.4720
268.4544
151.6827
34.4886
176.6031
222.8351
42.4481
133.7191
123.1734
22.4135
13.0515
80.6675
60.8572
56.5183
25.7789
46.4235
36.4645
31.8006
21.9842
73.6573
76.9592
44.7273
30.0931
76.2928
77.7546
20.8955
19.4497
18.5335
2.4458
1.2898
340.6659
347.5876
57.1690
78.1101
202.3002
75.3827
76.8169
65.5737
6.4423
8.9716
68.5354
78.1832
7.4535
31.0647
196.7732
339.2958
59.6020
79.6872
2.4013
58.4342
29.8283
56.6881
35.3127
75.6994
90.8299
75.4057
185.3843
184.6174
37.8392
47.3600
333.4406
66.5622
10.0968
7.6367
85.5395
78.4230
356.8893
327.1451
54.6395
24.5589
49.4741
96.0968
73.6112
67.8742
27.9715
26.0557
34.5134
167.7107
2.6251
20.9132
262.5764
350.9860
67.2890
65.7636
21.5827
30.3754
89.4130
88.7312
66.5565
356.5134
112.8428
104.5363
74.7155
69.1067
104.3553
283.9658
308.4100
95.7932
9.5739
66.5961
76.9640
38.4082
4.5346
88.3164
53.8136
11.8266
15.0905
43.4391
45.4834
88.8163
15.5294
11.3729
268.2631
323.2940
19.7224
37.5148
23.0590
68.1614
110.3379
35.2980
142.2251
195.7235
17.2396
198.0986
183.7689
194.1250
235.8015
66.8066
69.1172
76.6527
63.3501
339.8030
4.8156
4.2626
9.0102
356.7561
17.6084
28.8863
32.1738
207.9506
1.8494
13.7789
24.7339
15.6108
46.2916
26.5935
194.0927
6.2847
175.3231
35.1215
36.9558
3.4963
9.4114
37.4052
42.0082
67.0156
67.0714
358.5309
4.5485
2.4542
233.2401
71.2633
294.8068
28.8358
45.7752
98.9320
225.2119
15.3799
303.6331
7.8541
117.4363
83.6022
114.4383
97.8554
128.6576
75.1039
44.2585
41.6206
58.0963
56.6984
1.3407
125.5290
292.6677
101.5809
284.8647
74.6180
5.6114
97.9875
271.5067
74.7735
61.4424
197.8228
85.0823
11.7334
353.2188
146.1655
193.0365
30.4822
327.2845
194.1380
275.0980
68.5135
229.9317
57.9665
66.7625
61.6126
48.8679
61.3892
61.4919
59.8787
62.5045
62.3942
81.3585
80.6964
75.3420
79.3877
7.8724
0.1945
83.0285
303.3215
46.8867
49.0595
8.3305
12.8592
356.9103
187.4516
26.8861
71.8862
67.3088
66.4498
83.5353
130.8268
98.6849
114.5574
105.2764
39.6150
22.6182
214.5279
109.8796
200.1426
301.1016
353.4532
2.2660
6.4126
338.8254
333.1476
87.7286
52.6960
268.6535
48.0718
61.7942
61.0901
255.4524
201.3015
82.1028
252.7714
358.6544
9.6004
223.4918
162.8245
45.9097
68.1659
294.3162
76.8470
69.7137
329.0855
347.3246
127.8335
117.0841
274.0062
325.8587
236.8809
257.4186
60.1286
142.0271
73.3655
78.6083
40.6073
60.1775
26.8046
47.3076
12.7991
99.1790
267.0481
358.0882
57.3139
215.7320
86.9860
58.2778
61.0014
205.8521
251.7491
257.8583
4.9211
17.5635
97.5762
190.6989
93.3104
62.9271
34.0872
70.8832
267.5852
164.0989
165.6566
193.3836
314.1626
19.6636
343.3596
57.2560
173.8324
154.8578
6.1646
349.8061
259.7577
180.2784
169.3438
253.3274
59.5877
351.1642
314.5537
157.7494
206.7586
214.7789
9.3268
24.7106
191.4092
72.6085
91.6859
106.3577
190.9810
180.1529
30.8242
190.8479
251.7781
309.8608
27.3976
149.1344
359.5672
92.0482
117.0980
59.4533
295.8042
78.8663
92.1183
11.9703
250.9376
5.8214
228.1398
305.7415
25.7773
24.0273
95.3295
7.6040
46.8334
283.5629
53.0376
139.9972
65.5944
79.2070
60.7986
90.2915
21.5422
243.2108
44.8587
219.8840
66.3583
237.7757
65.8230
89.9017
265.9193
34.9285
144.3532
75.4169
57.9229
298.9753
107.6237
359.4919
354.5820
102.3708
34.1106
31.7432
358.1127
2.5710
248.0918
103.5668
59.9064
359.6190
83.9685
341.0841
252.1477
25.3175
179.2554
9.9643
226.6175
55.3396
51.2251
353.7645
28.4528
59.9246
254.2204
119.3619
146.7278
359.1151
0.6211
347.9122
289.9997
47.5348
40.9236
183.2181
49.6460
10.9107
25.7116
105.7510
189.3113
22.6993
106.2919
142.0324
1.0580
10.9016
45.2743
210.9043
206.6658
319.1523
82.6292
44.7288
94.0347
33.4031
1.9191
93.1932
77.9430
46.8024
39.8693
236.8158
93.4334
68.0247
71.1919
200.6975
191.3595
40.8718
38.7132
17.4476
0.0018
80.0797
78.1307
28.6587
40.1614
335.9926
265.1036
10.5343
26.1771
17.0930
211.4239
43.0477
21.6749
253.1854
175.0793
20.4502
345.6724
170.9896
272.6717
10.2578
26.0738
344.6661
187.0314
69.7497
55.2781
28.4880
107.4399
110.4789
260.0504
62.0866
237.7732
44.8216
84.6156
150.5013
6.0471
9.5217
33.5149
90.6075
337.6326
85.1511
29.3023
28.5544
15.7057
42.1256
64.9218
186.0001
184.7726
69.9098
217.2130
52.3825
50.8274
301.5228
249.1884
4.5832
5.9181
329.3104
291.5437
45.0748
56.7189
24.4725
4.6465
65.5542
84.8489
34.9661
26.5634
6.7602
6.6547
76.3989
78.2319
10.8766
74.2179
49.2810
55.2576
32.2713
25.2353
37.9353
154.0500
54.0041
40.0749
68.8234
62.0109
52.9084
44.2292
355.6781
8.1989
277.5275
111.4475
17.2732
61.0033
87.4312
266.3708
42.1576
40.9203
139.5593
9.4408
16.9483
358.1752
358.3065
38.9948
52.3904
0.5587
348.7350
323.6537
79.0237
79.8646
6.4736
85.3513
73.8087
269.9871
1.9662
8.1424
240.0850
246.6667
56.0121
66.4154
86.3307
303.6256
2.9537
333.9453
145.4709
93.5154
24.5505
2.9950
224.8233
40.4325
18.8338
95.3663
57.2776
16.2133
79.2015
298.0105
58.9357
64.2273
129.7565
116.9197
86.8511
345.0440
59.4676
132.8686
355.0357
296.7209
300.4690
325.2033
140.0820
33.3939
228.7906
86.1011
82.6289
288.1719
323.7339
144.2034
95.5154
330.7614
108.2733
338.3471
218.2535
70.2291
24.1775
225.3896
156.7315
41.4386
285.2376
237.3902
47.6735
30.9874
199.5906
17.6182
356.1978
262.9036
134.1719
51.4000
268.6843
265.3733
184.9715
162.0957
278.3733
62.4798
40.7893
9.0922
37.4520
99.3768
22.0069
44.2006
333.0641
267.0644
287.0063
102.2858
110.3264
46.4776
315.2211
54.3056
108.9762
8.3889
63.9541
72.7114
88.5326
7.0518
69.7297
50.8546
57.0756
91.2255
90.2084
54.5294
38.4303
286.5983
100.1861
311.4270
63.2261
108.8475
102.6759
3.0277
183.2596
23.2918
0.3460
181.5624
6.4862
193.7413
155.3519
332.3180
310.1233
60.4346
47.4341
0.8413
17.5647
34.6158
202.9894
307.0767
85.6464
98.6239
198.0560
357.8329
16.7504
84.4513
43.7087
20.9063
248.3253
318.3379
111.9837
225.0863
116.1854
47.0975
0.9665
347.3000
84.7715
94.4196
25.9509
79.5929
270.2066
73.6582
320.6859
184.6846
125.8585
223.5802
7.7632
335.5946
21.6147
14.8134
28.7069
320.1283
67.4093
249.7350
22.8170
80.8617
22.7201
51.7984
23.8092
15.9892
20.3016
272.0724
205.9500
12.3547
49.9483
20.3005
183.0760
351.3061
165.4106
94.1736
9.7178
356.6675
267.0573
301.2722
206.5331
327.1454
