167.1231
3.3345
194.5260
203.2904
0.0128
306.7403
157.4095
157.4755
138.8502
82.5291
101.1899
328.1063
81.1988
147.1325
116.6492
192.0111
175.9265
59.8980
180.0024
242.5915
285.7368
283.0579
106.2112
98.3934
90.2727
205.3538
104.4246
270.0143
238.0454
49.3389
56.1592
59.8105
25.6040
351.7946
349.5735
270.8987
296.4467
25.8030
356.0901
108.7527
29.6097
171.6719
265.7845
244.6342
265.2834
113.8430
50.5426
342.4298
80.6984
68.2006
341.2075
212.3213
333.3620
131.6613
90.0602
305.2001
49.4681
357.6446
57.8111
72.6005
275.3552
72.5663
21.7935
5.3362
200.0701
338.9546
44.6191
56.6209
62.1908
291.2123
26.7455
317.0545
85.5408
92.3552
80.9862
88.3969
177.1530
271.5700
26.9623
22.0523
38.9927
10.9565
7.6301
51.4549
43.1868
67.1191
2.8905
76.0357
55.1420
22.9489
22.3699
22.0214
33.3472
24.7753
61.1934
51.1328
32.0136
67.1819
68.3655
12.4486
12.1793
39.1112
37.7414
55.3930
54.0607
53.8155
35.5410
30.2720
75.8121
83.4707
21.7218
22.2651
9.7260
353.7194
45.6178
42.7248
35.9704
37.2736
52.0551
67.1197
13.0770
22.9026
4.7761
1.7896
16.5987
21.3055
3.6296
5.5786
77.6100
86.0903
220.5044
313.1498
62.5912
61.1935
65.1759
51.4260
50.5790
289.2369
268.9521
13.9744
82.8760
90.8154
88.0626
85.9844
359.8019
5.4460
13.4263
4.6081
36.7723
330.4480
49.9066
79.5575
64.0013
66.8388
28.5990
25.6549
53.4736
41.1800
6.9363
74.7242
226.4631
65.3683
338.2614
33.3267
36.4425
8.2722
6.1475
191.7624
238.0703
45.2734
60.3484
25.8023
29.2146
36.6653
36.2284
107.7201
271.9341
57.7907
57.6785
61.2383
51.1668
5.9047
2.7576
75.6243
74.6945
5.6019
5.9549
45.0227
43.8157
129.7115
313.6706
83.1456
97.4111
241.4288
45.8558
302.6488
3.9927
3.9688
240.8679
88.5635
335.0729
116.1304
89.8768
50.9294
248.3574
304.8095
172.7615
3.2929
44.5174
10.0065
89.8856
91.8522
358.8531
49.5890
51.4704
76.5502
81.0886
73.7684
60.5125
107.5700
353.8995
124.8715
160.6842
3.6770
41.8646
67.8775
330.8546
309.8099
86.6185
228.2911
78.6382
98.9815
90.0089
349.4172
28.2899
107.9266
302.3662
20.7598
29.9159
27.1896
120.9506
359.6713
110.4465
149.7872
64.5709
67.7432
68.9836
19.3767
130.0611
163.8955
35.9860
45.1382
266.2888
124.7961
61.7068
111.3924
144.6575
68.7082
71.6596
72.1530
33.2127
78.6518
227.3973
61.0366
72.0707
167.1527
154.2537
342.0852
185.8168
212.1638
155.2351
17.8855
210.2226
12.1140
5.3952
11.8358
13.3550
251.7795
82.0483
48.0284
166.4946
359.6536
38.8862
301.2147
96.8249
74.1896
38.2353
218.0078
33.1186
194.2683
76.1938
268.5448
112.0450
237.0321
15.8872
8.9618
71.4394
49.2226
264.8349
357.1744
352.9550
36.4216
36.0734
200.0772
77.8235
111.8259
358.7101
192.6549
304.6876
258.7734
309.8267
63.5516
14.9847
211.6466
86.0469
89.9201
86.9794
268.6546
151.8347
351.3286
63.2688
49.0651
52.3968
233.8694
353.4435
20.4763
71.8358
74.0106
36.1038
29.8993
47.9873
54.7094
68.3306
76.1262
67.8578
68.7294
40.7944
49.0550
18.1184
10.4301
82.2715
70.2599
1.9063
1.3398
35.7920
101.5587
352.2144
15.9466
9.4925
217.2380
89.4242
87.7969
23.6117
55.2832
54.1852
53.9063
49.9582
57.1253
70.4738
20.0205
21.9779
11.7627
11.9326
28.1584
40.1692
318.6523
219.6209
89.9344
156.7940
45.6339
45.2695
8.2609
185.0959
36.3216
56.4399
105.6875
351.3281
105.6611
48.0946
7.0527
355.1916
116.4457
296.2870
103.0173
153.5706
355.7401
51.3577
329.2909
3.5694
355.4544
281.3451
26.3857
7.8097
184.2475
11.7487
351.0105
89.9098
229.1676
113.3946
41.1290
47.6933
8.4370
48.1941
50.1697
318.6568
352.1970
347.9907
62.2372
43.3023
172.6526
3.1761
198.9198
196.5754
335.4329
338.8234
203.5577
31.6198
27.2364
18.0117
14.9429
171.3581
57.8713
355.6247
347.0996
35.8806
7.0224
60.3167
337.3777
224.8532
60.7405
0.6381
31.9041
268.6529
300.9715
73.9129
200.1520
352.0794
4.5132
11.9038
86.9743
90.4761
103.0044
19.9900
0.2987
38.5671
111.3626
124.7007
75.0865
189.7173
1.7033
349.5941
269.1555
341.8409
144.9699
348.6920
55.5847
29.7676
74.1094
204.9741
224.2041
79.4744
68.7153
81.5683
78.6277
84.9618
86.0130
75.8544
75.7764
30.9033
84.9398
85.1480
6.8721
12.6422
9.4122
3.3561
39.7003
39.9319
21.4058
9.6360
2.8132
22.9677
48.1906
44.2803
50.7558
50.8687
69.0637
68.5928
27.6601
32.6414
41.4569
36.9225
60.3267
54.6457
3.1195
6.4074
62.5258
64.2909
2.7889
2.5634
31.3191
16.8419
65.7794
68.3103
23.8659
18.8026
84.0249
87.8694
51.7357
42.7754
28.2790
15.0322
6.8770
33.2200
34.3519
60.8168
53.9756
41.4932
40.1052
6.9621
55.9665
289.8943
53.1932
0.8203
63.7851
74.0671
318.2740
33.9134
34.3529
0.6428
0.1506
228.3483
277.4087
17.7245
20.4455
61.4324
56.7233
33.4233
59.4675
23.5164
95.5489
57.3265
86.0364
48.1428
252.0551
70.7897
76.6938
83.6194
102.1042
68.1685
80.4879
81.3723
50.6373
231.7600
26.5810
29.9367
0.9846
359.6490
52.1570
323.6178
27.7537
43.6110
72.5610
75.6748
32.7035
15.3724
72.2841
313.2646
87.7566
60.2777
219.1245
213.0068
325.8796
64.3708
348.5717
98.0476
78.0290
84.5430
54.6975
261.6858
90.4445
16.5003
160.3530
259.5801
285.7444
140.0638
225.7748
278.5298
57.6302
51.1410
212.8549
278.1859
133.3143
153.8685
23.5015
115.9928
38.4426
235.1765
172.5014
199.7153
252.5975
69.8713
284.6267
284.0125
319.5841
26.2127
166.1757
126.1513
232.2550
21.5703
34.8736
64.0869
58.2194
35.2272
47.4955
52.9255
317.9775
10.6090
5.4886
75.9866
82.6324
6.8814
147.2852
87.1159
87.7298
32.3287
29.7823
35.0962
219.6747
78.4373
68.6646
95.5466
90.3895
2.7303
51.9138
326.9848
281.2078
89.4019
57.4324
59.8114
65.6718
53.2221
304.1205
11.3871
64.5660
347.8350
350.5984
62.0062
59.4090
53.6268
77.8959
79.2323
58.9863
312.4384
66.7298
281.1602
66.3692
85.3959
89.3847
274.8118
95.0978
93.9737
49.8068
308.7632
149.5155
260.6525
83.4855
93.4514
23.4561
26.9572
46.2754
200.1140
87.7181
142.9307
62.4783
82.9464
324.7149
151.7207
61.6970
54.4866
48.9936
307.0127
47.0822
140.4574
210.8867
198.2279
50.0748
42.0887
194.7668
6.3070
317.2227
49.2501
22.8799
36.3369
295.6157
124.9423
58.7655
131.9505
57.8018
57.5261
161.4177
168.1467
258.6496
339.8651
273.4235
173.7872
233.4301
1.8162
327.2143
32.2873
357.1117
183.8841
55.9489
9.5323
83.3644
101.7027
53.7972
123.5286
89.0368
272.2574
45.6121
210.2113
95.3163
9.7440
325.2955
106.1465
157.5035
34.7476
143.3106
62.6676
62.3094
50.9010
52.1507
73.3552
94.7494
212.4680
180.8229
325.2059
82.5228
39.4876
112.0928
75.5401
131.9069
303.1096
106.8781
292.7483
43.9158
242.1713
27.1298
267.0274
72.6620
9.1274
9.0961
344.2444
321.6346
32.8939
35.9717
49.0747
307.8670
63.2853
5.6295
309.3207
293.6622
81.4715
352.9212
55.3367
46.5435
181.7950
166.5099
348.5781
329.2105
251.3710
355.6616
359.5391
232.1684
276.1679
84.1877
95.1214
47.9401
104.3476
54.9420
58.4560
256.0133
260.7741
40.9965
39.3537
25.5210
22.0102
23.4217
73.3111
289.6159
35.3471
33.6017
113.6675
60.3355
70.3732
30.4598
89.0574
75.6935
163.4093
26.0074
26.8198
40.6748
44.4705
94.0982
106.7321
52.8358
52.9672
194.4962
67.6095
117.1997
3.1676
2.3242
68.2295
72.8767
19.4969
34.1930
17.0288
16.3395
130.2868
342.5703
76.1830
97.8467
67.9512
78.9117
74.4850
42.3343
354.0911
44.9872
35.0784
33.6290
346.4633
37.8881
60.1014
56.7149
22.5804
17.5405
90.0614
88.1813
43.0487
54.0497
53.5121
55.4674
343.4745
27.3854
29.9105
29.3133
27.8887
30.5292
62.0176
68.0999
80.5439
96.0718
100.3271
38.8768
45.0204
91.3062
76.7320
59.6297
88.3576
73.7306
46.8553
45.9573
91.0959
103.2114
7.7428
284.7703
46.9388
53.9790
50.6148
239.8195
64.0418
156.1040
76.3740
286.1157
39.0907
217.1975
92.0026
87.6636
19.7917
17.5596
89.0066
87.7076
27.5755
17.0230
59.5861
57.0980
71.2886
70.7697
283.5731
71.6827
327.0337
126.9530
212.2632
61.5899
0.7066
1.3601
41.8289
37.8317
38.8218
220.5890
63.2763
73.7145
2.7020
82.5474
84.8376
349.4858
107.6400
69.1252
70.2439
86.2902
88.3403
5.9025
359.3646
7.3195
130.0485
62.2768
21.3586
28.7409
264.0994
48.6213
22.2586
25.9125
346.3844
57.3257
107.5715
254.1370
48.7226
180.4703
86.4942
84.3736
37.2548
249.5862
60.1437
57.1896
83.0473
69.3003
105.0556
60.0088
229.8876
49.6429
86.9302
114.4875
183.0202
44.9085
171.0582
67.5812
104.7846
22.1684
15.3692
80.1170
80.2716
103.1325
284.7326
93.1280
90.6119
72.0131
77.7053
19.1255
96.6748
206.1991
207.4831
81.9979
126.6357
26.9463
243.3682
68.2715
97.7935
44.5201
21.4603
16.9801
83.7176
89.9916
34.2954
81.4888
15.6937
20.1350
86.6391
73.8203
11.9081
339.0441
90.6717
87.7186
17.1937
15.9370
25.3793
20.9998
21.4556
25.6587
354.2055
4.5702
41.9156
32.4410
66.0881
106.5859
101.0930
3.9101
259.1662
178.9409
24.3114
7.3335
7.2896
68.0628
277.5562
79.8178
325.0597
59.1270
96.4854
344.8086
41.5482
346.3595
9.0389
355.8725
352.5573
26.5342
27.6998
297.6156
212.5975
256.9225
20.2660
309.7667
47.1144
228.2685
73.2233
281.9293
62.5271
62.4032
73.5579
114.9132
21.4281
263.2283
326.0538
139.9070
158.2436
336.7560
82.5368
40.8628
314.3749
44.9305
19.6037
39.8031
232.1512
33.3482
359.8263
354.1030
101.6782
81.6142
59.2511
37.4286
3.0747
8.2893
282.8113
36.1430
244.0366
266.1050
48.5919
68.7016
97.7029
348.1259
328.8051
52.7035
54.3299
152.0811
124.5692
6.8468
176.4168
187.5851
284.2933
202.5474
292.8832
321.9623
208.5622
27.4845
333.4965
4.9620
13.4579
58.9283
7.0685
272.6231
76.7203
285.0584
31.9330
174.4965
355.4650
99.8169
277.5521
9.7088
3.7744
58.5262
47.6927
295.3832
70.9314
238.3697
50.3269
115.6287
39.8681
274.2492
232.5497
313.2913
72.4870
42.2802
159.3267
13.0615
57.1844
227.8987
287.3079
23.7786
56.0552
61.5228
228.1055
206.8065
275.2965
201.9208
187.8454
135.9751
159.4596
305.3051
80.4981
86.7765
247.0118
276.1537
223.2308
168.4951
136.9324
153.5008
232.2076
102.0487
288.4924
350.0737
8.4897
7.1240
66.5791
65.2063
49.5125
207.9834
247.4153
46.9631
47.5338
51.2648
344.9220
52.0174
211.2608
229.2106
116.4364
45.8312
10.8751
8.6160
1.2765
0.9293
20.2828
18.6065
15.7546
10.5629
39.6421
131.2675
23.0341
331.3361
3.8051
19.3601
73.1442
89.1243
90.6014
158.6967
36.3437
203.7553
11.2439
13.9177
9.6052
0.4664
351.7535
105.4376
65.7860
258.8916
22.8653
136.9384
75.6125
25.1857
62.6532
353.7575
68.0849
302.1866
273.4515
2.7277
277.5531
217.4461
44.9898
338.3328
286.4695
76.1123
234.6127
97.4914
0.5774
23.5387
165.8807
202.6450
221.1150
179.6249
0.8132
287.0839
33.8406
14.1452
48.3391
217.4659
222.2716
12.4376
9.4309
358.2568
356.5934
9.3745
192.5675
348.1888
15.8902
178.9189
324.9532
333.4269
45.7168
180.2521
175.0135
71.6150
72.5741
73.5409
151.2020
139.6770
141.7273
10.0616
10.4830
13.8696
6.9821
50.2332
195.9989
95.5223
96.9646
122.1321
286.0850
43.4695
7.9297
148.8260
149.6899
82.6195
295.5962
262.0268
44.2307
345.0785
285.9305
42.3499
9.4050
76.5532
262.5313
52.8328
345.8131
350.6436
3.9557
285.8128
196.6163
307.7045
357.2650
163.0376
72.4703
223.3294
123.4664
24.5931
192.5133
335.7097
353.3018
2.8806
179.4310
141.7187
350.4248
347.5574
88.5721
60.5620
66.4024
233.8637
314.7109
116.7519
45.8547
42.2167
17.4623
240.6967
242.7605
344.5098
179.9981
50.4108
103.8772
269.3070
243.2026
25.1160
153.7606
128.4291
102.9574
119.2977
256.9801
98.3233
274.6641
323.7253
219.6598
154.7675
53.2113
252.4391
283.3287
46.3069
299.9639
264.2831
141.9885
9.2156
329.5181
179.8942
2.7804
337.7981
341.7100
46.2580
21.8889
323.0669
222.5661
156.8215
220.3497
268.1936
270.0062
148.2609
281.3414
8.8880
174.3557
289.6346
84.0380
127.3670
95.8168
276.9204
69.7933
105.5418
293.2093
340.7618
246.2023
297.4567
201.4222
342.0449
204.8079
101.0868
63.0866
62.7790
89.4644
89.1900
15.3455
352.4525
63.2647
62.4349
106.8317
12.6517
20.6112
58.5262
58.4757
54.1543
26.3773
299.8892
74.1694
59.0896
3.6747
0.1617
84.7000
89.0320
272.0590
111.5959
305.5898
28.7674
17.5788
46.8921
54.4750
32.4473
23.1917
50.5922
62.3024
339.4954
48.8232
49.3538
37.7280
86.8821
104.5160
68.6414
68.4069
81.7860
91.1712
27.9901
320.0327
54.0084
51.5152
66.9207
73.1105
70.1161
4.8312
6.4795
72.8243
100.6477
49.4325
41.0148
31.1396
34.0665
98.9351
29.9537
25.8278
211.8211
79.5541
78.5238
39.8268
36.4953
59.0166
21.6410
16.6576
86.6342
90.3585
13.3132
332.8049
29.7719
46.0428
20.6964
341.1073
82.4387
245.5161
87.6979
356.7690
356.8876
58.9093
60.1127
45.1904
356.7801
187.1919
42.5221
216.6060
126.4812
200.6687
194.4769
55.7220
53.0707
32.5553
8.9391
49.1644
28.7400
85.1049
321.0824
234.7255
171.5367
186.0464
0.9036
42.6221
88.4017
326.2575
297.6640
74.7483
54.1993
283.4531
57.6259
246.6627
20.0864
351.4391
10.7487
226.0188
163.5368
107.7933
219.4483
155.7885
109.2034
250.4319
4.7023
254.3754
67.6750
75.6233
40.2566
160.8032
17.3503
133.2202
257.4783
271.3133
9.3163
159.0039
324.8066
218.4968
326.1064
7.5193
65.0143
124.9074
218.5835
171.7164
42.0906
51.6535
67.9691
55.9508
158.7885
296.3430
280.4260
50.2547
108.0245
17.4643
348.8108
120.6419
294.6712
103.9227
123.6514
54.5916
46.5901
65.4593
138.4580
62.0282
73.3839
343.2211
81.8375
68.5630
11.4684
48.9562
172.4114
125.0568
281.5957
86.1382
90.3883
280.7323
72.1429
3.1518
307.0962
309.3363
61.5479
69.0825
292.5471
259.0717
64.2390
247.4652
108.8457
297.2293
93.0814
296.0634
42.2431
74.4171
276.0948
92.1730
274.4714
105.0491
257.3334
348.5076
17.2059
41.0297
250.0516
67.5248
45.9150
48.0135
228.0868
20.5858
349.6349
69.2110
174.7136
75.6345
270.5422
333.6533
39.6795
358.8850
327.7986
18.1466
359.9964
47.7583
141.6326
180.8966
286.2680
264.7387
24.6458
27.4802
66.6508
9.0388
289.1351
0.8353
191.9025
50.6529
165.6177
40.5277
96.7637
81.7752
234.8634
62.1780
49.2987
135.0259
7.7837
3.8594
139.0558
198.6599
108.8177
19.6175
41.5210
237.3199
290.4174
106.1408
67.0766
76.6634
65.8674
70.1614
119.9062
115.4397
206.5568
78.3286
123.6496
140.3055
343.3366
345.1177
152.8137
179.0224
286.4168
118.2007
194.9660
268.1968
3.3350
323.5215
35.3326
257.5415
100.8225
291.6864
298.3121
303.8833
41.2960
222.4148
87.5795
200.9021
6.0602
192.2453
15.6170
318.7964
110.1212
310.6381
48.6812
68.6345
78.4742
89.5543
64.4333
144.3985
14.6310
74.8638
80.3912
196.2669
79.4461
125.8322
95.3514
202.9058
44.6640
267.0597
207.2011
280.7183
49.3929
93.2492
353.7933
63.2574
76.5202
277.1909
209.7359
81.8658
265.8689
123.6518
295.7715
57.9106
7.6933
204.7155
319.6715
333.0312
41.1215
255.0556
68.8022
190.7029
8.5889
258.8048
30.8881
134.9690
51.5875
208.5493
241.8165
44.4600
46.1252
66.6301
282.1637
49.3569
182.1085
38.5858
33.2405
41.0221
174.2687
56.2000
217.6306
206.2052
35.9032
268.9061
12.5410
11.8486
21.4021
14.6954
20.1543
211.0395
282.9370
53.3047
18.6144
54.9272
42.2525
162.7067
322.1579
96.3011
82.8753
327.8163
60.4046
322.4225
1.8198
21.9910
22.0583
12.9050
11.0933
23.4202
21.0028
49.7565
9.8493
33.4863
321.2870
1.8418
52.9882
202.4521
67.3318
53.0962
267.0485
46.7676
341.4724
254.6695
139.7789
325.9107
17.8869
60.5578
251.8856
43.5047
48.0194
30.0432
26.9237
349.3881
210.1627
56.2822
147.2878
57.6220
53.5926
18.8675
11.6080
304.4424
312.0888
69.2217
73.2139
47.1471
94.8618
77.2988
343.7555
259.2229
319.2973
84.7152
357.0733
69.9794
74.9011
106.9722
103.7011
132.3225
143.8367
2.2358
169.1462
334.1082
202.5550
226.8635
162.2306
269.8393
50.2281
254.6323
280.1820
86.4873
26.2795
353.7993
263.1218
68.1713
264.7363
359.6797
5.1518
4.6458
217.3789
247.0106
2.3914
192.9430
75.2317
277.5900
298.9665
345.8683
160.8212
326.6509
150.9590
180.8524
89.5214
31.6145
273.5696
38.6853
185.3784
332.7658
246.4448
239.6297
354.8776
126.3180
295.9342
71.5756
261.6239
173.0180
67.0152
61.6138
90.2253
32.0283
356.5432
229.4617
166.4394
276.5298
69.7938
74.9461
161.8073
55.6271
129.1908
168.5816
295.6404
124.7358
97.1581
266.2618
304.8612
136.9795
260.7293
74.6573
267.3878
264.6459
319.0531
311.7026
240.3373
52.2549
128.2398
51.0799
169.0563
21.9448
79.0243
313.8901
271.2343
286.7935
143.2990
233.1047
146.2917
149.0661
326.7197
310.2812
59.8545
32.1492
39.0166
42.5555
44.2259
5.0790
173.0110
342.1569
280.6378
125.0615
81.3662
152.1316
45.0143
53.6628
110.1151
197.6399
271.0167
240.5950
83.1234
87.6906
1.5636
71.2944
62.5099
56.6829
144.6672
108.3925
23.4922
51.9010
81.1403
315.3226
289.7983
317.5525
98.7252
103.9858
181.3161
12.4307
167.9981
8.3983
57.1182
50.4487
96.1547
145.8214
55.4148
280.1169
11.6283
134.3262
298.7320
107.5573
150.9303
34.5833
76.0145
199.2700
323.1543
69.3929
327.7361
323.0936
99.3331
70.8598
93.4825
105.4933
112.6796
341.8913
141.7069
138.5958
119.4657
89.1343
75.7983
282.9267
41.2578
42.6508
35.5473
320.4751
87.2870
229.8158
35.1388
57.0662
91.5670
107.6395
87.8205
89.8267
54.1135
85.5230
257.7095
198.4466
7.1416
7.6068
78.1437
64.0431
154.0319
221.6366
339.5096
290.2960
168.7809
45.3272
350.8026
262.5291
299.9579
117.7088
227.5699
70.9773
158.4634
60.3449
138.8533
175.6548
291.0830
262.0881
21.5158
286.8199
334.8435
88.6992
84.9868
75.4648
105.8143
75.3686
169.6269
340.3705
49.0683
346.6696
263.5534
349.7327
359.7065
172.0331
219.4103
244.3070
87.2060
155.7278
180.4036
120.1009
87.2261
272.6958
68.6888
168.5896
328.5636
328.8995
337.5818
113.9697
35.1610
55.2341
37.3240
99.1764
27.0448
65.5287
317.6085
266.1041
282.2291
194.6134
202.0894
203.2874
5.8729
340.4555
189.3980
6.7293
18.0989
273.7394
80.9053
74.8931
265.4035
63.7398
75.8059
219.9145
77.1664
99.4553
53.6714
292.7956
59.9630
90.9581
92.4412
45.6444
141.1640
348.2678
102.5493
219.2499
107.6304
109.2923
31.6334
75.9758
44.5585
99.9764
274.3930
94.5886
91.1153
115.0562
348.3281
208.0596
93.4940
120.8825
97.6968
69.2193
75.3789
186.4218
132.7431
258.0085
351.2852
335.2417
83.2206
257.0197
68.1521
299.0648
38.4514
187.3132
150.5411
182.9056
312.0808
64.6166
109.0025
298.9029
88.4212
153.6389
93.2879
333.6060
258.1186
155.5560
91.8901
72.0065
146.7590
61.0506
16.3880
181.9351
268.7695
77.3187
298.4970
55.1129
278.1746
179.9678
346.9514
259.9909
242.1428
61.8745
99.2587
280.0494
229.3256
277.8457
176.1226
34.6133
351.7328
99.6604
89.5841
102.7688
70.1539
145.2040
39.1743
244.5032
222.7887
81.3384
241.6719
85.7061
141.3014
77.5873
288.3255
14.3272
205.1278
356.9846
106.5044
71.9700
239.6286
75.6171
227.7072
1.2368
50.3476
77.1950
321.7841
174.8514
46.4125
235.6256
79.8667
95.3467
5.2894
143.9641
95.1768
117.6854
248.6558
87.3813
111.5666
214.0592
95.9042
176.9659
1.7407
36.1861
21.5569
245.4879
103.7799
89.0374
345.0851
164.2402
135.4016
336.8470
193.2298
324.7025
84.4384
313.7875
288.7065
107.1687
323.3994
140.2968
244.0789
358.1493
10.4859
48.5361
336.8663
317.7444
270.7218
245.7011
155.7245
312.1531
261.7720
214.8748
331.3214
170.0408
54.7962
217.0247
114.8384
55.9301
89.3094
221.0340
75.6823
44.1202
221.2181
204.9726
190.2320
108.9839
228.8443
84.1008
71.8197
54.1957
310.9151
256.6006
52.5090
4.8954
56.0766
272.9993
89.0501
288.6555
32.0323
275.2799
32.9971
67.5840
35.8066
11.3979
136.6693
21.1926
73.5323
25.4143
302.7783
65.8812
178.9303
3.7351
0.5921
348.7745
21.2445
232.4616
11.0914
104.8680
228.4004
342.5674
343.9680
23.1894
357.8686
133.9085
164.0877
31.1398
313.5615
64.4831
64.3263
67.0991
292.8161
28.1944
343.3231
255.0813
46.2133
57.4615
281.0882
77.5226
103.0908
221.9484
29.6002
146.3973
76.3118
75.4221
43.1012
209.0543
13.3955
11.1044
289.1573
227.6856
213.2709
16.5191
283.1412
274.9935
77.7618
202.0330
94.6941
287.4866
62.5446
281.3606
271.0452
3.2931
134.8164
161.6995
266.7628
90.1496
2.3220
7.5557
172.4727
331.6643
359.9038
26.0787
82.2941
231.4200
359.8651
196.4919
207.3280
352.6317
291.0559
318.5431
251.9043
182.8443
308.7016
262.8723
326.8728
157.1719
204.0572
78.2207
319.9890
10.3537
245.7243
353.3839
30.2843
0.9706
246.3269
164.7066
0.9585
77.4359
188.5853
260.7504
39.6304
78.1260
98.1339
58.0276
63.2328
91.3616
132.2577
151.3855
26.3932
79.9596
53.1127
39.9866
346.0895
301.4205
144.0196
233.7723
274.5348
336.4048
68.2199
326.7286
56.1814
329.5459
154.9212
268.3601
336.6053
61.1207
259.2788
150.5683
186.9019
277.3822
254.9110
32.1319
93.5650
54.6211
92.0848
106.9167
55.5008
51.7609
159.8242
11.5532
263.2922
141.4584
134.8130
87.6175
357.3880
36.0523
287.9548
79.3930
306.7560
108.2285
105.9482
38.6817
11.1890
267.2731
75.7680
104.8224
171.5060
160.7005
51.4768
126.1331
55.7262
342.1679
308.1448
13.8593
205.3133
244.5804
319.3190
57.2930
223.2831
359.9995
167.6567
190.9041
269.8958
16.1319
98.7713
162.5225
338.2552
58.6735
140.4624
112.3105
147.3433
9.7963
75.8714
98.2179
184.0756
224.7566
268.7278
118.0118
27.6047
322.1442
69.7543
115.3055
319.0786
31.2960
107.4064
168.1978
110.2885
315.3849
256.9651
162.2678
193.0444
21.8233
338.9707
348.3766
130.6349
81.0988
70.7386
327.9167
236.9869
26.1743
126.1252
93.0387
61.1906
283.1011
89.7235
270.0000
6.0774
114.4821
122.6900
75.9323
106.3426
209.1353
28.7884
12.0513
352.3670
145.5121
67.7114
22.3182
55.2215
56.9108
58.8344
223.5209
73.7409
61.4416
29.3334
218.8619
57.0737
82.3089
16.6709
194.6897
76.0064
116.4449
33.5118
36.8747
38.6671
194.8556
56.9251
69.3573
77.3828
238.0400
250.0366
88.6568
80.4368
0.4683
161.1958
84.3267
337.4290
176.3596
123.8485
160.3976
76.5282
84.1830
253.9069
358.6088
59.6360
73.2397
243.4434
155.9890
69.3808
142.5262
62.7985
249.3012
171.2621
190.4942
249.9587
0.1555
229.6809
213.1828
300.2417
190.4776
231.9468
257.7436
96.2692
216.9448
324.7532
81.4031
238.7098
347.1098
74.8461
27.0731
85.1066
142.5779
167.9888
203.8371
255.0791
289.7846
94.0947
73.2467
290.8414
198.2207
284.3752
3.3976
285.6028
239.9541
66.3472
264.8838
265.0075
105.9302
348.2360
120.2230
276.2105
202.9017
267.3309
196.1181
305.1958
288.5526
282.7094
102.4477
94.8165
163.1530
155.1296
110.8055
171.9194
152.2714
163.0056
18.7512
64.1936
93.6722
285.2434
239.5208
18.6658
74.3101
70.6048
239.4032
230.0125
229.3389
270.0452
17.9387
234.7227
200.8302
23.9153
351.9823
61.4578
218.4432
350.0857
124.0655
290.3338
112.9651
346.9014
119.3960
193.8865
213.8954
208.0439
260.8763
288.1488
320.2173
71.0337
330.1215
35.8799
352.4129
187.5505
55.7636
62.8698
338.0187
61.7504
40.7874
42.5251
76.1260
73.3533
7.6073
1.7097
32.5082
5.2134
3.0862
56.8649
56.3034
65.2327
66.9686
58.8637
58.0056
27.1347
28.4647
41.8969
43.1985
60.0919
60.0020
351.4080
195.2616
62.0283
62.6022
16.5175
17.9295
217.5865
126.6078
57.3252
41.5304
31.1224
40.1399
21.7949
58.0689
66.6135
67.4709
42.0296
41.3279
72.6289
76.6821
87.7404
19.4560
13.0694
307.6205
350.9027
18.1060
18.2945
35.3810
50.4435
52.6110
92.4130
19.1354
4.4971
30.9871
151.3349
81.8411
73.5085
8.6441
2.9155
34.7133
222.4649
37.8532
98.7795
15.9103
8.5340
50.0990
56.6705
34.9025
34.7414
190.1326
4.6897
7.4770
2.8764
0.5724
51.4517
69.7882
26.4421
64.3165
63.2547
61.5036
3.1824
0.3383
47.3901
50.9683
30.4132
250.2006
22.4039
67.2167
73.7741
82.2317
35.4747
87.6703
67.7930
45.3983
26.9836
26.2327
244.7580
69.1176
3.1479
1.8132
212.7068
44.4423
20.0328
203.8795
10.5268
8.6217
85.6889
88.4001
32.9044
34.9166
73.9419
32.7143
26.2354
277.9806
45.0688
47.3309
129.3071
15.2924
17.9013
150.8916
47.4381
42.4068
228.5410
343.5394
63.4126
64.2196
24.4765
332.8570
77.5020
100.7903
82.9889
60.5121
205.6119
122.2647
89.9898
281.2161
2.4134
64.9293
330.3081
81.8374
340.6929
45.4016
49.0517
48.7542
75.4830
14.2035
168.9300
22.0003
224.5812
53.5674
68.5602
86.9218
49.8686
49.5588
22.9564
179.9397
161.5233
27.3305
21.0338
72.1337
267.4641
247.2241
70.3836
61.2623
15.3219
339.8587
18.4382
355.5576
317.0622
72.0294
71.8397
69.8935
69.8270
79.4176
1.3121
357.8718
12.3058
29.8489
60.0172
77.6815
39.2032
44.1376
5.7898
12.2808
24.0744
154.9839
49.8132
263.4332
310.4160
45.0691
43.2548
31.7889
65.8104
131.0199
199.2065
74.2269
82.0147
63.8193
63.9459
90.8301
4.7628
8.8677
208.0808
51.0638
125.7649
48.1381
235.7812
95.8617
17.4838
75.7736
46.6908
30.9348
84.4369
83.4277
180.1685
91.7120
88.0588
279.9442
53.2587
57.6714
66.2389
72.5016
66.2942
333.8022
8.7903
186.2428
55.3865
54.7823
0.9368
90.0037
92.2663
62.0002
66.6444
59.7564
103.1718
22.7333
21.9470
62.9224
45.1848
199.8246
297.4122
37.3381
96.5747
28.2574
178.3684
75.1523
74.3209
46.0455
117.1945
277.1466
54.7433
83.6476
62.0991
116.1182
87.7743
87.5900
249.2678
104.5807
188.5996
192.9105
63.5644
122.6009
12.7849
18.1332
20.0909
36.8838
331.0329
19.5653
231.1521
94.6061
68.9822
61.7974
75.1682
70.6441
69.6765
201.0562
201.8031
35.4107
209.5151
61.5834
52.4394
224.1889
80.5786
100.6946
185.6890
186.3239
245.7209
287.8457
237.8433
261.6902
262.1468
108.7362
58.5325
117.7314
310.4968
351.8532
261.4489
43.5907
103.3059
11.0990
91.8251
48.9424
304.0140
46.3200
132.3741
65.7745
284.9248
68.4360
81.9498
123.6251
91.5875
122.0288
260.3718
256.2595
258.6720
177.9356
181.1525
300.6709
43.7239
35.3739
37.1551
20.7380
51.1185
358.4901
22.7400
267.0452
21.9564
66.1337
187.4820
74.8492
51.9831
66.2847
194.4912
69.7240
63.3236
58.6168
151.9649
7.5824
14.7211
91.4454
234.4489
237.1277
66.9534
68.6845
194.7051
135.2317
29.6105
87.5260
132.0991
120.1722
122.9537
136.2935
154.7508
52.5415
37.8156
24.0295
343.9525
285.2201
38.5995
333.3849
111.6311
33.5532
30.1149
221.9862
219.4290
45.0504
62.3411
308.0799
56.8523
238.8870
164.2184
68.5781
344.0336
31.7833
203.6234
263.3512
143.3613
208.9799
257.0989
27.7101
46.9374
78.8494
44.4625
323.7645
250.3213
36.2650
249.9679
46.9314
196.3028
111.8596
320.8208
21.4631
141.3758
99.8422
18.1646
299.6773
278.3090
142.8464
223.3000
67.2729
58.5479
78.2680
102.1304
243.2599
144.7838
31.9695
203.4465
253.6918
117.8676
139.8429
273.5082
63.6596
37.0777
36.9816
80.9733
45.3545
111.3500
222.6446
0.6132
336.9927
69.6465
41.8935
37.7329
0.9298
3.0892
249.1026
36.8242
158.9040
359.6705
65.4229
307.9275
88.1567
22.7943
199.6790
13.5436
335.8847
83.9469
252.3719
101.2252
42.2451
15.1915
76.6844
61.2166
56.9877
0.3870
0.0749
173.6175
57.1755
49.2242
41.4456
28.2354
60.7179
43.6994
9.0766
272.4240
189.2294
191.3373
104.4607
108.3191
190.7678
20.0490
39.1259
44.5920
60.7664
131.7830
57.0020
62.1407
96.7568
58.6150
3.9262
81.7973
88.9975
36.4497
37.6875
58.8539
115.5065
67.8943
304.2699
12.2767
15.3237
49.9949
327.1961
13.8724
359.1252
89.7621
99.7175
40.4404
33.0264
193.6443
263.0239
193.5437
17.5844
153.4619
31.3327
147.1161
24.9962
191.9978
194.5754
18.8646
190.7407
322.8270
252.6247
10.9151
191.5080
9.9852
35.5906
38.3865
50.6402
30.1273
349.5277
18.2616
323.4724
263.8145
349.0450
62.5282
79.7699
80.2839
30.2171
109.4511
64.3763
68.7703
60.2968
22.7628
91.6143
42.5883
44.7010
36.5489
67.4698
8.7808
7.9184
61.9138
57.1130
55.6887
51.1752
42.3451
40.8019
7.6475
2.4439
6.3826
6.1101
59.7550
60.7055
26.6142
15.6438
64.2393
99.8776
27.3604
30.4643
14.7557
13.8854
73.0705
74.0478
7.7519
0.4413
79.8044
84.2568
86.0930
65.1826
153.6194
309.7694
48.7243
47.6853
61.7406
60.9181
39.5491
98.7288
4.3061
3.8828
46.2472
2.4251
28.2823
45.9323
101.6675
229.3749
72.2593
127.9688
219.1349
22.3285
16.6487
1.9294
3.2683
33.3557
28.7441
17.3058
16.7106
18.0580
14.6836
88.5706
94.3243
104.5214
70.9476
269.8752
4.3028
0.3747
196.4041
291.9642
56.8459
226.1714
91.2182
93.5232
71.3441
6.2797
82.4750
73.2501
349.1540
261.1728
64.8768
64.2545
304.2508
283.5092
49.5945
89.3096
98.4634
104.1798
17.9261
281.9689
78.0543
89.1142
91.6090
91.3455
107.5516
13.4282
316.8032
312.3225
305.6543
200.9567
199.1632
18.4741
15.4440
155.5550
250.4771
263.8096
254.2930
73.4759
71.8805
359.8326
353.5697
294.6800
302.1886
87.4371
251.0895
301.0287
201.1371
144.3338
212.7475
204.6582
258.0506
245.6479
293.6253
150.3321
14.8515
143.9997
229.6313
335.2754
87.4993
104.7120
174.8616
168.7278
150.3779
40.2995
14.8212
334.5228
37.5599
94.8626
219.7745
335.1547
39.2267
297.5648
270.2138
97.8140
111.9825
50.1301
320.3950
99.6387
67.9050
18.3844
119.1176
325.7329
173.5028
115.0554
55.5832
216.5642
129.2447
72.2911
96.4761
36.0362
41.6213
236.6086
115.6777
312.3865
48.8166
9.1757
241.0092
4.5348
14.8000
205.6308
0.1497
33.8425
26.4966
259.9782
197.1125
319.0776
342.5815
78.0870
57.9720
58.0617
243.1001
273.5384
272.5348
272.1170
100.3120
285.1776
225.9133
346.2272
159.9042
78.7574
40.4123
201.4177
89.4336
52.1890
109.8759
228.1628
33.5864
29.0279
91.4371
235.3213
65.0178
19.8529
266.9359
295.6017
208.1751
74.0320
217.9300
276.2543
259.5289
228.7666
356.7801
355.8716
11.7439
206.0800
90.4963
302.1200
74.0756
69.0130
34.1030
86.2886
29.7157
190.6217
347.9138
13.4424
57.8949
267.3861
136.7141
15.3707
62.3884
352.6868
230.0169
140.8609
339.8887
96.1177
5.7924
0.4181
274.7354
341.4939
155.1236
63.0155
