33.1919
24.1632
323.2891
225.2127
0.0021
39.9795
16.2965
16.2587
268.8865
124.7051
178.8832
256.8576
273.9952
38.7862
111.7207
359.1937
181.4022
239.2739
179.9998
26.6654
231.8951
233.6811
301.8022
127.8867
99.4350
8.1386
139.9785
269.9993
35.8861
350.0538
61.5728
125.0385
66.0927
21.3739
40.7948
308.8675
352.4593
218.4432
9.1414
237.9764
21.0561
333.0385
268.6110
95.7507
251.5137
86.0988
94.3491
342.3939
89.7039
134.6526
5.8376
44.0613
0.4825
356.2359
270.0137
45.2651
60.8849
59.0129
47.3555
43.4463
97.0990
62.1240
26.7302
12.7200
335.1174
8.5093
355.9814
60.1140
59.1090
254.9445
81.0728
87.1641
86.1039
87.0079
72.9600
63.1546
345.6787
281.3987
26.1812
17.5015
43.3718
16.7653
0.6886
54.1677
33.8088
6.0531
3.8890
4.4654
0.3047
30.9197
21.4041
20.4075
51.5610
102.0681
56.2763
19.8622
33.5094
71.4885
68.4332
20.2125
15.5303
52.1935
52.3505
54.9845
175.8272
208.3574
29.8933
28.0852
53.8678
31.2563
31.0724
32.3467
50.8633
48.5459
74.2184
73.5052
43.8199
46.1116
48.9777
64.0545
358.5970
24.3198
0.1472
0.0855
2.8859
4.2512
7.7880
9.2482
20.4320
23.5464
68.5514
59.8323
30.1581
45.7740
73.6940
58.3060
51.3099
12.8752
68.1421
42.1294
32.1363
46.6796
75.1915
77.7694
11.5575
9.9018
9.2054
8.0799
6.1407
30.5666
49.9020
57.2240
67.9276
69.6572
32.7366
29.9840
39.9271
38.1682
75.9665
27.9324
33.7781
81.6078
282.0158
35.1373
38.5734
12.5122
6.9620
267.4827
221.0540
22.9284
24.4389
29.5588
25.6283
27.2061
25.0141
20.5114
87.1876
87.5945
23.9149
59.2000
3.5256
17.6964
16.6169
69.6692
71.5845
13.6904
11.4840
51.7279
42.7966
31.5585
30.3262
23.4497
17.3526
196.9922
44.4236
48.5361
5.7559
5.3807
10.4244
24.7218
359.3298
1.2260
71.2783
16.9985
49.2279
234.0673
141.9237
53.0395
45.1279
49.0884
87.0268
85.5007
2.5424
61.5708
66.5524
70.4705
71.5893
84.9058
54.1857
55.5973
18.1334
79.7972
72.0050
12.6701
70.9774
48.5021
46.2134
69.7357
70.3519
75.0740
81.8957
76.7056
68.1436
72.1361
36.1104
68.6240
90.1092
55.7731
68.1786
29.3839
36.6346
16.9275
65.7980
41.6131
67.6793
70.1664
62.6323
77.9739
226.0173
42.3119
301.6343
84.4057
69.4631
80.7888
164.7527
359.9512
123.3963
343.5016
230.4304
274.2679
192.7348
280.6436
14.9512
60.1047
34.6951
233.8849
118.2224
37.8999
52.1237
59.6756
290.7902
177.6368
181.4760
63.3696
66.4465
144.4279
42.4682
222.2617
237.8690
54.0962
35.8008
64.6441
48.3177
316.1448
87.4332
110.6133
43.2231
53.6240
72.7915
48.7867
86.4614
85.5659
238.6225
92.8408
8.1679
355.5475
49.7057
83.4129
258.4163
1.5869
2.8783
31.8881
27.6247
15.7062
63.7943
57.2929
38.9011
29.3033
12.3242
110.3830
8.9433
43.1000
105.5421
66.3965
84.9862
85.6181
88.3781
71.3321
345.0497
163.9617
90.7573
54.6713
65.4088
57.0435
13.4727
4.4973
311.6085
352.4011
38.4367
44.5338
36.2263
64.6313
57.6723
59.2008
66.1604
70.7811
30.3207
39.7844
310.6354
316.8898
70.2254
230.1262
7.4112
165.5112
54.8919
57.3776
179.9119
183.3959
3.5809
144.8752
88.4040
90.1720
12.9446
45.0242
55.5020
60.5931
64.9903
51.5369
51.0119
168.2617
31.7939
23.4008
352.1466
208.6780
57.8076
162.0251
64.5914
31.1178
189.1249
51.9218
80.1879
3.3020
4.1304
18.8363
13.7498
358.6210
339.7463
99.6484
96.7995
358.4224
16.4444
38.9983
29.0392
44.1995
359.2899
116.3892
226.0642
207.8456
36.0525
99.4459
260.9354
29.1106
34.8295
22.4564
17.7191
5.3192
78.7450
239.0565
92.7511
24.1539
22.2847
40.2106
2.7407
222.1544
226.5603
35.0549
14.8396
45.9573
51.8324
195.6419
186.6545
211.6892
148.3671
64.2959
31.3351
95.4257
43.5087
35.4067
17.3997
2.6160
61.1588
205.5105
7.6712
23.8180
34.2612
10.7891
100.7656
31.1371
36.6339
47.6709
30.5049
32.1714
19.3174
15.3321
37.1642
83.1132
0.7891
131.1077
186.1474
349.6599
94.1928
110.4402
26.9873
0.2228
19.5121
358.4586
63.1027
276.9256
93.8742
124.7782
356.7348
344.3037
39.7777
112.8100
330.1852
132.3997
241.2177
76.2779
38.7561
276.1478
18.0006
41.8378
91.5075
13.1365
62.2625
70.7858
13.5219
10.4975
321.4303
36.0033
90.1483
4.3378
10.1619
10.7547
3.2220
37.8438
30.5347
25.2972
40.3629
20.0290
26.6834
44.6996
94.9638
31.9572
27.5941
74.9852
184.1365
354.0559
7.7340
14.5290
17.7086
77.4508
339.4667
356.7322
358.7979
100.3903
60.9286
258.1596
266.3785
35.2955
17.8975
69.0707
72.1079
34.1020
9.7042
37.4555
64.1765
80.1939
57.4692
20.9572
24.6114
10.4855
31.7782
26.4531
65.5680
67.8358
47.5189
43.7219
241.4737
81.8111
90.3483
73.0608
197.1793
190.2898
118.7181
70.1260
5.3605
359.1732
1.7493
6.5736
64.8556
254.5518
12.9847
0.5756
288.8855
269.8267
55.8412
66.9124
73.1920
235.4714
43.0127
262.7200
348.5566
91.4199
52.9780
54.6844
83.0462
85.0315
277.6647
83.1689
76.8760
44.9841
264.7575
9.8769
14.1681
172.7608
357.0882
55.1079
52.5030
340.0091
339.8386
80.7931
86.0727
37.6746
18.3764
55.2877
47.3956
17.2242
202.7123
25.9603
44.4436
39.6039
69.7737
101.2644
330.8715
82.8495
63.7182
83.7444
133.6244
90.1538
42.1406
60.3851
59.4792
61.1669
9.9480
192.6552
26.7273
62.8626
122.5038
284.0314
313.4312
67.9964
152.0740
11.5004
339.3304
66.9018
67.8598
343.7522
18.7082
71.6644
70.2030
187.7389
284.1192
164.2213
333.1791
282.6839
71.9253
245.7793
297.2678
25.4359
63.1974
65.6047
84.2452
92.3909
68.2662
270.2425
2.7020
168.3478
51.0038
84.0836
68.0087
185.0382
86.3217
84.0467
35.0082
38.7060
170.3909
226.7965
66.6665
68.3036
251.4906
77.5380
3.1390
60.9020
69.9384
68.8643
41.3376
70.0980
57.2646
51.3115
68.7095
65.6051
19.8857
58.4941
87.0977
57.7404
64.4384
295.3500
52.3117
62.8904
51.6413
64.3956
62.5154
74.2286
271.4822
66.6680
269.9172
109.6193
1.3203
93.3806
91.4804
59.8752
312.5120
11.5226
9.2132
88.1479
91.5759
26.9264
19.8862
23.0468
8.5659
25.7007
166.8975
57.9731
330.0557
317.1719
169.0118
59.3844
300.1217
52.0779
92.1309
221.0460
59.8221
166.9001
156.9711
105.7943
70.0802
6.6922
356.1077
25.7296
220.9582
21.8415
299.9774
24.8070
359.9776
82.8958
140.2483
56.6935
58.5696
299.9418
90.4559
171.0001
190.0747
218.2828
44.5386
31.1410
0.9426
353.8035
68.5741
359.6277
345.7633
62.4511
47.4786
81.4909
80.2226
63.1105
71.1301
88.3453
83.8865
52.3759
89.8712
115.3171
30.1918
37.9692
20.7544
184.0561
36.8232
308.2861
40.9827
91.5408
56.2241
45.4238
83.1069
101.5452
46.5676
193.1315
219.5903
15.3335
82.3087
310.2125
34.8790
223.9072
328.2932
78.2540
72.1126
62.3020
70.3533
87.2557
266.8203
75.0368
20.3590
344.5792
179.6630
199.6737
13.0627
60.7438
50.3482
278.3761
204.1691
218.6820
251.5731
264.9420
336.2379
212.4905
60.7599
58.6297
181.7306
183.6149
187.1372
356.9147
146.1454
0.5047
358.3219
13.0297
170.2597
89.5077
83.1452
29.4852
281.3747
41.9354
105.0375
54.3213
42.8494
8.7488
258.9556
85.2548
32.4390
51.2907
70.5379
74.4515
34.4555
59.2791
50.8537
42.7119
31.1052
20.8781
87.9135
80.5130
150.7095
37.5908
19.1791
67.1783
71.6389
75.7750
71.2234
23.3079
33.9119
21.4209
53.4774
54.4550
66.9092
88.6387
63.9537
75.2531
32.8983
27.3635
9.8128
18.3536
66.3629
61.2365
56.6615
60.7987
92.2572
299.2120
78.3960
43.2747
4.5006
53.6562
46.2119
44.7040
26.7936
20.0332
244.9370
63.9004
21.6881
38.9463
89.5927
101.2060
48.7407
56.5824
45.5382
46.2097
18.5890
176.5846
30.7028
26.1774
11.1173
15.4154
64.3538
68.5265
65.9709
2.2928
62.0895
91.7799
68.3594
61.0900
58.4263
63.1339
40.8527
0.1538
30.7873
17.2939
45.2983
58.2714
60.0720
60.1329
50.1851
320.0595
70.0830
68.0184
19.3223
39.6053
66.2374
60.1494
45.4605
32.6579
90.7663
81.8869
17.9050
13.7396
55.1828
30.2861
23.3267
22.0199
23.5050
16.3219
65.5531
65.2432
73.2437
37.6015
28.2721
130.4535
59.8175
63.1629
3.1378
6.1735
66.1990
48.7481
34.8618
41.2684
73.6403
85.0660
36.6085
77.7509
77.3283
20.0876
86.8252
58.7779
58.5636
52.4647
58.5102
0.6844
13.1895
17.8359
52.2934
68.2615
21.4033
31.6262
71.3637
92.4099
15.0637
17.7511
216.6128
51.4703
81.6685
52.5490
82.5176
81.3360
88.0379
89.7723
32.6617
21.3288
76.2077
71.1261
53.3822
75.3107
88.8480
64.1691
75.3399
71.5850
71.0628
74.8280
90.7130
35.5842
38.1512
74.4793
66.9658
27.1755
23.6437
76.3343
68.7972
62.5551
46.5981
204.0551
187.3956
73.8619
80.6264
62.0087
60.3604
219.2239
112.8719
49.3851
74.0003
35.5507
19.4568
207.1079
28.3938
64.0257
54.2508
255.8602
13.0668
270.0171
35.6062
31.5896
199.3861
20.1343
76.9214
77.3625
13.1302
312.0660
88.4724
88.8602
20.3596
30.7346
49.7910
43.4201
22.8648
2.0845
10.5047
11.6416
29.9752
36.4636
265.8284
73.4449
78.7762
10.0703
20.7105
7.5956
17.4275
7.9825
9.5254
49.7931
3.8652
60.7057
37.6272
20.3642
30.9990
236.5452
41.7808
37.7329
1.4705
12.8871
13.9542
17.0797
15.1574
6.1334
30.7650
67.3738
21.3776
20.6893
23.6481
238.3105
39.1691
43.3743
72.5415
72.9143
9.9912
45.3759
79.9683
104.9563
21.8017
23.9021
84.1569
7.9951
88.1805
53.8109
84.8819
45.1522
47.3270
41.8058
24.8706
15.9263
1.4200
359.1994
87.2596
89.5079
57.4933
61.5132
357.4474
358.1799
275.5617
333.7315
190.5925
22.4501
25.0420
55.1858
61.3208
14.1489
13.1649
54.6105
45.2884
36.9702
63.8659
9.0765
346.0964
29.1629
41.1461
23.8864
24.4048
7.2372
7.9684
7.8587
17.6890
6.2199
7.0619
269.2139
259.1394
349.3853
27.2130
9.7213
290.8465
4.2257
7.7241
72.1123
78.9023
29.8995
28.6952
59.3849
50.9639
45.2113
36.1112
2.4780
130.1817
289.5987
264.4975
59.4772
190.4937
40.3478
94.3094
54.7968
68.1429
14.2575
6.1436
40.3162
173.4221
265.3472
19.3353
261.3876
68.9271
249.4618
113.9618
170.1096
146.8152
228.0779
275.7024
290.8718
55.0792
46.4209
279.5091
48.5230
61.8564
225.3219
4.8424
341.4080
292.6341
87.1221
260.2566
206.0758
29.0399
63.9034
47.3569
103.8496
142.9914
220.8649
64.0068
276.6219
56.9198
56.4968
12.8439
4.5791
340.0160
274.5108
53.4610
357.4219
21.1221
16.8772
0.1475
4.9582
30.1485
28.1327
10.6202
5.2679
25.7048
48.1311
22.1494
42.8152
89.3498
77.4201
70.0623
74.1682
65.2918
90.9490
38.4612
262.4163
3.0442
357.6198
10.5032
7.2335
40.4763
10.0745
80.0791
263.6895
44.2063
53.7621
70.6870
25.1931
42.6526
72.0012
57.1297
15.9459
45.2352
16.2552
2.0577
46.6877
44.5179
6.4186
40.8273
236.6538
0.1561
3.3010
0.2767
7.0609
63.2204
185.7257
56.8721
1.1490
358.5056
25.1924
13.7649
308.3798
37.3078
200.3514
152.1937
33.9024
34.3847
1.4896
3.6187
46.1372
1.3724
7.6821
11.8578
74.6359
115.7397
38.9644
51.0930
17.9659
8.8830
68.0032
74.2943
82.5121
114.8667
39.5406
359.3336
9.6046
18.5652
9.0094
355.1578
49.3193
217.6932
264.8122
270.3499
325.1157
157.9791
48.6383
25.0305
193.3469
56.1724
65.0038
33.3332
355.3932
355.1847
334.7482
250.8962
42.4180
192.6964
340.5724
323.2660
217.6297
167.1130
358.7356
185.8230
73.4747
35.4519
205.9489
6.3483
359.5190
250.2133
98.2362
42.6621
30.4665
198.5136
263.2458
18.2201
144.6741
154.3179
71.5093
42.8948
48.1266
59.0633
64.6929
56.1681
204.8347
125.5308
206.0049
79.8166
77.7956
101.2355
69.7699
280.7333
277.3961
179.9999
34.2434
106.4109
254.6992
237.2661
72.8209
149.5077
26.4524
117.8122
185.2115
308.0810
87.4811
105.0876
221.7360
30.1167
63.5559
183.5966
271.9971
117.2447
50.0192
248.4006
255.2287
62.6110
295.6868
253.8058
180.0125
58.0969
174.1444
346.8963
306.9712
1.5882
281.5173
317.2062
165.0386
30.2906
239.8367
89.9725
120.9789
17.0957
358.8244
99.1788
198.0770
65.9753
162.7863
90.7080
88.2762
113.9582
79.0169
186.3506
326.3461
268.5167
23.8928
254.1339
338.8400
340.8661
292.1244
53.9655
28.9028
28.1385
91.3715
59.0494
245.7902
64.0920
66.7369
73.4186
21.4594
351.8719
53.2014
53.6893
5.5459
5.5186
28.5726
217.0309
46.6823
3.0872
15.7259
79.6472
89.4680
69.0433
319.3609
111.3083
31.1042
17.6945
29.8409
32.2930
36.0505
21.3327
49.9032
89.4399
15.1730
56.1458
52.2556
43.4777
16.9382
207.6934
67.7165
71.0548
87.1303
89.6934
28.5942
28.4737
51.4379
53.0410
38.0428
66.5052
66.9280
13.2106
357.8496
56.3045
29.0607
50.0355
44.7658
44.0286
38.3713
37.6378
33.9810
25.7826
22.9019
80.5142
87.4310
26.6538
25.9111
58.3699
7.8938
34.8049
82.1609
86.6767
39.4021
26.7829
45.9289
48.0935
14.1727
16.0959
80.3010
22.4117
85.2027
191.6869
334.9818
62.5756
61.1528
48.4828
282.1173
5.9908
36.2339
34.2606
251.3196
188.6741
179.9853
247.3411
229.9664
16.4866
123.3558
58.6568
20.8354
76.0086
19.2993
12.8563
186.1631
217.6423
286.8999
36.9261
45.2344
274.8962
301.6512
270.1025
31.7492
102.1799
82.1995
48.1074
80.5855
359.3473
273.5177
348.7542
35.5241
19.5849
181.6051
211.2643
54.4996
72.2788
122.1902
268.9982
69.8250
74.1070
49.9122
45.1648
57.1417
73.4616
2.2538
5.0686
1.4838
9.6405
262.3182
13.1951
319.9359
98.3569
60.0816
46.8120
54.6921
40.5652
82.9158
45.9989
77.0504
66.4588
51.8734
229.5858
31.0608
140.3840
273.3225
13.8188
20.1587
26.7883
15.7300
81.2246
79.5589
42.6159
55.0316
67.0002
28.8337
156.6198
113.7732
18.6059
42.5665
79.5005
70.0313
50.4455
65.4966
68.8619
30.6341
38.0160
270.2092
121.2743
2.3026
61.6502
50.2687
44.0779
71.7702
247.4773
64.7839
275.3628
73.1637
79.0602
75.5361
69.3262
259.9113
61.4452
11.9629
11.5103
11.0155
199.6137
319.1553
63.9519
290.2109
14.3056
15.1231
45.2440
219.4163
71.1908
104.2162
20.0720
231.9855
304.7414
239.8181
64.9700
141.8733
79.3285
115.2392
274.3727
34.4392
160.3444
323.4464
0.1117
359.9896
33.6632
59.1669
22.8477
204.1952
57.9124
20.1508
24.6563
66.3507
82.9557
259.0287
169.0392
242.5448
13.0989
81.3441
26.6655
151.6454
48.6345
137.7031
37.6490
39.8342
359.1158
6.9070
6.3181
46.2199
217.5494
36.2637
46.6401
3.6729
12.6837
87.9790
73.3664
59.8644
62.6115
73.8557
77.2757
54.6539
61.4596
18.9070
67.7544
74.4069
17.7673
17.9948
228.1510
1.4103
54.2847
29.1682
93.8769
89.0234
50.0611
54.3789
56.9425
52.4073
196.6086
75.7496
66.2310
75.2398
72.2292
54.2059
258.6219
81.3333
237.6648
12.1838
10.3670
28.6947
20.5535
80.8774
79.4246
335.8440
62.9052
59.3271
271.9294
67.5002
53.8848
29.5029
354.6620
80.2539
87.4792
54.4782
51.2359
66.5872
60.0330
40.7828
274.0516
30.5975
42.0079
67.5120
48.6134
39.8350
54.5592
66.4586
62.5373
57.1366
71.7494
68.3294
74.4091
63.3035
68.2358
16.7916
192.3564
59.0177
70.6586
359.4443
0.9320
60.1348
63.6723
16.9614
17.7710
56.3023
65.7387
56.8850
353.7632
79.6798
339.5111
236.8520
72.5501
264.3519
95.4171
28.6601
28.3888
357.5671
29.9525
290.7613
27.5631
172.2027
12.2105
178.6203
233.7959
0.0897
1.4372
13.1831
5.7897
7.6290
192.0092
324.7402
42.6815
5.8162
39.1578
33.3057
24.8012
28.4207
69.5622
75.6032
356.4768
96.6868
255.6153
11.6126
20.2482
33.3106
9.6061
22.6117
174.8350
23.7323
25.8808
353.9127
77.8065
71.8117
7.5334
23.8998
333.9130
115.1911
59.8040
124.4185
43.5220
60.8533
60.9921
350.8558
200.3237
31.8914
44.9590
330.4724
62.0172
68.5592
97.4054
51.1706
52.7827
245.3576
231.3555
146.6268
77.3324
105.1522
64.5305
41.2197
53.2311
46.0134
54.3445
54.5565
59.5075
170.6437
244.7417
26.0443
255.3384
265.7284
263.8164
150.0417
65.1396
51.6539
333.4804
122.9083
139.8930
178.3482
31.1281
84.0704
319.3896
251.6079
73.8004
342.8709
225.5148
11.2093
234.5061
354.5192
289.2735
53.9423
352.2286
234.1886
68.5071
70.9260
5.2612
3.6650
348.5377
144.5252
258.8447
191.4635
28.4966
284.4991
103.0610
188.0282
42.3118
177.0471
11.8815
69.7513
17.2760
284.8958
53.0686
275.1011
57.1938
86.8215
21.7083
58.0395
29.8836
119.2170
99.2719
109.9326
72.9729
286.1857
359.3629
75.3627
82.0646
89.4623
166.8758
348.2715
290.2998
359.1594
160.4510
65.2644
65.0978
165.4702
8.7581
181.4344
194.7002
301.7432
278.4083
102.9362
78.2674
8.1188
178.3930
73.5883
202.0821
81.8069
94.6757
306.9365
256.2488
235.5644
9.6967
51.5081
128.7678
86.7243
16.3191
14.0340
125.0168
53.7925
90.6047
329.3341
39.8999
164.9645
138.8068
231.0133
322.1926
68.3680
38.8405
46.1914
49.4983
49.2897
19.9195
120.0095
145.6575
99.0823
1.0345
89.1037
179.0346
70.2740
281.2645
234.1785
119.8998
86.8192
219.0685
287.3110
93.0823
7.0281
345.6231
9.1838
239.3106
136.0735
58.6116
111.4092
49.8243
37.6496
64.3595
208.2385
300.4946
109.3435
236.9417
302.8495
46.3381
90.3697
270.8351
184.8731
84.3992
177.9500
19.3596
46.9083
281.8508
15.3410
18.4000
112.6201
313.4560
34.6769
219.1327
82.4603
75.1360
353.1559
31.0962
18.3254
0.7666
294.1137
93.9246
86.4775
94.6871
113.9593
202.1059
134.4629
168.4794
131.3448
84.4035
85.4807
75.5233
29.3657
18.0698
276.0725
51.8512
92.5363
59.4998
55.1168
55.3722
76.4067
87.5079
85.2931
83.8963
47.1194
71.1429
247.4407
356.5240
0.3095
1.9475
74.6433
64.9641
111.0326
205.1369
207.0071
292.8825
207.0176
324.0798
81.4411
277.7537
296.9868
87.5296
237.2556
80.9036
35.5625
48.5215
24.8308
328.2037
131.2803
322.1054
8.4505
286.7193
340.7280
88.4249
92.4979
70.7794
95.9078
125.2273
47.3995
177.5937
72.8692
52.6576
267.8228
10.2651
336.5475
158.8539
57.4480
114.8480
85.1800
297.4452
19.1589
343.9254
87.4431
69.8585
68.1294
185.6530
55.6811
36.8478
19.2052
102.3417
43.6907
59.5379
57.3777
86.5382
13.9507
60.9049
18.1837
138.2874
113.1908
0.9607
97.5337
87.6546
12.2197
226.9727
95.1426
327.6545
73.3234
278.5462
76.6372
71.4177
99.4795
53.0369
82.2304
205.3486
92.6346
59.2111
31.1959
297.5697
56.9174
71.4959
31.8873
163.9816
18.5622
9.3382
187.6688
225.5322
12.1644
353.9447
32.6956
84.2281
339.0864
144.7473
83.8406
67.8735
89.6320
108.8048
32.2262
10.2896
79.2767
93.1717
74.3964
85.5514
93.0839
190.3624
116.5931
182.3206
351.2368
17.5773
67.8659
65.2337
48.4636
133.0609
27.5872
189.9555
28.7794
356.8280
351.9789
67.6599
69.3207
203.9446
109.9496
316.1420
76.8621
67.1050
72.4907
61.7337
76.9722
73.5628
116.9876
85.5335
209.8390
33.5624
284.0735
67.9099
146.0400
93.3522
143.3631
7.9932
9.2864
284.9973
55.0452
76.8530
63.2258
54.1846
245.0726
287.1415
60.2346
8.7521
64.1625
91.0799
89.5396
77.2422
246.2766
183.3244
111.9917
56.1270
39.6597
88.0566
40.0550
68.7889
164.7412
80.8672
77.1879
333.2266
35.0967
42.2681
2.7169
107.2287
230.8936
84.7193
282.2135
209.2818
72.6276
83.1651
35.1333
168.0536
55.9928
44.4533
84.0454
93.2194
8.0937
115.0323
241.3463
92.9942
136.0514
56.1649
67.0432
264.5108
79.9952
110.7904
340.3939
42.5785
14.8350
211.9318
82.9594
70.5505
253.8131
353.7916
34.6676
278.9531
60.3744
246.0458
79.0832
92.2544
21.2859
77.6403
331.6793
244.1186
20.0007
70.8235
301.8002
129.9951
30.5824
266.2212
56.8861
62.4732
134.4414
333.3204
87.8729
140.6231
52.1306
262.8816
227.0521
244.1999
263.0108
46.0627
11.4498
55.7973
50.5136
197.0387
287.9776
150.4271
163.8113
283.2811
95.5122
83.6197
73.2576
43.1781
287.0115
265.4937
45.9481
337.2683
88.6010
91.5857
95.4347
293.2749
337.6278
31.5959
203.9963
89.4814
38.4115
0.9237
74.9672
32.8985
244.9819
300.3056
112.0252
333.5629
82.8171
30.4960
8.3670
207.3058
49.8411
69.7709
10.7700
248.7771
44.0413
167.1870
348.8909
3.8053
11.0776
34.8669
44.0056
226.1947
27.0456
56.5116
85.4120
298.6020
69.8214
260.7422
104.5565
341.2447
203.7794
49.8308
313.9725
88.3131
85.8922
14.4075
182.4028
5.8975
79.9283
72.4771
46.9836
93.6652
349.3396
166.4826
286.2818
68.1969
180.0156
9.9595
83.9694
221.7729
92.8211
228.0811
62.0319
29.7059
195.1588
99.1368
269.7231
190.9555
241.9114
148.5337
312.9036
58.3802
159.6450
330.1786
4.7054
285.6426
359.6111
305.1669
91.6769
232.0474
358.8318
337.3429
29.1006
333.4536
341.0335
153.4824
235.5412
182.2131
82.1189
87.5157
199.2443
293.4059
123.1785
68.6860
275.1222
103.3309
114.2525
352.8081
38.1962
9.8476
287.5010
52.0701
341.5598
74.1709
358.9983
95.9309
217.6356
73.5148
283.7645
264.0802
303.1030
196.2461
6.9824
118.8867
337.6396
82.3435
80.8312
45.7260
30.4132
46.4065
163.4711
63.9450
88.4077
297.3281
147.1809
327.5816
22.2894
333.7427
161.0260
91.4763
24.5598
4.6662
36.4417
251.9999
216.4174
92.5554
94.1961
16.2231
233.9728
192.0092
268.2426
84.6305
82.9976
71.0697
268.9493
34.5332
16.3538
121.5217
270.8826
267.5984
359.3862
8.6596
74.4109
95.4062
324.1523
87.2701
107.3301
83.7823
229.1334
124.6290
141.7371
102.7985
107.9558
251.4391
333.7371
194.4787
92.1719
355.4668
262.6135
166.5600
221.8997
268.2745
277.0061
26.7349
94.0122
179.9992
182.4392
17.8348
89.6952
294.7531
192.9456
188.6389
274.1892
214.7239
202.1891
47.6211
218.1208
358.7568
13.9203
169.5307
3.7866
287.6816
21.5150
79.7566
5.6456
198.3145
350.1955
305.8387
274.2964
45.4706
107.5920
14.8434
121.7206
97.0596
69.3478
174.7995
201.5076
46.4313
49.4234
336.0720
15.5769
312.3547
65.8256
9.0142
20.1357
20.6147
108.4759
88.1724
82.9959
14.7294
4.3973
90.0000
252.3678
80.1576
239.0491
83.0783
256.5650
22.7767
41.4884
144.1623
151.9543
16.6903
70.5648
3.0250
38.1275
48.4585
41.8496
61.2982
189.3212
56.2927
355.8936
1.4376
70.3465
79.2974
201.0089
289.0811
294.3108
69.4226
27.8343
18.9186
353.3405
38.6846
57.3392
277.5735
64.4331
66.8816
63.9527
244.1917
314.2114
8.3595
10.8487
10.9633
12.8887
158.9578
60.0213
292.2399
258.1591
77.0124
11.3302
23.7017
60.2107
77.2792
93.6093
305.6164
78.8217
73.2045
338.7336
272.1586
251.8401
220.4280
142.4174
359.9820
227.8166
33.3193
11.6485
166.4357
28.5143
237.9546
63.2393
214.7978
211.8065
84.5063
275.2559
330.2334
35.9534
32.2571
96.8895
343.9287
198.9250
95.4996
101.5724
258.9494
89.6068
81.3082
320.0704
357.8146
74.0789
189.9679
350.7536
334.8331
59.3632
233.3142
230.4501
54.4138
255.1959
116.2085
245.3018
31.3144
283.9682
235.1185
271.5981
286.9487
94.5263
62.8949
174.2532
169.6137
134.4596
354.0715
170.3107
146.8635
189.9802
21.5310
104.7622
278.6840
56.6555
232.5448
3.1457
24.4040
63.4749
359.9896
55.9616
182.7358
46.0641
68.3726
47.9364
29.0585
336.3959
28.9685
238.2418
244.6980
212.1020
40.2553
157.8038
267.7413
339.2515
155.1306
151.2365
223.0921
334.7130
123.9470
126.7050
64.9852
225.8508
287.0391
91.1108
193.0874
176.5926
254.2818
82.5669
179.2401
76.0570
62.3075
57.9587
45.5866
43.1755
10.1887
1.4266
24.1712
359.0137
4.4615
61.0515
24.2531
94.1691
58.6471
87.0326
55.8821
6.5547
9.2481
39.4937
39.8847
26.2916
4.3377
356.5513
31.3402
49.8167
283.8130
37.7918
60.2301
295.9848
257.5440
51.0360
38.4073
198.2353
44.9335
44.6779
60.6940
81.4811
84.6223
45.5624
44.6342
34.9063
21.6166
63.3460
13.0923
20.2760
269.1248
151.7566
20.8176
169.6774
39.6762
42.4557
132.4151
125.5949
21.5437
12.5416
78.3321
66.7788
58.9585
40.0801
45.8581
33.8359
33.3782
19.3173
72.9619
77.5076
47.3037
31.9397
77.7490
78.3197
20.9418
19.5838
18.4899
2.5045
1.3071
347.1041
352.6917
58.5627
78.6075
187.5387
75.6212
77.2895
66.4081
6.4136
8.5706
69.5938
77.4718
28.0646
32.5958
196.1713
354.2392
60.7680
76.0203
7.1854
60.9573
35.2768
56.2553
36.0688
74.9449
90.7485
75.4587
209.4405
192.1968
37.8251
47.3342
350.6853
58.3698
10.3406
8.1996
85.3741
79.3730
347.5093
326.9055
55.7645
27.3454
36.6339
96.0965
68.5058
59.7745
30.4859
27.1178
39.4648
167.7176
7.0967
23.3744
258.7483
353.7385
67.6853
66.5720
33.9513
32.8245
88.6679
88.4339
66.9005
13.8705
95.4661
104.4965
76.4158
69.2838
102.4919
294.7742
308.2884
95.2937
6.5639
66.7609
76.9161
40.1534
9.3536
85.5666
52.7718
14.0810
14.8853
42.5014
44.4486
88.8752
18.2271
13.9470
268.1198
327.6781
19.6637
38.0619
25.9070
66.9773
112.2686
34.0265
127.6594
195.6028
17.2677
17.0742
182.8537
194.4732
234.0765
66.3809
68.4148
76.9568
65.7495
339.0473
4.4359
4.1672
10.4361
357.1720
24.9837
39.1676
31.6310
208.2044
3.7583
13.7370
24.6744
15.8828
43.0228
30.0378
158.9416
8.6616
164.7566
40.9100
36.7606
7.1218
9.2007
37.4648
42.5019
66.7300
68.5307
359.6088
4.3674
2.1726
221.7325
71.2609
294.4130
28.4999
44.2920
99.3304
11.4965
20.3349
330.8783
12.0312
117.0961
83.1414
114.6987
92.6787
120.9387
75.6138
45.0582
43.1004
57.9951
56.6031
49.3256
119.4226
283.6631
101.5982
277.8805
59.2031
5.2275
95.9078
271.2335
73.5443
59.8325
193.9637
88.7395
11.9391
356.1281
126.7128
168.6608
41.9895
328.6109
189.3673
277.5556
63.3645
18.2143
56.7049
66.0397
59.4969
48.7734
61.1213
61.0759
63.5189
62.3053
60.6179
81.4124
81.2291
79.8683
79.4831
8.5459
0.2894
83.1552
341.0215
44.0583
45.4364
10.8282
12.6796
12.8448
174.8861
38.0459
66.2498
67.2829
66.6161
80.0534
119.9000
98.6822
133.8862
135.2583
38.0890
22.5457
219.3377
103.9984
199.7237
302.4391
349.2016
4.0273
6.7003
338.9074
334.2361
87.0701
53.7171
117.9144
51.2095
62.2891
61.2943
249.2170
201.3958
81.7442
252.2185
357.9882
12.5552
224.5914
163.7619
51.8924
68.6135
282.9389
71.8481
68.6849
328.5042
347.8995
127.8302
115.0421
276.1129
324.9838
259.7047
262.1040
58.5341
143.6549
72.6254
78.5768
40.6175
60.2909
34.4702
74.9210
11.4561
44.5032
269.5796
14.2784
56.2450
215.2537
86.1244
53.0755
48.2647
214.0389
253.9806
257.4310
4.6402
7.7530
98.7377
192.1481
94.2641
16.5372
32.5141
70.4640
267.3790
175.0200
166.3145
186.1976
64.5955
19.0060
343.4829
57.1073
151.3232
155.1765
11.7587
355.0162
262.1506
179.6841
169.6190
259.8715
53.2540
352.6609
315.7938
167.0446
206.9041
216.8227
8.7289
23.3191
191.5709
71.0834
91.9769
86.6023
197.7238
185.1503
31.1044
171.8669
255.3015
305.9971
26.8734
146.9674
0.9210
89.8770
116.2898
63.4453
292.5395
76.5750
95.2248
12.7719
250.4535
0.8638
275.8530
311.1485
26.0454
19.2979
98.4642
5.2946
45.3352
284.6652
58.9034
139.7097
65.6557
79.3367
61.1922
90.1859
26.8955
248.6321
42.1885
219.3977
62.9165
238.0421
65.2244
89.9121
264.6466
35.0291
97.4610
75.9838
57.2559
299.2102
107.1440
357.7598
355.8675
105.7133
33.7292
31.9655
358.4260
2.5147
251.9387
92.4623
60.7730
359.1734
79.4796
10.6449
252.3575
25.2231
179.0855
9.9651
230.8005
57.5345
51.3794
354.0182
29.7916
59.5843
252.1516
122.8465
148.6811
359.1678
0.1605
347.1970
297.3792
42.0899
46.2932
194.0320
47.5089
16.0707
24.5830
105.9659
191.5207
21.5550
108.2610
147.4010
1.4518
11.1420
45.5329
212.3209
209.2684
317.9018
79.8924
62.8706
95.5458
37.4091
2.4774
92.4536
79.6840
43.7421
41.0830
240.4080
99.1590
68.8693
70.0345
201.2062
177.3629
42.4789
41.4136
16.8835
359.9667
79.4870
77.9873
32.0728
42.3432
161.3871
265.8354
8.3264
26.8116
17.9954
31.7408
44.1944
21.9003
254.6040
176.7106
20.5895
344.9780
131.2859
275.3359
8.1212
26.1658
348.9038
184.0491
78.2981
55.5396
24.0524
131.9487
111.1242
271.4755
62.7230
237.8766
44.9924
84.5361
142.2513
11.0835
355.0131
25.7234
90.2758
346.6803
74.0127
36.7079
28.4339
17.3179
42.6622
61.8370
186.5104
185.9694
70.2467
206.1283
51.9793
50.4493
304.0204
238.4312
4.8503
5.7060
331.0538
311.1903
54.7164
59.9337
21.6529
1.8077
61.0169
79.9570
32.7515
24.2381
6.6908
6.9183
76.3111
77.9987
10.6722
72.2830
49.5158
54.2759
32.2898
24.8661
41.9551
149.4087
51.0558
42.8587
67.1641
61.3840
54.0783
44.3443
358.0506
6.3068
79.9135
19.1340
14.7882
58.8900
86.3167
283.2978
40.0661
35.3639
145.5167
12.7199
17.2062
359.2754
359.2320
36.4403
51.0238
3.5393
354.9885
355.8315
80.4422
87.1339
358.7085
85.2230
63.3187
269.9812
2.1189
7.5878
241.5786
250.2009
55.5221
66.0266
86.7313
323.0462
14.8854
342.9167
129.4135
93.5674
23.0315
8.5867
219.0262
114.3735
23.3625
95.5311
56.6381
15.0361
81.3250
302.5876
59.7014
64.1842
124.2505
107.3527
86.4419
356.3134
60.2871
131.8251
354.4694
293.4827
302.5534
331.1561
325.3404
33.3496
231.1875
84.7121
80.9182
295.2548
339.0043
150.6524
94.8809
330.4080
104.6249
337.6470
218.1698
65.5958
35.9403
228.7792
156.8728
41.4083
286.3673
57.5045
56.1601
32.5126
223.1801
16.9863
2.2814
271.8871
133.2503
49.7291
267.9119
265.1484
184.4928
163.2389
276.7377
64.1579
40.4411
11.5493
36.0680
98.8666
22.2529
41.6621
357.9167
267.6290
312.5729
102.0295
111.2183
33.1999
322.8001
52.4423
109.9969
11.1542
62.8599
70.7398
88.6529
189.0684
69.4145
49.7988
57.5411
91.0292
90.0414
53.6292
39.6259
298.5221
94.0236
313.2686
64.1256
134.8052
99.5362
2.8837
183.1141
22.5622
2.8780
181.9971
5.8959
192.9164
162.0616
328.6746
312.2430
60.3218
47.5244
359.9730
12.2443
35.3153
203.9966
305.2088
86.0863
97.1872
198.7675
354.1473
15.5690
86.4892
47.5400
18.7245
249.0000
305.9894
113.8878
220.5332
117.2854
43.4945
350.3993
352.0521
84.1461
93.8137
26.5898
79.8524
270.0066
72.4053
322.9321
184.1081
118.8689
225.3966
7.9736
333.9627
21.8072
14.7847
21.7949
322.0684
68.5560
245.4279
23.0124
80.8385
22.9053
52.3741
23.8663
15.6565
22.2530
87.7016
207.2689
12.3548
48.4201
20.2060
189.9551
356.1263
166.6628
93.3799
9.8242
356.3228
266.4548
301.9228
203.1813
328.9262
