34.4736
24.8563
326.6595
230.9434
0.0027
42.8877
16.3169
16.2792
271.0654
124.4658
171.2980
257.0901
272.4955
37.2679
104.3288
359.2516
183.6883
236.4409
179.9994
30.3295
230.9483
233.4333
303.7412
130.6433
95.7584
9.6089
147.7874
270.0119
32.9956
352.4461
61.2776
134.1370
76.8641
27.1618
41.8505
310.8053
356.5420
219.9975
8.3082
231.7918
20.1074
329.9980
268.6513
100.6743
249.1504
85.9571
94.2129
53.9219
90.1211
137.6316
4.8847
48.1785
0.2181
355.8738
270.0217
46.9668
60.2669
58.0970
46.1797
41.6992
96.9994
61.9015
26.4623
13.8123
304.8567
9.1246
356.7852
60.1224
58.6074
251.5543
77.3837
86.7049
85.5162
86.3723
72.1456
62.3025
345.5409
281.6054
29.2105
12.9451
44.4950
17.6414
359.3545
56.1669
34.2934
6.6572
4.0359
4.0071
359.2534
30.2864
21.5154
19.9226
60.9631
106.1566
56.0466
19.5653
32.6269
74.0272
70.5442
15.7203
16.4528
52.0078
51.9011
55.0423
187.1107
212.3429
30.0279
30.5169
52.4586
34.0164
29.5259
34.9009
48.7607
44.6789
100.7457
77.9334
45.7888
48.9666
48.9435
63.9848
359.1243
17.4664
0.0747
359.9928
2.6275
3.9100
6.7716
9.0662
21.9282
25.4351
70.3689
62.0145
24.4947
44.6009
74.8390
59.7406
50.3467
346.2158
84.6167
48.6072
26.0322
47.3092
74.6312
77.0981
11.8999
10.4032
8.2999
8.0145
4.5065
29.2587
50.1554
56.9845
68.6650
69.4899
30.5518
25.6454
41.2509
38.6525
79.7632
27.1786
33.4420
83.3924
274.7442
35.4167
38.8063
13.5136
6.2783
270.3046
219.0615
21.3330
22.5311
29.8415
21.2403
24.6976
22.5034
8.2633
87.1944
88.1647
33.0120
284.4603
3.2123
17.8444
16.4865
70.2969
74.1772
13.5939
11.7634
49.9089
42.6782
33.9659
32.4093
24.1157
18.9093
197.0630
44.0138
47.9488
5.7927
5.5078
346.9282
15.7733
358.7303
0.9772
71.0960
14.8878
46.6201
235.6874
137.9087
58.8152
45.2645
49.3120
86.4349
84.7671
359.7827
62.1074
67.1394
70.2723
71.1247
87.4180
53.3193
54.4687
17.7580
78.8197
79.8167
12.8993
64.6142
48.6923
46.5614
69.7638
71.3745
76.1229
80.3595
73.5417
67.8388
71.6237
36.4939
81.3502
104.6394
58.2532
71.8851
29.0856
35.8006
17.5523
63.3836
39.1609
66.8235
69.0542
62.3003
79.9264
236.5674
36.0781
278.5236
91.1009
62.6475
80.7701
168.2366
21.7911
122.5715
343.5751
220.2857
263.0556
191.2553
280.9095
13.8648
0.5781
52.7120
224.6222
59.5054
42.6073
55.2519
59.1623
293.1225
174.0230
190.7484
62.1094
68.0013
155.7937
228.1290
226.4334
250.5313
52.9580
35.0212
61.4080
48.8382
329.5431
87.3622
112.8824
44.6323
53.4315
71.6958
50.5913
86.7008
85.4335
240.5727
88.1994
9.0091
356.9883
49.2144
82.2253
222.2415
1.6726
2.8941
31.1962
26.6447
15.6223
63.5190
57.1707
38.6189
30.3418
12.7859
143.7269
11.9604
39.4204
109.2220
66.3941
85.5525
85.9643
87.7129
72.1206
345.4606
167.0226
94.0960
61.6879
70.1451
58.9860
15.2436
8.2547
310.2281
347.7140
38.5034
51.7769
35.5780
107.7474
54.0255
46.6152
66.8605
70.8002
23.5699
39.6661
292.4928
306.9947
59.0658
226.3475
8.2209
5.3017
56.3708
59.0458
180.1466
184.6700
3.2397
142.5420
88.7653
90.9327
15.2700
45.2973
50.1093
59.5898
64.2240
51.1966
51.5840
171.1819
27.5188
25.6563
335.2443
209.1177
59.5767
162.9807
71.4179
30.9598
196.5928
49.1554
116.5408
0.5816
5.0036
15.7936
11.0836
357.4874
334.8198
121.2261
96.6083
357.4967
13.4647
41.4145
30.3157
43.6439
352.7634
116.5590
227.6481
53.8896
36.2400
107.0286
246.8226
30.2985
36.9497
21.9191
17.1908
355.8669
77.0278
236.6700
82.6760
24.0728
21.8167
218.5076
1.8922
222.2141
222.7602
98.9617
14.7276
45.1872
52.2007
195.9017
184.0547
216.1255
113.5422
60.6371
61.6784
105.6080
42.1577
34.0051
15.8722
355.3353
66.7103
203.3693
23.3103
37.4611
36.0416
6.3728
121.3294
59.4342
34.5082
42.2494
193.1548
25.3271
11.7954
15.7594
34.9357
97.6710
344.7912
153.3653
184.0647
337.1747
98.3393
114.7623
23.8251
0.1366
5.7658
355.1334
33.2205
267.1491
77.8918
126.9755
354.0219
341.1063
41.7840
77.6445
324.2519
138.1547
242.1100
66.0040
37.8258
276.8676
14.4018
43.7113
98.5355
11.0802
54.7875
81.5364
353.6092
7.4414
326.6211
303.3975
95.0196
5.0120
10.2414
7.8082
358.6252
25.2732
30.2290
23.9002
39.6233
30.1579
38.9726
44.7603
127.6956
37.3626
21.7041
88.6200
204.8703
347.5588
6.3563
13.0358
18.2256
82.8671
324.1756
356.6324
357.6853
117.4443
60.9543
262.4169
275.0913
34.9476
6.0200
69.0823
72.7437
36.8168
9.3848
25.8068
68.5456
78.5503
55.9892
21.2510
24.5403
10.7491
31.5167
26.0352
95.1070
75.6622
48.3414
43.5642
234.5620
81.7904
90.2815
77.0315
200.1414
191.9439
117.2507
70.6826
2.0287
357.3908
3.8307
7.3341
69.8623
259.1576
10.7387
355.5771
282.1626
265.7002
59.5739
68.4728
75.4517
237.3174
43.3841
263.1797
348.9495
95.2186
224.4681
46.5035
83.0377
83.7985
353.7310
83.1206
76.5117
33.0373
214.8861
5.5876
10.4823
169.3396
356.4579
54.8116
53.1523
314.1370
318.6817
79.7595
86.1465
39.4369
112.9286
54.4171
46.6333
26.0165
214.9326
1.0523
44.4054
39.6571
32.7416
109.9715
328.4025
95.2644
63.7578
83.0057
151.1003
90.4163
45.0791
60.4778
56.6565
65.0837
187.1101
189.5218
30.3582
16.2774
180.0470
265.7919
317.8118
69.3189
159.1906
10.7771
341.9257
67.5668
69.1260
331.8170
13.8004
75.2084
70.3448
182.6787
293.6217
166.3813
332.7882
279.5925
73.0545
246.5144
297.3135
23.5254
61.3801
62.5611
85.8945
93.7454
71.9874
321.3721
356.9242
180.0115
53.1953
84.4525
87.9103
184.8957
86.9405
82.8385
41.9513
40.5309
167.9170
226.8333
56.3243
66.6900
251.5116
80.8694
3.2033
60.4638
70.3571
71.9478
35.2832
69.5421
58.3414
51.5204
66.4059
63.0575
24.1006
58.5469
114.9327
54.6824
62.5799
285.4320
50.5919
62.1635
53.5514
62.9592
64.6322
73.1933
275.5682
68.9389
269.2396
120.1069
8.7054
96.2492
93.9437
60.4067
314.1297
10.4705
4.7680
89.0666
93.1044
32.2446
17.3845
23.1675
0.4214
39.8253
164.6017
58.0031
318.3510
313.1769
167.1793
58.1013
107.2379
52.2882
100.1615
220.7891
56.7845
136.5397
152.5458
201.2028
78.8840
11.0109
4.7262
32.6955
200.7190
16.3853
297.8375
358.5058
358.5912
83.1212
136.6973
56.0783
58.5458
302.8384
92.2627
173.9089
189.2910
307.6594
62.4965
142.4494
0.6878
155.7616
80.5761
358.2428
188.9046
63.3196
48.6510
83.2225
81.1850
63.2298
71.1753
89.0947
81.9526
52.9216
95.2814
147.7454
30.3020
38.1065
13.8516
178.0135
44.1532
307.8250
41.1851
92.4909
25.7259
41.9427
83.8418
101.4161
46.4800
194.0002
217.3675
234.4725
75.9699
306.4616
31.7855
232.8124
318.5821
78.2625
71.3994
63.2501
73.8849
88.0168
266.2331
74.5275
22.1195
329.6594
180.4226
182.7944
8.3616
31.2684
45.0842
251.2814
188.6753
200.7902
250.7248
264.6486
325.3145
210.9198
59.8953
59.1053
187.0250
183.8372
188.3700
358.7118
155.1975
358.9770
357.8422
17.6813
178.9248
89.5084
82.7786
34.3667
283.1103
39.0648
106.1874
56.0123
43.1309
9.1582
81.2961
88.0607
33.0562
61.8443
71.3196
80.1076
34.1724
56.9972
47.6336
25.1950
23.4084
20.9715
87.9295
80.3918
141.2685
158.6434
18.4559
67.0061
70.2718
77.6249
59.1986
332.0988
27.2443
4.0173
43.7067
51.7706
94.9854
97.6624
64.0825
73.4433
30.7266
16.3811
357.4556
19.9445
335.6969
63.6754
49.2611
60.9394
98.9058
294.8690
85.5970
124.6966
4.3790
58.3978
45.0208
44.5816
9.4237
7.0354
245.4930
64.8437
21.6606
38.7152
115.7216
180.4776
41.3986
51.9928
43.6229
44.1707
314.8052
183.5192
30.8323
26.3798
11.0485
15.1194
67.3000
69.8352
60.1579
344.8960
62.3707
287.8021
59.5119
23.9150
51.5843
42.9814
29.8163
350.4694
31.5316
13.0805
43.1991
60.9697
59.1278
57.5939
64.0506
253.4256
71.4484
67.1321
18.2977
29.6599
65.2796
84.3099
53.2093
49.8732
90.6856
77.0646
17.3328
14.2592
57.5768
20.0808
22.1212
20.2910
138.8919
13.1513
65.3966
63.2685
77.4541
34.8301
24.8678
127.6042
62.5915
65.5263
3.8962
4.7317
77.5935
48.0567
34.2966
81.6590
74.3637
89.5300
40.9176
75.8830
77.6409
31.6682
86.9637
59.7589
58.6997
49.7830
55.7266
358.3180
13.2719
17.3928
53.0307
68.5079
22.0597
32.9611
72.8101
93.3231
15.0740
17.5590
216.7724
49.8592
91.1574
56.0597
89.8300
85.1793
88.4847
90.3646
22.1198
20.9517
75.3745
70.4058
50.1696
88.3042
91.4632
61.1607
82.1861
75.9642
75.4124
74.3256
92.3380
35.8628
38.8977
76.4374
67.4942
27.0409
23.7493
78.5349
70.2662
62.8592
47.1296
213.6731
207.1860
73.3548
79.7249
61.2326
59.1198
218.8181
115.0997
22.5909
75.8711
30.8311
16.3195
207.0963
27.3014
65.0495
237.0735
260.8019
12.0917
270.0292
36.5444
31.6099
199.7500
17.6000
82.1786
86.2044
12.4259
295.5265
89.1017
89.0554
15.8109
36.0244
48.2191
43.7263
19.3439
299.0848
18.3145
14.7516
27.5809
36.2469
260.3099
77.5907
78.9644
300.8366
346.1743
6.5675
17.5151
8.2808
9.5709
51.7327
6.1456
53.6194
33.9150
21.2672
26.3095
238.3298
41.6580
34.9522
359.4083
13.4632
233.8768
208.3690
14.3097
4.3276
195.0612
70.8715
22.1315
23.6140
19.4596
248.6345
25.5578
42.6529
72.0612
72.2596
29.2212
53.4164
89.4835
100.7670
202.6128
23.2443
265.5307
7.8854
88.4769
60.8693
214.6364
41.9694
47.8427
40.8043
24.7867
15.8973
1.6638
4.3349
87.7645
90.8631
59.5835
70.1117
355.7926
355.7524
273.9526
337.6376
188.2440
20.6246
27.8932
56.8706
62.8461
14.5882
14.2185
55.2562
46.4229
38.1922
63.4591
9.0951
340.1445
29.5920
77.0395
23.9180
32.8848
6.3445
5.6515
6.8248
15.8630
7.7085
8.6977
271.6557
260.5381
331.7967
34.5250
7.8467
288.9610
7.5502
7.7377
69.4013
83.2665
30.3539
27.1721
58.9866
50.1500
42.6690
32.7829
1.9925
130.7487
290.4239
259.6055
71.8914
196.9113
41.8130
95.8793
54.7810
67.4893
15.3513
8.5078
40.1046
175.4550
238.1360
51.2005
258.6150
68.4431
249.4711
99.4081
178.8941
150.9474
273.7471
278.1642
290.6036
57.3083
30.7046
279.9904
49.0559
62.0955
222.4285
6.9250
332.5638
293.1449
90.9682
260.0428
205.8500
52.5949
88.5261
46.5072
111.0477
143.2217
221.5973
64.6921
272.9388
56.2551
56.2543
12.5812
356.1488
359.9786
279.3797
53.1112
1.6015
21.3843
26.9997
0.3999
5.1910
29.9589
29.6017
6.6462
5.2563
23.0684
53.0402
1.5279
67.8035
94.2701
79.7954
70.3008
73.9638
6.5686
91.4624
38.6762
268.1753
355.8513
342.5277
8.9301
4.1945
37.3904
174.4992
259.6934
263.0674
40.9021
53.5851
71.1205
27.4440
43.0528
75.9160
242.8467
14.5832
207.0507
18.4573
2.4091
46.5147
44.5080
6.3586
37.9921
235.9926
1.0014
359.0216
0.1863
6.7458
67.5271
176.2022
28.9920
1.0565
358.2289
27.0697
12.0252
309.6797
36.9410
197.7891
131.1454
33.8151
34.5094
0.8567
3.3692
36.6548
0.4673
3.4115
10.0954
78.1007
113.9760
38.9405
51.1091
25.7918
26.2253
66.0593
77.5798
82.6180
117.9815
38.5494
348.3434
6.8820
23.9858
10.6584
355.6774
111.9971
225.2793
264.5594
270.3064
329.1411
156.6537
47.5282
22.2120
199.3766
57.0432
66.3148
359.7460
354.8946
355.5853
332.7437
254.3597
41.5220
194.1576
339.4454
325.1000
232.0377
161.7392
357.7073
186.9297
87.0900
48.1864
205.6669
8.2815
358.3605
251.1095
98.0863
42.2949
31.5239
203.2889
264.0369
18.1597
144.0109
153.9483
106.2973
36.2306
46.7172
57.7181
60.3626
52.3706
212.4069
118.1880
209.1965
126.1271
109.5015
101.4321
61.5201
285.3952
273.4659
179.9999
37.5080
106.4476
252.4168
232.4476
204.5865
148.4048
27.1651
136.0792
184.7387
310.7313
87.8920
108.8419
213.1902
25.6137
63.1011
178.2095
274.9122
117.2252
41.3606
240.0990
296.1612
58.6154
56.5607
273.5387
180.0058
53.5775
175.1216
347.1128
301.1004
358.3685
284.2996
318.5103
165.7076
28.3993
239.3381
89.9722
120.5222
22.7685
359.3417
94.2005
195.4535
64.9681
175.1748
91.6016
88.2117
128.1043
73.5904
188.0970
323.7255
267.5813
28.3450
263.5429
339.0780
343.9894
293.4436
51.2361
21.4519
186.7172
120.3573
63.7768
255.5644
63.7185
66.6949
79.5777
22.1250
217.9420
53.4393
53.5765
4.3846
2.0766
28.6122
217.7892
47.5067
2.0788
18.2518
79.0847
89.8441
63.9103
313.5914
112.9167
34.7239
19.1081
28.5755
33.4056
33.9123
18.9908
48.8170
90.0269
189.3988
57.2714
50.0959
42.7007
16.2362
209.7764
67.3923
72.1651
87.1043
91.9161
28.3818
210.0249
51.1382
54.7263
37.3730
65.5587
67.8340
14.8804
353.5376
31.4581
31.9878
45.7974
45.5512
44.5546
38.2692
37.4857
33.4691
26.1672
23.9904
81.1477
91.1256
26.9549
25.3061
63.4951
6.2539
34.1587
263.1872
86.6012
37.4723
29.8806
50.7313
48.9899
210.0762
16.7600
83.3923
22.6218
85.2099
193.1189
285.5907
63.3525
60.0467
48.4913
302.7964
8.0049
36.6244
34.6522
252.4002
199.3537
183.0334
246.3114
230.1917
16.7193
135.9186
55.0355
21.5783
75.1004
14.4108
9.3413
187.6391
189.1157
315.3844
43.0249
47.6469
269.7273
285.9673
268.7165
32.7932
101.8242
81.9945
47.5434
81.0611
359.2423
231.5791
333.6550
33.8777
17.9651
127.3567
217.7044
38.1724
72.8378
119.6926
295.3407
69.1918
74.1351
50.2762
41.9973
50.6279
72.3735
3.5127
4.8394
0.5204
79.4669
257.0596
12.5281
310.4835
103.1212
64.0409
43.8510
33.5781
42.5721
87.3988
45.8793
78.3506
66.0070
51.9665
228.7028
18.6693
150.9036
272.2680
20.7318
23.9359
8.1974
17.1598
80.3567
79.3821
42.3959
55.1093
67.2844
28.4682
160.0634
167.7883
15.3852
17.1766
79.8843
70.1381
48.0989
75.6313
67.3597
10.5799
37.0770
270.7729
122.4511
8.9011
61.2796
52.3129
42.6922
71.9510
247.4495
63.9200
279.9659
73.2942
235.2839
82.0806
71.0318
243.9916
64.4402
20.3068
7.5284
6.0619
199.5324
317.8092
241.2444
289.1191
14.0719
14.1392
45.9617
222.1360
71.0415
106.0920
17.2423
237.6608
304.7306
239.5199
64.5080
119.7107
80.3449
118.6014
81.0970
36.6058
161.5638
187.4809
0.1365
359.9911
37.9225
62.4799
26.5580
197.4131
57.2426
23.0588
28.4222
63.1701
78.9886
256.3354
165.7529
234.9702
11.5298
84.9182
24.2751
152.4972
53.3180
131.9109
37.3308
39.6569
359.1103
6.8985
6.3321
47.2406
216.6547
32.2143
49.8257
10.2840
12.8139
87.4924
69.1442
59.5155
62.2315
73.8621
77.3074
53.9708
63.4024
18.6487
67.8987
68.2963
18.2478
11.3557
224.2137
342.8810
65.1524
23.4620
94.0187
89.1130
50.6118
53.7880
52.4187
51.6841
202.0486
75.8673
66.2323
74.6175
70.7348
53.5465
280.3512
81.2501
249.2616
11.2748
9.7387
14.9744
15.2387
81.1573
79.7817
335.3917
62.9128
61.9251
269.8211
67.6603
54.1157
30.3880
3.5699
80.6745
88.0642
53.7895
50.4036
66.2733
59.8411
40.7193
274.0117
31.1665
40.5219
63.9762
47.9302
38.5498
57.9629
68.6530
62.4347
57.1693
71.7486
68.1662
77.5666
62.9394
67.4518
15.4148
192.6827
59.0750
68.5462
358.9645
359.9129
59.9898
61.7452
16.9824
17.9058
56.9552
63.6568
58.4254
353.7289
80.4141
341.3469
236.9172
73.9852
265.8614
100.3225
28.4295
23.4617
349.2717
32.2464
321.6977
29.7081
170.9704
12.0553
179.6690
234.0270
357.9488
255.4879
13.0685
5.0461
6.5004
192.5760
325.2525
42.5722
5.3924
38.9716
33.8590
23.4302
28.5345
69.4228
75.5302
0.8744
151.1018
241.9824
11.5226
21.1219
51.5965
10.2231
23.0674
176.4717
22.7417
24.0626
352.8997
78.2710
71.9183
8.1498
24.0573
333.1681
163.1848
107.5569
126.3806
43.5233
60.2652
61.6696
350.6538
197.1688
32.5149
44.2399
331.0283
61.7380
67.2737
98.1058
53.1319
68.0584
246.2399
231.1875
147.2400
75.0136
104.4111
64.8931
50.5615
53.6019
47.8237
54.1570
54.0092
57.7298
177.1170
244.6198
26.0698
252.1187
263.7683
263.8452
150.3564
64.8325
51.0452
321.2952
131.8760
139.8844
178.9684
31.2832
85.5000
320.4484
251.5869
74.6399
342.8241
218.5021
10.4055
234.8306
354.9738
290.4675
55.4612
341.7487
232.9916
68.4657
70.5050
6.0252
4.0794
348.6592
138.2159
258.8143
191.7148
28.4748
284.8982
102.8026
187.1881
41.4834
177.0953
12.4191
68.3459
17.3991
285.0886
51.2685
275.2265
51.9948
60.3156
26.5943
62.2991
32.4279
110.4175
98.3362
109.8720
73.1163
287.8266
359.6556
75.6591
86.1350
89.3763
167.0842
347.8628
297.9027
0.4074
160.0569
63.1467
63.3366
165.4902
4.9539
180.5012
194.7417
301.5390
276.8689
103.4789
65.9538
9.5825
177.4398
74.0133
201.8210
81.7430
93.7641
307.1369
257.6786
235.3671
7.0373
51.7706
126.4535
85.6136
15.5453
12.5577
125.1135
49.8178
236.8281
328.8055
39.3630
164.6348
138.6190
230.6007
322.3117
68.5313
39.0666
46.3791
49.6528
49.6076
20.0039
115.4630
145.3395
98.8979
353.2304
88.9830
179.0171
70.6982
280.6362
233.6494
109.0947
86.2674
215.2423
287.6955
93.4079
7.2891
345.0978
6.1309
239.2716
135.7875
56.4758
111.7822
47.6233
33.5372
71.5148
207.9753
299.6212
110.0614
240.4361
302.7802
47.2373
89.9010
269.3444
205.1712
89.3899
172.3947
19.1083
46.1858
281.5520
15.8048
18.4619
328.2233
313.2934
30.6843
218.2932
82.3612
73.3039
354.1262
33.8760
14.2295
1.1733
291.7477
92.1384
86.5019
95.4951
114.9526
196.6385
147.2848
172.7320
144.9883
83.6787
84.7143
74.6110
27.4348
15.9425
275.5824
52.5332
92.3818
57.9468
56.2214
55.0441
75.2539
87.1982
84.9268
83.6332
52.8736
98.2276
246.7204
354.6016
359.9624
359.6322
74.5962
64.9037
42.4083
349.4218
211.9880
293.0923
207.5209
231.4506
84.0844
279.1247
297.0921
86.9098
237.5123
81.4334
36.1713
45.2058
19.8946
327.8835
130.3502
311.1232
3.4988
286.6914
343.4909
89.2238
93.7503
70.8723
93.7148
122.7022
47.1711
177.9074
74.4014
70.5942
267.4040
12.0904
335.6315
158.6128
63.4203
105.1023
85.1294
297.4758
197.9608
344.0756
87.2550
71.1412
59.6197
237.8986
56.5950
37.7463
22.6208
100.8456
43.7649
60.9376
59.0331
87.7089
16.3200
62.8013
37.9262
158.9078
113.4231
3.9916
89.3822
84.1642
11.7467
231.2242
97.1431
332.6344
74.8080
278.9177
75.6196
69.5593
99.4457
53.0217
82.5886
201.5744
94.2766
59.9809
35.6242
297.1223
57.0844
71.5970
31.3958
179.0895
17.7201
8.2886
192.1416
225.5326
280.5425
336.6630
32.7935
84.3311
330.2649
147.4969
83.8806
77.0727
89.5681
108.3438
31.3067
10.1204
77.9894
78.6512
72.8686
87.0783
93.7416
190.0676
133.0148
184.8587
352.1950
19.3352
67.9100
64.0303
45.3521
126.2595
26.1121
188.8728
28.1680
341.1434
352.0005
67.5269
69.3533
209.3372
224.4594
315.9152
75.9946
66.3846
72.6562
65.3601
76.2555
71.0667
117.0325
86.2588
209.2954
33.7962
292.7149
66.1016
147.1467
93.5660
140.3873
8.2564
9.2437
283.7244
54.0883
63.4156
60.9789
54.6140
251.5126
287.2747
57.4853
13.7032
65.5196
91.7764
89.2555
264.8992
243.0039
188.9159
113.4785
56.2050
40.7336
88.0159
42.6025
70.8594
165.1078
79.3188
76.7512
333.3062
34.2971
41.6585
2.1868
114.4599
231.0171
84.8796
288.5690
210.5131
73.0577
83.8334
35.6096
167.5549
57.1910
48.6446
84.5109
86.0549
8.5942
110.3149
252.4243
93.1114
127.9135
58.3939
68.0689
264.8133
80.7201
110.3041
339.3568
42.1766
22.1572
211.4853
82.7019
71.2782
252.4313
354.4547
33.6705
282.5644
65.6078
242.2672
79.7575
87.2350
21.4853
77.2203
329.4236
238.4363
22.1160
74.0908
283.1357
135.8908
30.9675
244.8626
56.2959
62.1072
128.4954
333.9718
86.4961
101.4378
76.1200
277.0847
229.5047
245.5576
257.3349
41.2454
11.6932
47.7920
36.7041
194.4641
294.1608
147.1189
165.9034
276.7615
107.0259
82.8530
300.6878
42.7735
288.5226
268.0542
45.4238
337.5107
90.1365
272.0731
95.9009
293.9193
336.0717
31.6157
201.3393
83.6397
39.5687
0.7462
66.3951
33.1833
244.6068
299.9814
113.8677
292.2861
82.7923
30.6465
8.3958
204.2487
50.0514
68.4550
10.7500
249.7547
44.0440
165.7139
351.3162
2.8546
12.2747
39.4583
43.9374
227.0085
27.0403
56.4578
85.6971
302.6801
65.5976
260.4193
101.8758
338.3671
203.5788
49.7018
144.9052
88.7793
85.9096
14.8852
181.6077
13.3024
80.2025
72.3908
46.9850
94.2912
348.5953
174.4649
285.4136
77.9609
179.9988
9.6651
85.2495
218.7940
94.4870
230.0557
62.9853
29.7232
13.9972
100.2542
270.1196
190.7050
243.1881
151.5883
321.2214
57.2956
158.1652
323.8792
2.1183
282.9219
359.4526
271.6219
91.8132
233.8761
358.1265
335.4719
42.1467
203.6166
165.7687
151.2720
241.1542
182.8498
79.7015
88.3967
199.6967
294.0687
124.0189
67.1870
274.3559
99.6720
111.4844
351.1079
47.0538
10.1725
289.0381
25.2543
341.8720
73.0913
358.0522
96.6288
216.7394
72.8764
280.9347
264.2357
306.9482
192.8607
5.1293
311.5656
336.0868
82.5745
80.8427
45.8263
30.5299
49.2357
130.2037
64.2913
85.5284
300.2381
151.6307
329.8344
22.1876
333.8071
161.1935
91.6806
10.1125
3.8923
17.1415
250.8745
213.1502
90.1447
89.2308
13.0837
236.4334
192.9114
268.3291
84.5423
84.0417
70.5750
270.2701
34.9743
16.4323
118.8929
273.7877
267.5952
359.3342
13.8898
74.8484
95.5621
326.0780
87.0166
109.8597
20.9725
246.4730
122.2803
136.4442
109.3687
98.3541
250.8381
331.2799
194.1699
103.4205
355.0790
273.5442
168.7792
220.8596
270.4902
278.6183
27.9064
94.4218
179.9992
184.6412
17.8597
89.6750
295.5754
167.0403
9.2836
276.4881
216.1227
240.0131
43.0385
213.4304
359.3039
16.2651
170.5574
334.6445
280.8646
198.3530
79.9730
4.3142
198.3098
350.3913
307.3649
276.4069
41.3358
110.3411
13.6910
123.9341
85.4249
75.6463
13.7869
201.4831
51.1862
47.5589
334.1511
21.2639
282.6946
65.2307
3.7412
18.9656
192.6258
102.7321
96.4792
82.0528
18.6972
4.6904
90.0000
276.3893
96.4659
241.8704
82.5046
249.6587
203.0105
39.5390
174.9635
156.8102
19.7340
69.5222
1.9219
38.6256
63.5109
39.2376
63.7377
152.0843
236.4810
355.6953
349.4827
68.7949
87.4640
206.2236
255.5366
309.9545
59.6925
28.3548
18.2086
351.3775
39.0670
59.0139
279.6399
65.2051
68.1998
63.9021
241.3850
320.3218
8.8302
11.1976
9.8761
14.1433
26.7771
45.8254
283.1651
259.3314
77.7862
13.1540
23.5901
59.3638
77.6402
93.0800
257.6521
77.6971
71.9348
2.1580
269.3767
257.2404
211.2762
142.4630
359.9703
223.7301
30.8059
7.6896
131.9538
230.9363
238.7514
60.5901
218.0311
209.7279
97.0556
274.5346
330.5108
36.0316
50.2681
96.2858
168.7108
200.1191
100.4980
102.3233
259.9811
80.4174
83.3889
319.1168
353.7395
93.6908
190.9260
351.3534
340.7889
57.5685
235.9815
227.8004
346.5349
265.1715
114.8537
243.6756
38.3592
285.6772
235.5295
263.0448
304.1245
94.6729
63.7949
173.9345
169.5925
141.6469
351.6123
169.0304
141.5143
190.3608
14.0662
100.3217
250.4137
47.5223
233.1430
2.2759
17.9037
65.4564
7.7773
59.4050
177.5046
41.4276
70.6971
48.7481
30.7840
336.3836
25.9851
234.4017
252.6911
211.9550
39.3599
159.0181
269.1769
341.4936
156.7070
149.4691
223.1219
333.3235
124.5334
128.2233
63.1017
224.2021
287.8879
274.7433
193.2129
175.3505
251.1357
104.6608
178.2669
76.0398
84.7535
53.8082
47.0562
41.5608
12.5177
0.8562
24.1822
358.9001
4.1493
67.0796
44.9379
93.7863
38.2967
90.0510
42.8700
334.8847
9.9325
30.2685
39.5328
29.2796
10.6705
356.1964
31.8283
50.3816
276.0094
41.6612
71.9667
293.3352
253.8261
51.8603
37.8326
200.1653
48.2847
47.2355
75.0186
89.2461
88.0095
45.6044
45.2730
34.6446
18.4197
63.8549
9.1500
23.7877
267.9622
151.6284
119.6578
179.1937
224.8355
42.4302
134.1540
121.1486
23.0840
13.4889
82.6394
49.6164
54.8878
309.6363
46.7541
38.0478
30.3930
24.3801
74.3172
76.3006
43.4050
29.1633
75.0774
77.1252
20.8551
19.3227
18.5659
2.3939
1.2747
336.1657
343.8495
56.0593
77.7853
212.0217
75.1810
76.4289
64.8768
6.4708
9.2247
67.7435
78.6701
351.2982
30.1894
197.1251
329.4763
58.6168
81.9164
0.0887
56.9742
26.9188
56.9527
34.8953
76.1152
90.8771
75.3664
178.3228
181.8542
37.8507
47.3805
324.1600
69.8762
9.9352
7.2304
85.6991
77.4642
359.5101
327.3448
53.5307
20.9841
68.3619
96.0970
79.4166
80.4207
26.1313
25.0227
29.7557
167.7055
0.1946
19.5698
265.3570
348.8168
66.9918
65.1747
5.5089
28.9464
89.8480
88.8990
66.2838
346.9273
148.4625
104.5731
73.3220
69.0198
105.0303
279.0525
308.5046
96.1775
11.8132
66.4488
77.0063
36.8939
1.9329
89.8207
54.4112
9.8025
15.2626
44.1791
46.3267
89.1714
12.7772
9.1058
268.3409
320.1738
19.7724
37.2476
21.5871
69.0939
108.2469
35.9727
149.6643
195.8070
17.2150
197.4509
184.3687
193.8702
236.4988
67.1884
69.7411
76.3468
61.9011
340.2499
5.1783
4.3637
8.1902
356.5166
13.3438
23.5915
32.5222
207.8064
0.3396
13.8154
24.7900
15.3342
49.0321
24.2029
202.8959
4.9604
184.4301
31.7415
37.0540
1.6501
9.5249
37.3944
41.7572
67.2599
65.7945
357.9268
4.7071
2.7077
249.0798
71.2652
295.1113
28.9973
46.4919
98.5953
233.4458
11.1286
288.9706
3.5482
117.7063
83.9788
114.2665
106.0145
133.5044
74.8129
43.8631
40.7886
58.1831
56.7794
297.5900
129.7193
299.3103
101.6000
289.5201
78.8748
5.8070
99.4650
271.6079
75.3520
62.2309
199.3877
83.3642
11.5615
350.3789
153.2553
198.6717
23.2718
326.4990
195.9066
274.0021
72.2738
219.6643
58.5777
67.1368
62.8381
48.9076
61.5375
61.7392
57.4868
62.6846
64.0478
81.3125
80.2793
64.6853
79.3357
7.4407
0.1126
82.9337
287.1014
48.6494
51.7689
6.6888
12.9502
347.8215
192.6549
15.1784
77.5290
67.3229
66.3143
88.8140
141.5773
98.6873
107.0888
89.9338
40.7811
22.6823
211.7189
115.2854
200.4563
299.8692
356.8261
1.4487
6.2981
338.7677
332.4187
88.1722
51.7146
272.0092
46.2418
61.2699
60.9137
258.9779
201.2331
82.3733
253.2938
359.0422
7.3846
222.8680
162.3239
38.8744
67.7623
301.1754
81.7865
71.2046
329.5733
346.9107
127.8359
118.9125
273.1185
326.4893
215.0829
250.9797
61.1790
141.1028
73.7366
78.6298
40.6001
60.1047
21.5082
20.5492
14.2941
138.1102
263.8791
347.5553
57.9501
216.0955
87.6341
60.8850
67.1872
199.2407
251.0533
258.0517
5.1142
23.5915
96.9147
189.9463
92.6453
84.4806
34.9887
71.1916
267.7652
145.2585
165.2913
197.3832
289.9759
20.0369
343.2888
57.3964
0.8890
154.6140
3.3820
347.3576
258.5214
180.6258
169.2726
248.9700
62.7177
350.4180
313.9073
153.9003
206.6529
212.9141
9.8393
25.6126
191.2665
73.8039
91.5110
118.9664
186.4057
178.4139
30.6542
195.4043
248.8565
313.0324
27.6459
151.2705
358.4490
93.2389
117.7313
56.0794
298.1150
80.6122
89.1977
11.5337
251.2165
7.5556
205.6140
303.4997
25.6036
26.6617
92.1169
9.9241
47.6049
283.0135
49.9277
140.1473
65.5645
79.1461
60.5670
90.3517
18.4086
240.3883
47.4735
220.2962
68.7256
237.5659
66.3129
89.8954
266.9457
34.8297
164.3018
74.9464
58.4897
298.7954
107.9459
0.6731
353.7314
98.8561
34.4381
31.4976
357.8770
2.6107
245.6640
110.4255
59.4487
359.8653
87.6951
329.5319
252.0858
25.3718
179.3661
9.9635
224.7877
54.4130
51.1265
353.6242
27.2821
60.1489
255.3100
116.9230
145.7768
359.0711
0.9997
348.3510
284.7692
50.5215
38.9260
176.9084
50.6262
7.5486
26.4627
105.6679
187.6511
23.6257
105.2960
137.5753
0.8050
10.7882
45.0941
209.9660
204.7093
319.8888
84.7121
32.7712
92.7268
31.3349
1.6213
93.7727
76.9473
49.7737
38.8722
236.0526
90.8025
67.0130
72.1681
200.3864
193.1016
39.8733
36.7604
17.7552
0.0213
80.4246
78.3561
26.7294
38.7977
333.2016
264.5703
11.6545
25.2183
16.4687
211.2097
42.2655
21.4795
252.4172
174.0192
20.3731
346.0238
183.7045
271.6477
29.4177
26.0143
342.4332
188.8456
60.6831
55.1258
37.8286
101.2194
109.9239
255.2872
61.7046
237.7502
44.6619
84.6705
154.4015
1.9047
26.6857
38.8258
90.9004
332.7452
89.7514
23.9276
28.6490
13.9562
41.7309
67.4865
185.6280
183.9742
69.5023
222.5502
52.7043
51.0746
300.4875
254.2048
4.4183
6.0909
328.1626
279.1466
37.9489
53.9818
26.5710
7.0045
67.8446
87.1708
35.9618
27.6485
6.8129
6.4556
76.4774
78.4254
11.0563
75.6363
49.0674
55.7794
32.1639
25.5234
33.9559
156.9050
57.4554
37.8992
69.7745
62.3490
52.3046
44.1659
352.7282
10.4422
282.3029
165.6511
18.9866
62.2850
88.1145
260.0638
43.3598
44.9927
136.4962
7.2016
16.8009
357.3054
357.5957
40.1790
53.0154
355.8839
344.2003
277.5751
78.2887
294.0600
15.1313
85.4650
84.5727
269.9923
1.8617
8.4414
239.2556
241.4759
56.3478
66.6664
86.0734
298.9013
355.4993
328.3311
153.6053
93.5016
26.0287
356.5200
226.0985
340.9402
16.9722
95.2972
57.6273
16.7820
76.8962
296.1248
58.5713
64.2705
134.0220
124.1773
87.2404
333.7616
58.6752
133.4946
355.5314
299.3340
298.8923
321.8401
133.9365
33.4217
227.2078
87.1995
84.1528
285.4649
318.0633
141.0515
96.0353
331.0673
110.2360
338.8691
218.2959
73.5031
12.1536
220.1964
156.5921
41.4162
284.6603
237.5309
40.0658
29.6442
139.6583
18.2386
352.2949
257.0233
134.9814
52.5012
269.3830
265.5550
185.3408
161.2483
279.9193
61.4600
41.1265
7.4849
38.0903
99.7588
21.7691
46.2871
315.5562
266.6445
280.3406
102.5781
109.7914
60.9697
309.4571
57.4849
108.0992
6.2776
64.7866
74.4462
88.3926
5.9340
70.0087
51.6391
56.6804
91.3827
90.3057
55.3393
37.3788
279.8357
103.4936
309.8112
62.3640
87.9284
104.6232
3.1219
183.3639
23.9837
358.8065
181.3525
6.7508
194.1214
148.1773
335.4087
308.8346
60.4987
47.3787
1.7576
22.0610
34.2616
201.9528
308.4078
85.3479
99.4614
197.6111
0.5913
17.5548
83.0469
221.1011
22.5738
247.8935
324.6314
110.5230
229.1003
115.6804
49.7114
7.0289
343.3441
85.1502
94.7465
25.4318
79.4409
270.2985
74.5107
318.6025
184.9160
131.9333
221.7450
7.6700
336.2956
21.5164
14.8236
31.8709
318.9354
66.8591
253.9285
22.7157
80.8733
22.6293
51.5378
23.7816
16.1604
19.5049
294.0091
205.4420
12.3548
51.1403
20.3549
179.3005
348.7543
164.5978
94.5581
9.6288
357.2044
267.2064
300.8520
208.7698
325.7886
