34.9364
25.1497
328.0787
233.9730
0.0034
43.8775
16.3282
16.2905
271.7282
124.3817
169.0909
257.1790
271.8096
36.4372
99.1427
359.2816
184.4683
235.3931
179.9992
31.8069
230.4637
233.3014
304.4014
131.7773
93.2690
10.0327
151.5273
270.0192
31.7462
352.8359
61.1504
137.4597
81.6980
30.9623
42.2998
311.6363
358.1169
220.9368
7.9295
229.4076
19.6773
328.3071
268.6742
102.3953
248.2210
85.9044
94.1519
99.8966
90.3312
138.9448
4.4914
49.8055
0.1136
355.7002
270.0261
227.5958
60.0772
57.8040
45.7777
41.0680
96.9515
61.7803
26.3778
14.2112
293.4972
9.3155
357.0345
60.1280
58.3659
250.3662
75.5794
86.6490
85.2881
86.1517
71.8295
61.9487
345.4857
281.7394
30.2471
10.6654
44.9685
18.1825
358.5572
57.6464
34.6003
6.9065
4.1244
3.8752
358.9447
30.0872
21.5908
19.6257
64.0333
107.3932
55.9806
19.3902
212.0844
75.5076
71.9786
13.3345
16.7464
51.9580
51.7825
55.0583
189.3306
213.2153
30.1095
32.2145
51.9247
34.9646
26.6103
36.2936
47.5469
41.3017
110.4531
79.2850
46.4092
49.9303
48.9335
63.9640
359.5490
14.4191
0.0514
359.9617
2.5222
3.7341
6.2429
8.9966
22.3361
25.9742
70.9043
62.6778
23.0767
44.2797
75.2160
61.1064
50.0128
335.9400
91.5285
50.5950
24.0707
47.5000
74.4736
76.9070
12.0080
10.5687
7.7105
7.9709
3.9075
28.6962
50.2276
56.9153
69.0589
69.3736
29.1435
22.7862
41.9652
39.1188
82.0010
26.9752
33.3493
84.2983
273.4327
35.5026
38.8808
14.0676
5.9865
270.7498
218.4845
20.8915
21.9981
30.0171
19.3062
23.7812
21.5998
3.5151
87.1980
88.4786
58.9379
283.5541
3.1346
17.9373
16.4047
70.8120
76.0297
13.5302
11.8872
49.3214
42.6424
36.2858
35.1870
24.3355
19.4546
197.1133
43.8972
47.7801
5.8069
5.5599
340.6312
340.2775
358.5039
0.8722
71.0440
14.3424
45.9588
236.0985
135.4122
61.2498
45.2961
49.3568
86.2390
84.5130
173.3465
62.2816
67.3389
70.2117
70.9797
88.2711
53.0626
54.1266
17.5080
78.3132
240.5412
12.9591
63.1220
48.7431
46.6541
69.7710
71.6566
76.4039
79.8090
72.3749
67.7614
71.4928
36.6056
91.3373
110.6615
59.0099
73.0507
29.0109
35.5886
17.7877
62.7641
38.5607
66.5352
68.6535
62.2174
80.4295
238.4108
34.7214
274.0257
94.8523
270.0686
80.7646
170.2374
74.0037
122.1160
343.6136
214.4160
255.8275
190.4647
281.0491
13.2932
332.6085
64.9370
217.3470
53.6548
44.0457
56.3818
58.9300
294.2055
172.8742
194.0209
61.2207
69.0136
160.3327
229.5401
227.7766
255.4345
52.4315
34.7825
60.2318
49.0080
334.4145
87.3161
113.4922
45.3436
53.2859
71.1307
51.3368
86.7741
85.3931
241.3955
86.5325
9.2891
357.5221
48.9613
81.5105
207.9112
1.7196
2.9046
30.9596
26.2820
15.5987
63.4489
57.1401
38.5257
30.6746
12.9255
184.6477
12.9911
38.0500
110.3514
66.3933
85.7986
86.2134
87.2561
72.5686
345.1995
166.6909
95.6039
65.9868
72.0039
66.2888
15.8078
12.0594
309.4495
344.8250
38.5507
55.2571
35.1549
127.3279
51.6357
36.9724
67.3734
70.8215
18.5363
39.5879
286.6735
303.3955
46.3322
224.3520
8.6321
4.4310
57.0683
59.6670
180.3020
185.3035
3.0475
141.6696
88.9604
91.3114
16.3263
45.4908
47.1412
58.9058
63.7385
51.0492
51.8134
171.3853
26.3662
26.9800
325.0676
209.2379
59.9942
163.4767
74.8615
30.8289
197.8878
47.2303
133.7283
359.5368
5.2906
13.6829
9.8691
357.0151
331.3252
126.6161
96.6306
356.9675
12.6950
42.7707
31.3741
43.2951
349.8297
116.6778
229.4445
44.9365
36.2996
108.8767
239.3155
30.7413
37.8681
21.5200
16.7962
348.3798
76.5624
236.6112
76.3677
24.0447
21.6455
218.2643
1.5703
222.1891
222.3068
117.8739
14.7287
44.7960
52.4335
196.0986
183.1470
218.3033
108.2839
59.6786
77.4688
107.9589
41.5614
33.2521
14.0712
351.8231
68.3385
202.7997
94.0228
42.8384
36.9858
3.0299
125.6466
70.6837
33.8237
40.6390
193.1667
22.4803
7.8590
16.0313
33.2544
105.4006
327.3181
157.8604
11.2807
334.2631
100.8715
116.9398
21.6512
0.0905
2.0626
354.2815
26.0849
264.3855
64.2832
127.3050
352.3831
339.5124
42.4290
68.1220
321.8754
139.9093
242.4257
60.7926
37.4602
277.1985
13.2226
44.2877
102.2851
8.7249
48.3233
85.4546
349.0636
5.9122
327.3547
295.2678
97.1325
5.1995
10.3765
5.6311
356.7627
11.6009
30.1394
23.3868
39.3097
34.3681
52.4212
44.8017
143.9756
40.5288
14.2556
100.7716
208.2229
345.8477
6.0146
12.1219
18.4936
85.9019
320.9467
356.5687
356.9112
124.6776
60.9729
264.2310
278.3603
34.8205
357.8878
69.0913
72.9474
37.8737
9.2782
20.9016
70.0930
77.5356
54.7608
21.3519
24.5154
10.9204
31.3732
25.8217
178.3127
78.8113
48.9043
43.4775
233.7213
81.7854
90.2652
78.5825
201.0811
192.3964
116.8393
70.8085
359.9456
356.3988
5.4247
7.6063
72.6522
260.5129
9.5552
353.3686
280.6664
264.7751
60.6961
68.8983
256.0416
237.8450
43.5663
263.4670
349.1425
96.9320
222.5475
43.7588
83.0415
83.4330
358.2331
83.0869
76.2817
30.6631
199.8937
4.2210
9.2967
167.4384
356.0075
54.7362
53.3800
303.1339
309.3262
79.0610
86.2024
41.0579
130.5219
54.1709
46.4204
28.4866
217.4103
351.8406
44.3947
39.6703
306.0359
113.0160
327.8108
100.9927
63.7842
82.4778
158.9088
90.5279
46.0544
60.6432
53.8649
67.0784
186.5052
188.2885
31.2818
269.5620
191.0000
258.0059
320.9578
69.9030
175.0606
10.5742
342.5852
67.7856
69.4993
322.0728
11.5938
106.8876
70.4230
180.6432
298.0540
167.2388
332.5112
278.6408
73.4717
246.7319
297.4735
22.9464
60.8132
61.5686
86.3449
94.1231
73.0137
344.3267
354.7385
182.4764
53.8187
84.5557
94.2015
184.8373
87.3146
81.9869
43.8182
40.9978
167.1766
226.8480
51.5671
66.0926
251.5250
82.1071
3.2430
60.1785
70.6261
74.4541
33.6446
69.2744
58.9981
51.5410
65.3825
61.6053
26.6041
58.5708
121.6917
53.6444
61.1705
283.7684
49.7724
61.8896
54.6231
62.1828
65.7484
72.5589
278.7943
70.5416
269.0303
132.4642
13.9094
97.4606
95.3012
60.7384
315.1486
10.1081
3.2021
89.3581
93.7056
36.0679
16.1338
23.2419
339.3097
48.1000
163.6115
58.0229
315.5627
311.1557
166.4822
57.3194
101.3741
52.4729
101.5536
220.7237
236.1582
112.9085
151.2198
204.2947
81.2605
13.1841
9.7853
37.2741
197.8606
14.2150
296.9487
356.2008
358.5148
83.2418
134.8856
55.6741
58.5306
304.1969
93.2344
174.7678
188.8069
336.5442
72.3494
152.5261
0.5216
170.1157
85.2681
357.3835
187.0151
63.9573
49.4210
84.1313
81.7981
63.2939
71.2026
89.4997
80.6790
53.2182
98.7245
158.2377
30.3497
38.1807
10.7953
176.7465
53.2966
307.6300
41.2388
92.7677
4.8427
40.9410
84.2464
101.3452
46.4339
194.4308
216.4577
232.9828
74.4643
304.5056
29.2627
235.3184
316.2223
78.2680
71.0522
63.7238
75.3310
88.3975
266.0344
74.1999
22.7168
307.1099
180.6722
177.3239
6.2895
29.3332
43.2159
246.0127
187.5244
198.2442
250.2611
264.4897
320.1420
210.2056
59.3838
59.3637
189.8172
184.0065
189.1597
5.0989
157.7182
358.1407
357.5317
19.1815
184.7426
89.5088
82.5451
36.9424
283.6207
36.2732
107.5805
57.2221
43.2979
9.3391
82.0472
88.8128
33.3326
68.0110
71.8851
85.0461
33.6046
170.5121
45.6928
16.9777
19.8635
21.0079
87.9397
80.3170
135.1272
169.9339
18.0551
66.8545
69.1512
78.6248
52.0930
307.5979
24.2091
353.4371
37.6838
50.2174
104.6804
101.3244
64.1637
72.2963
29.6815
11.5214
352.3028
20.4491
256.0381
64.9037
44.1916
61.0278
102.3761
292.9860
90.4129
158.7365
4.3177
60.8851
43.9532
44.5247
2.5322
1.1054
245.6701
65.1764
21.6431
38.5740
131.3196
200.4962
36.6431
48.9394
42.6578
43.1373
283.0762
187.0176
30.9039
26.5114
11.0001
15.0313
68.9612
70.4362
56.5996
338.8166
62.6288
293.9820
55.3307
1.8994
48.8138
34.1055
26.3151
347.1803
31.7939
11.4384
42.6724
61.7545
58.5625
56.0234
71.6648
247.2083
72.2627
66.6419
18.2585
26.7078
64.6595
128.6242
55.3540
54.3717
90.6395
74.2021
16.9737
14.5524
59.0311
14.0962
21.7305
19.6471
154.9170
10.7617
65.2955
61.9420
164.8544
33.7316
23.4165
126.7052
63.8692
67.0122
4.3602
4.1522
82.6348
47.6782
33.9366
122.9281
74.4305
90.9487
43.8264
74.7831
77.8973
39.3306
87.0121
60.3077
58.7999
48.8569
54.6892
357.1867
13.3295
17.1484
53.2555
68.6637
22.5001
33.5496
73.5150
93.8151
15.0823
17.4594
216.8581
48.7207
94.4803
57.4327
94.6494
87.6972
88.7629
90.6863
12.8346
20.8357
75.1046
70.1375
47.8919
97.6546
92.2456
59.0651
87.0283
77.7363
77.1379
74.1489
93.0438
35.9832
39.2770
77.5214
67.8806
26.9438
24.3410
79.8372
71.2472
63.0314
47.4545
215.5771
211.4626
73.0425
79.1194
60.9620
58.6676
218.5578
115.5998
6.0025
76.4814
29.4079
15.3555
207.1311
27.1608
65.4222
238.1290
262.2492
11.4581
270.0329
37.2102
31.6285
200.2800
12.0923
85.3072
92.0637
11.8818
290.4737
89.4776
89.1518
12.7094
39.6340
47.7603
43.9307
17.2440
276.3946
23.0765
16.0771
26.1405
36.0722
258.8813
78.8550
79.0848
279.7721
323.4148
5.9709
17.5652
8.4241
9.5929
52.9452
7.6517
47.3619
32.6528
21.5805
24.4261
238.9324
41.5796
33.6258
358.4257
13.7032
216.9514
203.8631
13.8645
3.0037
200.0177
71.5718
22.6125
25.1806
17.4426
253.8137
15.6283
42.2526
71.8384
71.7380
41.9732
58.9167
91.8617
99.6344
202.6842
22.9798
266.1926
7.8101
88.5657
67.6573
228.3486
40.3875
48.1639
40.2354
24.7426
15.8812
1.7891
7.3772
88.0013
91.3474
62.3165
77.6006
354.9948
354.3521
272.9721
339.2896
187.3936
19.9531
28.9376
58.0626
64.8046
14.8380
14.6299
55.4762
46.8173
38.5386
63.3435
9.1169
336.8896
29.8643
93.0848
23.9426
41.9815
5.8204
4.2665
6.4002
14.9792
8.4426
9.8098
272.4557
261.1036
326.8731
37.0183
7.0250
287.8035
8.5160
7.7464
67.1884
87.0617
30.6286
26.2656
58.8225
49.6991
41.1738
31.0605
1.7230
131.1319
290.7132
257.3379
79.7106
199.4499
42.2124
96.1370
54.7765
67.3082
15.7340
9.5592
40.0576
175.9666
229.1811
55.7489
256.4537
68.2197
249.4721
94.2467
182.0426
153.7514
277.9422
279.3235
290.4485
58.7914
20.1787
280.2494
49.3183
62.1650
221.7175
8.2260
328.7232
293.4212
92.7745
259.9039
205.7010
65.8809
98.0540
45.7223
113.3960
143.3377
221.9878
65.0332
271.3688
55.8158
56.1651
12.4801
352.8545
2.6772
281.0236
53.0210
2.7641
21.5647
35.1800
0.6190
5.3621
29.8188
30.4808
3.9817
5.2489
21.5871
56.5686
346.2390
80.5016
95.7413
80.6028
70.4304
73.8322
330.8241
91.6271
38.8533
269.7757
351.3178
333.0640
8.0068
1.9003
35.5445
176.5575
259.5573
262.8421
39.7940
53.5280
71.3833
29.2682
43.2999
77.9206
244.4211
13.3940
206.5119
19.4640
2.6174
46.4027
44.5018
6.3200
36.2011
235.5760
1.1862
358.3097
0.1367
6.5394
70.3153
166.8635
6.9552
0.9997
358.0597
27.9474
11.2398
310.2279
36.6944
197.0593
125.6906
33.7848
34.5539
0.4750
3.2120
34.0769
0.2234
1.2746
9.4841
79.2172
113.3357
38.9229
51.1076
29.1595
39.9196
64.8339
79.7172
82.6806
120.4583
37.9348
337.1025
4.6747
26.8962
11.6258
356.0094
149.2557
227.8029
264.4945
270.2907
330.8334
155.7160
46.7829
20.6982
201.4763
57.3399
67.0713
339.4601
354.8033
355.7330
331.9432
255.7412
40.9183
194.8222
339.0724
325.7399
230.2541
160.2178
357.0423
187.3284
92.7995
54.3140
205.5597
9.3557
357.6459
251.2594
97.9349
42.2018
31.8461
204.4122
264.2375
18.1214
143.6258
153.7528
131.8010
33.4905
45.9213
56.9332
57.1265
50.9717
215.4522
115.7202
211.7326
149.8607
123.1384
101.4987
58.7647
286.9760
272.1067
179.9999
38.5727
106.4674
251.4888
230.1341
207.6473
148.0110
27.7144
143.9557
184.4677
311.9103
88.0922
110.5694
211.2160
23.8297
62.8764
176.6456
277.6465
117.2182
37.2136
237.2979
331.6592
56.2778
59.3575
283.1451
180.0050
52.2584
175.6912
347.2276
298.4370
357.2131
285.2281
318.9526
165.9506
27.5614
239.1447
89.9721
120.1920
26.0506
359.6616
92.7280
184.6827
64.2417
178.5906
92.0989
88.1709
146.1360
71.4371
189.2076
322.6665
267.1091
31.9670
267.9988
339.1938
345.4985
293.9886
49.9054
19.0143
184.3198
134.1928
65.7652
261.0829
63.5020
66.6671
90.1547
22.5929
211.6572
53.6120
53.5134
3.7379
359.5809
28.5820
218.0608
47.7624
1.2634
19.6081
78.7639
90.0963
61.8584
312.7135
113.4330
37.3713
20.1989
27.7636
34.1816
32.6564
17.4142
48.2118
90.3850
190.0129
57.9268
48.8758
42.2077
16.1125
210.5211
67.1602
72.7383
87.0887
93.1055
28.2884
210.7666
50.9205
55.6739
37.1129
64.9698
68.4125
15.8995
351.1629
30.5918
33.2651
44.2919
45.7481
44.7728
38.2328
37.4274
33.2657
26.3347
24.6254
81.4741
92.7531
27.1849
24.9454
66.4985
5.3980
33.9516
263.7437
86.5456
36.8272
29.7428
53.0143
49.4601
202.9606
17.2375
84.8969
22.7355
85.2139
193.7087
257.0638
63.7585
59.2603
48.4967
307.0339
8.7348
36.8450
34.8276
252.6968
203.9748
184.4657
245.7038
230.2996
16.8343
139.8800
53.5951
21.8333
74.8258
11.9944
7.8793
188.0456
185.3926
327.6354
46.3677
49.2787
267.3024
281.8783
267.8837
33.0544
101.7217
81.8865
46.9962
81.3170
359.1859
220.4654
326.7843
33.3685
17.4770
114.9633
219.9623
22.7959
73.0432
118.1856
301.4885
68.7983
74.1501
50.5510
40.7181
45.1337
71.7086
4.2206
4.7430
0.1696
121.9995
252.1234
12.0216
304.4723
106.7736
72.8526
42.6928
19.0558
43.5223
90.6955
45.8349
79.2115
65.7064
52.0252
228.1033
15.5304
154.1148
272.0015
28.1529
25.0715
359.7906
17.6335
79.7978
79.3090
42.2715
55.1520
67.4496
28.2175
160.7659
170.1881
14.0133
356.5937
80.0517
70.2116
46.8970
82.0162
66.5305
353.0803
36.6967
270.9900
122.7770
12.8358
60.8589
53.7222
41.9883
72.0069
247.4433
63.5036
282.8622
73.3773
236.1702
86.2396
72.0447
238.1689
66.1721
25.0231
3.8683
4.9541
199.5168
317.2650
240.5196
288.9270
13.9176
13.5552
46.0263
222.9223
70.9503
107.8130
15.6779
60.1851
304.6833
239.3640
64.2337
114.5679
80.8762
121.5582
81.9526
38.0923
162.1002
182.6617
0.1526
359.9916
39.5353
64.1276
27.6844
194.6518
56.9409
23.9556
29.8575
62.1477
77.2678
254.7233
165.3870
230.0307
10.4529
101.7909
23.4499
152.8048
55.6342
130.0318
37.0966
39.6049
359.1074
6.8939
6.3399
47.6582
216.3696
31.4598
51.8650
12.8814
12.8828
87.3484
67.8615
59.2801
61.9898
73.8655
77.3246
53.6751
65.6005
18.5113
67.9953
63.6837
18.5107
324.4247
222.7584
323.3910
69.6897
17.7448
94.1022
89.1752
50.8211
53.5189
49.3305
51.2922
204.7601
75.9438
66.2257
74.4399
70.2950
53.0120
292.4083
81.2632
250.5161
10.7452
9.3761
9.7225
13.5323
81.2738
79.9649
335.1505
62.9170
63.8978
268.7141
67.7171
54.2035
30.6740
6.7117
80.8257
88.2913
53.5350
50.0683
66.1557
59.7612
40.6964
273.9972
31.3332
40.1100
62.9715
47.6699
38.0057
60.2225
69.6063
62.3975
57.1795
71.7485
68.0622
79.6281
62.8115
67.1616
14.5872
192.8693
59.0962
67.6663
358.8219
359.5954
59.9394
61.0573
16.9900
17.9567
57.2059
63.0911
59.1912
353.5736
80.8051
342.3065
236.9510
74.9961
266.1486
103.1602
28.3514
20.8407
346.7388
35.3902
329.3514
30.9208
170.3275
11.9729
180.1350
234.1518
356.6653
248.8292
13.0070
4.8367
6.1881
192.8428
325.5286
42.5150
5.1573
38.9206
34.0014
22.7247
28.6152
69.3475
75.4801
4.1535
184.2873
235.6893
11.4806
21.4883
68.4280
10.5829
23.3439
177.2877
22.4503
23.5198
352.2402
78.3847
71.9725
8.4769
24.1400
332.7809
167.7045
127.5522
127.4509
43.5240
59.9108
61.9937
350.5513
195.6307
32.6756
44.0676
331.3316
61.6574
66.9039
98.4729
54.0729
90.0725
246.7307
231.0984
147.5881
74.3648
103.8564
65.1600
104.0926
53.7138
48.3394
54.1089
53.8549
57.2092
180.3648
244.5568
26.0841
250.4790
262.6604
263.8609
150.4970
64.6018
50.7687
318.2376
137.4085
139.8795
179.2998
31.3671
85.8541
321.3310
251.5758
75.1243
342.7996
214.0679
9.9812
235.0211
355.2143
291.1970
56.4983
288.6147
232.3085
68.4407
70.2810
6.2557
4.1972
348.7244
134.7401
258.7980
191.8560
28.4710
285.1108
102.6621
186.9538
41.2331
177.1198
12.7031
67.6038
17.4680
285.1943
50.7196
275.2664
50.0867
53.8558
28.0011
63.4032
33.0890
108.2136
97.8459
109.8458
73.1946
288.8171
359.8252
75.8272
89.8607
89.3348
167.1984
167.6396
302.0645
1.3164
159.8642
62.5711
62.8625
165.5005
4.3602
180.2686
194.7650
301.4290
276.0410
103.7701
58.2879
10.1638
176.9273
74.1293
201.6835
81.7264
93.5504
307.2451
258.3798
235.2522
5.5574
51.9136
125.0450
84.9507
15.2933
12.0922
125.1662
40.8798
242.4956
328.5217
39.0772
164.4228
138.5139
230.3791
322.3783
68.6235
39.1336
46.4341
49.6978
49.6995
20.0496
112.1804
145.1708
98.8009
351.8845
88.9221
179.0079
70.9277
280.3425
233.3626
99.1230
85.9182
33.2103
287.9070
93.5987
7.4413
344.8131
4.3701
239.2496
135.6308
55.8202
111.9800
46.9327
32.2553
73.2100
207.8966
299.1442
110.4896
242.1619
302.7420
47.7718
89.4518
268.8689
212.5685
90.9197
170.3730
18.9744
45.7202
281.3715
15.9436
18.4792
323.3494
313.2053
29.6832
217.8818
82.3315
72.7845
354.6733
34.5579
12.3426
1.4338
291.0280
91.4383
86.5150
95.7351
115.2484
194.9947
154.8369
174.3242
151.8110
83.4767
84.5049
74.0454
26.8947
15.3723
275.3314
52.7155
92.3288
57.4106
56.5350
54.9492
74.9421
87.1195
84.8261
83.5643
55.0418
106.3752
66.3320
353.7649
359.8640
358.9557
74.5835
64.8873
32.6834
349.1193
214.2818
293.2095
207.7941
229.8876
84.7577
279.9208
297.1470
86.5700
237.6589
81.7282
36.3546
44.1818
18.5190
327.7106
130.1326
299.4179
1.4076
286.6756
344.1702
89.4972
94.2028
70.8989
93.0935
122.0821
47.1130
178.0812
75.3018
78.5351
267.2215
12.6448
335.4801
158.4794
65.0945
102.3444
85.1027
297.4920
197.5896
344.1749
87.2111
71.5482
55.6629
243.6078
56.8305
38.0489
23.7359
100.5399
43.8061
61.9938
64.5567
87.9990
16.7422
63.4075
44.0807
160.9197
113.5522
4.7264
87.0965
82.9511
11.5858
232.5348
97.7168
334.0228
75.6870
279.1237
75.2736
68.8717
99.4272
53.0176
82.7439
200.5124
94.8115
60.1722
36.7749
296.8668
57.1283
71.6222
31.1405
183.1644
17.4671
7.9462
193.1137
225.5326
266.5816
333.9346
32.8467
84.3933
327.6318
148.2598
83.9574
81.0720
89.5325
108.0878
31.0555
10.0758
77.6308
62.6508
72.4373
87.4865
93.9082
189.9096
136.6070
185.2933
352.4733
19.8387
67.9244
63.7199
44.2541
123.3100
25.6642
188.5812
27.9761
334.8755
352.0129
67.4943
69.3618
210.5362
231.2579
315.7885
75.7323
66.1883
72.7045
66.3291
76.0600
70.3847
117.0617
86.6691
208.8756
33.8624
299.4162
65.5705
147.4221
93.6184
139.7278
8.3286
9.2323
283.2021
53.5825
59.9766
60.2449
54.7443
254.9703
287.3591
56.5140
14.5578
66.3209
91.9680
89.1753
265.5104
241.9277
190.5432
114.3229
56.2247
41.0032
87.9913
43.4711
71.6043
165.3097
78.8321
76.8357
333.3559
34.0500
41.4558
2.0069
117.4905
231.0842
84.9261
291.3908
211.1547
73.2594
84.2318
35.7665
167.3702
57.5924
49.6583
84.6554
83.8557
8.7888
108.9923
258.0567
93.1417
126.0310
59.3139
68.6207
264.9048
81.0962
110.2461
338.7737
42.0458
24.3895
211.2386
82.5626
71.4699
251.6633
354.7323
33.2929
284.0413
68.4051
240.9030
79.9737
86.0091
21.5925
76.9902
328.6448
235.4390
22.8862
75.2157
279.3849
136.9777
31.0723
238.2637
55.9988
62.2997
125.6655
334.3564
85.9674
89.3707
80.8145
297.1876
230.2418
246.2044
255.4487
39.3054
11.7821
44.9871
31.1782
193.2470
296.6317
145.1902
166.6818
272.8408
112.8927
82.5613
289.6624
42.6352
289.1583
269.1552
45.2295
337.6824
90.9008
272.5391
96.0605
294.2237
335.3988
31.6245
199.7749
80.0385
40.3318
0.6421
63.6735
33.3517
244.3709
299.8745
114.6797
283.6644
82.7794
30.7357
8.4123
203.2233
50.1801
68.0624
10.7385
250.1214
44.0462
165.1361
352.6185
2.3859
12.7610
41.6771
43.8999
227.3537
27.0368
56.4266
85.8254
304.2575
64.0324
260.3036
100.8724
337.5619
203.4804
49.6272
151.6576
89.0640
85.9197
15.0669
181.3070
15.4501
80.3674
72.3399
46.9855
94.5389
348.1249
179.5557
285.1660
81.4063
179.9880
9.5171
85.8004
217.6448
95.3382
230.8179
63.3726
29.7290
13.5781
100.9007
270.2723
190.6089
243.6123
152.5214
324.0250
56.9262
157.6006
321.2630
0.8496
281.6693
359.3998
261.2131
91.8819
234.5970
357.6138
334.8473
58.6414
188.0389
167.5940
150.1707
243.9988
183.1249
78.5104
88.7818
199.8720
294.2641
124.2700
66.5265
274.0338
98.0429
110.0492
347.7004
49.7423
10.3230
289.9821
15.3515
341.9988
72.4535
357.5267
96.9050
216.3592
72.6060
280.1673
264.2944
308.2108
191.6149
4.4626
302.4854
335.8203
82.7044
80.8490
45.8814
30.5932
49.4791
122.2404
64.4329
84.4308
302.1412
154.0971
330.8308
22.1310
333.8423
161.4939
91.7386
6.8186
3.6084
10.3398
250.5545
211.0785
89.3074
87.1555
3.8228
237.3679
193.3937
268.3654
84.4949
84.4028
70.3013
270.9293
35.2156
16.4741
118.1475
274.6000
267.5941
359.3088
15.0856
75.0957
95.6462
326.9271
86.8513
111.1118
11.1783
250.9512
121.2083
135.0988
110.3776
96.3088
250.3935
328.6371
194.0417
109.5387
354.8976
277.1807
169.4987
220.4512
271.1416
279.6870
28.4133
94.6373
179.9992
185.4629
17.8674
89.6622
296.1285
165.6982
9.6712
277.0948
216.5392
245.5171
41.2650
211.7272
359.9004
17.4873
170.9433
331.3338
278.0476
197.3526
80.0686
3.5789
198.3056
350.4611
307.9795
277.1259
38.3815
111.5015
13.2557
124.6856
80.6796
78.7618
35.9961
201.4712
54.0313
46.3551
333.2969
23.2528
281.1510
65.0454
1.1824
18.2283
184.6382
100.7229
103.6630
81.6667
20.5257
4.9788
90.0000
283.9934
105.5675
242.5817
82.1634
246.3979
203.5490
38.8906
176.5570
157.6025
20.5577
69.1919
1.6344
38.8783
73.8447
38.4464
64.4627
141.7548
236.6061
355.6255
346.7368
67.7603
92.0964
209.6585
231.0949
312.9965
55.9166
28.7553
17.9529
350.7608
39.1714
59.6421
280.1769
65.6811
68.7522
63.8679
240.4821
322.7482
9.0322
11.4510
9.5794
14.8390
24.3805
40.9748
280.8705
259.1385
77.9866
13.6648
23.5169
58.8516
77.8669
92.8046
246.6253
77.3780
71.5525
8.1164
267.6835
258.6915
208.5396
142.4930
359.9663
222.4779
29.9954
6.3448
129.8720
231.2998
239.1736
59.2546
219.5435
208.7530
98.3127
273.5866
330.6864
36.1090
66.0358
96.0578
169.3843
200.5979
103.0288
102.5566
260.2315
76.6636
84.1993
318.8272
351.9622
94.2975
191.6490
351.5734
343.2009
56.8272
236.8286
226.7178
158.3460
268.0837
112.2365
242.4690
40.7860
286.2934
235.5934
259.1686
319.1675
94.7802
63.9607
173.8103
169.5767
146.1208
350.2733
168.6336
137.2396
190.5203
11.1164
98.4094
244.1261
43.3293
233.3297
1.9166
15.8145
66.6870
9.7511
60.5948
175.8138
40.2621
71.3174
49.0732
31.5656
336.3785
24.7974
232.9450
263.1923
211.9008
38.9862
159.4580
269.7484
342.4601
157.2991
148.7757
223.1109
332.9164
124.7432
128.9320
62.4326
223.2612
287.9338
275.6457
193.2624
174.8030
248.9201
114.9366
177.7143
76.0307
95.7103
51.8353
47.8813
39.8805
14.0264
0.6572
24.1882
358.8275
3.9457
70.6483
58.1861
93.3284
18.2497
91.0540
38.4327
325.3170
10.2577
24.5551
39.4051
30.3627
14.2159
355.9885
32.1034
50.6194
274.1829
43.4898
76.9909
292.8649
252.7864
52.3776
37.4795
200.8103
50.3402
48.8864
88.7693
92.5992
89.1678
45.6369
45.6813
34.4530
16.3224
64.1948
7.6096
25.0574
267.3445
151.5603
174.6463
181.0761
226.8126
42.3968
134.5377
118.2560
23.8895
194.0350
85.2091
357.8374
53.1620
249.4344
47.0666
39.5787
28.4234
27.7482
75.3104
74.9110
42.2498
28.3583
73.5206
75.9536
20.7996
19.1313
18.6072
2.3217
1.2541
331.2783
339.6083
54.6876
77.4467
221.5760
74.9152
75.9317
63.9666
6.5161
9.4799
66.8190
79.1944
335.8638
29.3646
197.4463
319.8801
57.3143
84.1072
358.1425
55.5884
24.3176
57.2143
34.5113
76.4968
90.9223
75.3223
173.7829
179.8707
37.8667
47.4082
317.9027
72.3688
9.7649
6.7691
85.9449
75.9303
1.1857
327.6054
51.8315
13.2966
105.3553
96.0973
90.1155
112.9167
23.8356
23.4348
22.8125
167.6988
357.9961
18.3456
268.7828
345.9163
66.6430
64.5078
337.6511
27.5849
90.2641
89.0558
65.9147
338.6751
204.3107
104.6271
71.3830
68.9458
105.5200
275.2189
308.6302
96.6825
14.3948
66.2414
77.0650
34.6340
359.5828
91.1916
54.9757
6.9706
15.4886
45.0907
47.3959
89.7661
8.4085
6.0482
268.4116
316.7334
19.8359
37.0206
20.2994
70.2412
104.4978
36.5773
155.8299
195.9061
17.1810
196.8616
185.0483
193.5515
237.0325
67.7252
70.6040
75.8522
60.4848
340.6813
5.7249
4.5400
7.4146
356.2898
9.3724
19.1605
212.8735
207.6722
358.4842
13.8653
24.8743
14.8913
52.5761
21.5932
208.0436
3.8161
186.7537
29.5371
37.1388
0.0522
9.6276
37.3982
41.5428
67.5872
64.0450
357.3736
4.9249
3.0666
276.6056
71.2680
295.5135
29.1335
47.0970
98.1058
237.2198
7.4144
277.5991
356.4441
118.0414
84.4600
114.0721
133.1094
138.3184
74.5389
43.5239
40.0150
58.2995
56.8873
274.9475
134.2107
306.7049
101.6583
294.3453
81.7334
5.9778
101.1298
271.6830
75.8352
62.9018
200.5838
81.9396
11.3365
345.9704
158.1385
201.0389
16.2953
325.6854
197.2003
273.1191
76.5380
217.1149
59.0945
67.4665
64.0012
48.9374
61.6741
61.9789
54.9948
62.9414
66.4402
81.2509
79.7687
332.7070
79.2882
6.9982
0.0041
82.8229
276.5618
50.3992
54.8546
4.9786
13.0293
339.5880
196.7008
357.4350
86.3686
67.3356
66.1416
106.0455
156.9019
98.6906
101.9197
78.9235
42.1716
22.7714
209.0464
122.9313
200.8576
298.0740
0.9724
0.7747
6.2172
338.7038
331.6443
88.6464
50.2106
273.3601
44.4964
60.3639
60.6745
262.2152
201.1481
82.7217
254.0787
359.3670
4.8649
222.2836
161.8747
25.2967
67.1884
307.5234
85.0311
75.5876
330.2143
346.4419
127.8391
121.4833
272.4235
327.2663
195.2281
235.5168
62.2873
140.2376
74.0570
78.6529
40.5920
60.0310
15.8527
355.3240
17.0461
154.4786
255.8542
337.4911
58.5641
216.5674
88.3975
63.1180
72.2023
191.4113
250.6163
258.2134
5.3245
27.4492
96.2936
189.2708
91.9165
95.9775
35.8253
71.5421
268.0110
105.3146
164.9542
201.0214
283.0159
20.3864
343.2220
57.6074
4.2147
154.3224
1.0136
345.3586
257.4381
180.9584
169.2420
244.6320
65.3749
349.7759
313.3352
150.9754
206.5334
210.2665
10.5275
26.5428
191.0683
75.2635
91.3401
130.1812
181.5925
177.0133
30.4875
198.1532
245.1627
317.0076
27.8636
154.6393
357.0054
94.3445
118.5064
51.6564
300.6684
82.6900
84.8762
11.1372
251.4802
8.8482
193.0979
301.7827
25.4248
29.0764
86.9787
13.6731
48.2812
282.5437
47.1619
140.2793
65.5391
79.0953
60.3442
90.4082
15.4346
237.8916
51.5552
220.7624
71.2888
57.3080
66.9390
89.8894
268.2146
34.6740
174.9119
74.3357
59.2435
298.5820
108.2837
1.9447
352.8391
93.0919
34.8789
31.0420
357.5994
2.6545
243.2309
116.9690
59.0398
0.0917
92.4518
321.7452
252.0637
25.4230
179.4814
9.9624
223.3046
53.6644
51.0298
353.4951
25.7314
60.3839
256.2810
114.1990
145.1650
359.0134
1.4842
348.7864
279.0573
53.2714
37.6645
172.4226
51.2466
4.1524
27.2564
105.6202
185.7278
24.7924
104.4157
132.3398
0.5448
10.6940
44.8962
208.9800
202.4331
320.5973
87.1603
22.2177
90.9599
29.5292
1.3537
94.4762
76.0116
54.2262
37.5934
235.5087
88.6456
64.9002
73.4561
200.1018
193.8285
38.8828
34.6245
18.0358
0.0390
80.7540
78.6457
24.9299
37.4291
330.9323
263.9645
12.6278
23.3565
15.7908
210.9940
41.4043
21.2133
251.7248
172.9226
20.3021
346.3287
191.1985
270.8880
159.8320
25.9531
340.4169
190.6265
46.1586
54.9806
71.9066
97.6935
109.1755
251.1535
61.3351
237.7420
44.4271
84.7302
157.5846
356.7332
39.3277
44.3323
91.3065
328.4366
93.0590
17.9937
28.7578
10.8365
41.2852
70.7723
185.2024
183.1304
68.6595
226.9601
53.1056
51.3289
299.7123
258.2876
4.2544
6.3104
326.9452
268.1713
30.0622
50.3582
29.0064
10.0600
69.8242
89.1037
36.7667
28.5451
6.8753
6.2207
76.5827
78.6723
11.3045
77.2601
48.7604
56.2376
31.9859
25.8746
27.8657
159.7225
64.1515
35.3407
70.6697
62.6545
51.7733
44.1078
346.7722
14.9963
285.0905
171.5269
20.8449
63.5364
88.7903
255.6064
44.4891
48.8808
133.8283
4.8122
16.6620
356.2324
356.7436
41.1396
53.5128
339.9501
339.2040
246.3318
77.6411
276.1580
30.0315
85.6229
99.0015
269.9993
1.7517
8.7114
238.4909
225.4614
56.6962
66.9203
85.8131
296.0259
348.3134
322.7995
160.3080
93.4981
28.3182
344.4286
226.9070
328.1099
15.5398
95.2432
57.9465
17.2621
72.7539
294.6716
58.2643
64.3223
139.1180
132.3704
87.8307
317.4784
57.4505
134.1050
356.2130
302.6122
297.0275
318.7342
124.6064
33.4487
225.5441
88.5559
86.2856
283.4651
314.0112
138.3939
96.7013
331.4830
112.0054
339.4790
218.3306
77.1179
354.6539
204.1441
156.3720
41.3611
284.1554
237.8511
29.8448
27.7870
90.6291
19.2023
348.4159
251.0421
136.0982
233.5846
270.3739
265.7756
185.7871
160.2656
282.2335
60.4563
41.6486
5.8152
38.6129
100.2060
21.4016
48.9514
300.3305
266.1550
276.2756
103.1476
109.2676
82.5967
302.7740
72.6421
106.9183
3.7662
65.7718
76.8142
88.1459
4.9095
70.3973
52.5463
56.1553
91.5781
90.3985
56.4860
35.9316
273.7040
106.4560
307.5878
61.0513
71.1864
106.5596
3.2262
183.4911
25.0255
357.3120
181.1752
6.9649
194.4334
136.1765
339.4836
307.5750
60.5589
47.3238
3.3447
27.8167
33.9564
200.5434
309.8961
85.0278
100.2605
197.1633
3.7921
18.4223
81.5291
218.4009
24.5324
247.4508
329.9442
108.7755
234.5578
115.2668
52.6423
12.6076
338.3406
85.5224
95.0425
24.7725
79.2955
270.3738
75.4273
315.5640
185.0816
139.2538
218.8109
7.5952
336.8492
21.4305
14.8303
34.4412
317.7517
66.3963
260.3619
22.6264
80.8832
22.5519
51.3259
23.7582
16.3107
18.8927
329.7594
205.0482
12.3549
52.5863
20.4065
175.8787
346.4829
163.7740
94.8835
9.5124
178.9783
267.2638
300.4217
211.1091
324.1869
