34.7418
25.0235
327.4677
232.6172
0.0030
43.4710
16.3232
16.2855
271.4566
124.4169
169.9892
257.1413
272.1094
36.8118
101.5856
359.2682
184.1458
235.8348
179.9993
31.1757
230.6760
233.3597
304.1263
131.2908
94.4408
9.8602
149.8928
270.0158
32.2855
352.6933
61.2054
136.0678
79.6206
29.1880
42.1059
311.2771
357.4486
220.5058
8.0949
230.4159
19.8651
329.0701
268.6638
101.6765
248.6165
85.9267
94.1784
88.1205
90.2377
138.3757
4.6603
49.1188
0.1581
355.7767
270.0241
47.3363
60.1551
57.9250
45.9453
41.3333
96.9722
61.8341
26.4126
14.0433
298.1654
9.2370
356.9320
60.1254
58.4724
250.8604
76.3773
86.6634
85.3851
86.2439
71.9639
62.1008
345.5093
281.6768
29.8160
11.6660
44.7647
17.9320
358.9238
56.9408
34.4575
6.8015
4.0837
3.9288
359.0705
30.1691
21.5552
19.7628
62.7705
106.8869
56.0074
19.4691
212.3300
74.8400
71.3030
14.4030
16.6258
51.9781
51.8302
55.0518
188.4721
212.8698
30.0719
31.4093
52.1509
34.5699
28.3690
35.6649
48.0998
42.9796
106.4599
78.7309
46.1536
49.5294
48.9376
63.9725
359.3407
15.7408
0.0610
359.9746
2.5672
3.8124
6.4793
9.0261
22.1713
25.7551
70.6857
62.4058
23.6428
44.4096
75.0597
60.4183
50.1520
340.2171
88.5762
49.7796
24.8804
47.4219
74.5376
76.9846
11.9634
10.5001
7.9859
7.9914
4.1598
28.9394
50.1982
56.9435
68.8818
69.4288
29.8009
24.1240
41.6451
38.8805
80.9776
27.0573
33.3868
83.8971
273.9325
35.4673
38.8500
13.8169
6.1123
270.5890
218.7195
21.0702
22.2142
29.9358
20.1432
24.1671
21.9791
5.5213
87.1964
88.3391
41.8675
283.5441
3.1655
17.8942
16.4427
70.5584
75.1482
13.5601
11.8335
49.5643
42.6571
35.1006
33.6496
24.2443
19.2263
197.0893
43.9446
47.8487
5.8009
5.5377
343.1437
5.5230
358.5998
0.9175
71.0651
14.5609
46.2222
235.9334
136.5687
60.2015
45.2836
49.3394
86.3203
84.6190
176.9966
62.2095
67.2558
70.2365
71.0394
87.9161
53.1675
54.2668
17.6256
78.5396
197.1992
12.9350
63.7137
48.7226
46.6167
69.7681
71.5424
76.2906
80.0402
72.8668
67.7924
71.5452
36.5601
86.5189
108.0909
58.6995
72.5707
29.0406
35.6735
17.6881
63.0126
38.8001
66.6551
68.8218
62.2506
80.2276
237.7029
35.2554
275.7566
93.1523
28.2334
80.7667
169.3251
43.4554
122.3186
343.5966
217.0737
259.1834
190.8140
280.9876
13.5500
343.2107
59.3345
220.8158
55.6138
43.4563
55.9072
59.0312
293.7318
173.3478
192.6613
61.6436
68.5405
158.4201
228.9754
227.2212
253.3875
52.6621
34.8804
60.7258
48.9377
332.3925
87.3376
113.2464
45.0279
53.3563
71.3832
51.0167
86.7440
85.4097
241.0411
87.2125
9.1728
357.2969
49.0743
81.8394
212.9872
1.6984
2.8997
31.0583
26.4350
15.6083
63.4770
57.1523
38.5644
30.5372
12.8686
165.0319
12.5615
38.6287
109.8880
66.3936
85.6921
86.0945
87.4723
72.3652
345.3753
166.8831
94.9489
64.0158
71.2136
61.1036
15.5751
10.1030
309.8034
346.1521
38.5282
53.7321
35.3529
119.6863
52.7551
41.6039
67.1274
70.8105
20.9330
39.6246
289.0467
304.9027
53.0391
225.2471
8.4491
4.6896
56.7621
59.4047
180.2290
185.0268
3.1349
142.0381
88.8724
91.1434
15.8651
45.3986
48.4746
59.2287
63.9642
51.1130
51.7155
171.3331
26.8289
26.3747
329.5854
209.1893
59.8288
163.2564
73.3378
30.8934
197.3939
48.1410
126.6976
359.9801
5.1717
14.6776
10.3969
357.2165
332.9545
124.4831
96.6158
357.2086
13.0039
42.1549
30.8517
43.4571
351.1065
116.6214
228.5619
48.1795
36.2751
108.1408
242.6644
30.5543
37.4708
21.7121
16.9863
352.0174
76.7475
236.6304
79.2814
24.0564
21.7174
218.3439
1.7067
222.1996
222.4571
111.0255
14.7250
44.9703
52.3252
196.0014
183.5279
217.3408
110.2796
60.0637
70.7064
107.0297
41.8204
33.5911
15.0381
353.3603
67.6746
203.0292
45.9342
40.5614
36.5626
4.6210
123.9662
65.9934
34.1064
41.2949
193.1830
23.7034
9.6190
15.9049
34.0645
101.9582
336.3223
156.1224
166.8812
335.4168
99.7040
115.9713
22.6787
0.1113
3.5508
354.6230
28.8805
265.5053
70.9327
127.1807
353.1379
340.2197
42.1624
71.8508
322.8886
139.1907
242.2934
63.0774
37.6146
277.0570
13.7112
44.0510
100.6038
9.9807
51.5304
83.8120
350.7056
6.5873
327.1185
298.0349
96.2196
5.1276
10.2968
6.6763
357.5591
18.4002
30.1759
23.6032
39.4450
32.5709
45.5953
44.7821
137.0599
39.0810
18.3157
94.7480
206.9508
346.5352
6.1511
12.5441
18.3737
84.5272
322.2084
356.5983
357.2784
121.5855
60.9640
263.4503
276.9841
34.8740
1.7144
69.0871
72.8633
37.4243
9.3225
23.0075
69.4447
78.0049
55.3671
21.3098
24.5258
10.8403
31.4381
25.9169
143.7879
77.4707
48.6381
43.5165
234.0341
81.7874
90.2717
77.9242
200.6939
192.2136
117.0063
70.7589
0.9111
356.8485
4.6697
7.4927
71.3933
259.9599
10.0858
354.3251
281.2550
265.1377
60.2369
68.7265
255.8049
237.6309
43.4858
263.3337
349.0570
96.1863
223.2757
44.8913
83.0396
83.5824
356.6617
83.1029
76.3885
31.5135
205.6479
4.7845
9.7861
168.2984
356.2225
54.7659
53.2849
307.7841
313.3332
79.3895
86.1754
40.3569
124.7428
54.2709
46.5067
27.4884
216.4446
355.6609
44.3990
39.6650
341.1699
111.7448
328.0462
98.5034
63.7718
82.7299
155.5439
90.4797
45.6498
60.5674
55.2997
66.1897
186.7436
188.8131
30.9119
288.4734
186.9524
261.3332
319.4555
69.6494
165.2161
10.6565
342.3210
67.6949
69.3470
326.8211
12.5546
80.4641
70.3882
181.5122
296.1158
166.8759
332.6432
279.0312
73.2958
246.6430
297.4020
23.1837
61.0463
61.9791
86.1628
93.9700
72.5985
335.2471
355.6633
181.5111
53.5654
84.5139
91.6411
184.8623
87.1421
82.3920
43.0672
40.8114
167.4794
226.8417
53.6333
66.3447
251.5187
81.5858
3.2246
60.3121
70.5005
73.2257
34.3056
69.3927
58.6949
51.5374
65.8274
62.2666
25.4564
58.5604
119.0434
54.0767
61.8520
284.4046
50.1332
62.0057
54.1367
62.5327
65.2480
72.8517
277.2215
69.7791
269.1158
125.9086
11.4409
96.9387
94.6877
60.5845
314.6752
10.2594
3.8560
89.2379
93.4504
34.2482
16.6891
23.2075
352.0461
44.3491
164.0400
58.0136
316.6545
312.0528
166.7770
57.6760
103.6380
52.3805
101.0197
220.7499
56.4024
123.7272
151.7629
203.2751
80.3026
12.2181
7.4744
35.1324
198.9383
15.1407
297.3307
357.0263
358.5318
83.1885
135.6787
55.8637
58.5377
303.6113
92.8045
174.4171
189.0308
327.4967
67.9521
149.2230
0.5994
168.7102
83.2787
357.7816
187.5794
63.6526
49.0600
83.7240
81.5125
63.2650
71.1901
89.3171
81.2759
53.0843
97.1259
154.1980
30.3290
38.1473
12.1212
177.2431
48.3382
307.7141
41.2176
92.6549
13.7444
41.3484
84.0667
101.3767
46.4542
194.2434
216.8477
233.3358
75.0604
305.3805
30.5026
234.3029
317.1618
78.2654
71.2056
63.5135
74.7141
88.2285
266.1171
74.3529
22.4679
319.6947
180.5690
179.5725
7.1889
30.0320
43.9988
248.0418
187.9551
199.2024
250.4669
264.5601
322.3669
210.5118
59.6185
59.2473
188.5662
183.9245
188.7913
0.5994
156.6985
358.5186
357.6769
18.5632
182.0147
89.5086
82.6539
35.7901
283.4126
37.7010
106.8326
56.6447
43.2212
9.2605
81.7376
88.5097
33.2123
65.2027
71.6143
82.5869
33.9541
48.8180
46.5864
20.5418
21.4117
20.9924
87.9350
80.3516
137.9826
166.3538
18.2358
66.9301
69.7028
78.1741
55.3299
317.2983
25.5327
358.2510
40.4588
50.9269
100.7361
99.7605
64.1260
72.8301
30.1425
13.6254
354.4999
20.2411
260.3655
64.3574
46.5834
60.9867
100.8253
293.7860
88.1530
147.7289
4.3448
59.7738
44.4884
44.5496
5.4465
3.6821
245.5966
65.0370
21.6513
38.6392
124.3676
193.5459
38.8531
50.3714
43.0867
43.5970
294.4436
185.4635
30.8716
26.4498
11.0223
15.0673
68.2067
70.1738
58.2414
341.3402
62.5025
291.4491
57.1574
11.3591
49.9984
37.8470
27.7449
348.5398
31.6849
12.1358
42.8831
61.4347
58.8226
56.7504
68.2597
249.3503
71.8900
66.8638
18.2570
27.7928
64.9494
104.2513
54.4885
52.5938
90.6605
75.5139
17.1405
14.4191
58.3602
16.8255
21.8908
19.9165
150.0585
11.9154
65.3427
62.5669
112.6530
34.2001
24.0429
127.0756
63.3103
66.3222
4.1460
4.4000
80.4546
47.8491
34.1043
104.7353
74.4194
90.3641
42.4574
75.2871
77.7711
35.7758
86.9919
60.0620
58.7520
49.2435
55.1272
357.6848
13.3021
17.2590
53.1633
68.5912
22.2926
33.2940
73.2047
93.5950
15.0782
17.5038
216.8202
49.2533
93.0990
56.8503
92.3989
86.5192
88.6339
90.5412
17.3080
20.8833
75.2161
70.2507
48.9769
93.2294
91.9256
60.0596
84.7289
76.9794
76.4033
74.2229
92.7381
35.9318
39.1104
77.0307
67.6952
26.9902
23.8842
79.2397
70.7858
62.9531
47.3050
214.8442
209.8044
73.1869
79.4045
61.0751
58.8578
218.6772
115.4023
13.4173
76.2287
29.9906
15.7512
207.1166
27.2120
65.2654
237.6860
261.6603
11.7545
270.0314
36.8928
31.6191
200.0413
15.3159
83.8724
89.3245
12.1459
292.5229
89.3048
89.1092
14.1668
37.9357
47.9443
43.8401
18.2063
284.6159
20.8938
15.5055
26.8033
36.1579
259.4569
78.3362
79.0287
287.3588
333.4461
6.2436
17.5424
8.3608
9.5832
52.3827
6.9462
50.4729
33.1765
21.4496
25.2281
238.6820
41.6161
34.2095
358.8581
13.6000
220.9919
204.9451
14.0641
3.6391
198.6879
71.2987
22.3884
24.4763
18.3321
251.5203
20.3134
42.4340
71.9359
71.9927
36.0896
56.3242
90.9133
100.0914
202.6367
23.0929
265.9176
7.8457
88.5294
64.2086
224.4466
41.0872
48.0150
40.4938
24.7620
15.8884
1.7332
5.9852
87.8974
91.1441
60.8145
74.0342
355.3463
354.9909
273.4246
338.5837
187.7512
20.2362
28.4976
57.4952
63.7373
14.7243
14.4549
55.3845
46.6525
38.3979
63.3905
9.1061
338.3520
29.7375
86.6545
23.9306
37.2533
6.0606
4.9028
6.5818
15.3688
8.1190
9.2863
272.1242
260.8616
328.8565
35.9803
7.3806
288.3386
8.1228
7.7423
68.2745
85.1717
30.5019
26.6820
58.8929
49.9019
41.8412
31.8295
1.8436
130.9511
290.5921
258.3297
76.1087
198.3682
42.0510
96.0384
54.7783
67.3815
15.5739
9.1041
40.0761
175.7620
232.8165
54.0445
257.5007
68.3158
249.4721
96.3953
180.7375
152.4290
276.4224
278.8233
290.5181
58.0942
25.0736
280.1348
49.2020
62.1368
222.0010
7.6225
330.3804
293.2988
91.9825
259.9688
205.7708
59.9839
94.0741
46.1191
112.4223
143.2870
221.8153
64.8845
272.0341
56.0220
56.2027
12.5231
354.2533
1.6653
280.3398
53.0572
2.2933
21.4794
31.2923
0.5098
5.2801
29.8862
30.0769
5.2333
5.2524
22.2584
54.8899
353.3870
74.9963
95.1398
80.2665
70.3719
73.8937
344.1469
91.5590
38.7661
269.1297
353.4085
337.2377
8.4292
3.0029
36.3929
175.9085
259.6143
262.9367
40.2535
53.5515
71.2621
28.3735
43.1855
77.0285
243.7877
13.9853
206.7100
19.0242
2.5217
46.4551
44.5047
6.3380
37.0338
235.7697
1.1136
358.5804
0.1591
6.6361
69.0154
171.6273
17.1538
1.0260
358.1378
27.5625
11.5820
309.9916
36.8106
197.3561
127.8557
33.7975
34.5352
0.6508
3.2851
35.1129
0.3214
2.2175
9.7390
78.7598
113.6051
38.9310
51.1090
27.7555
33.9387
65.4033
78.7189
82.6519
119.2517
38.2194
342.7113
5.7558
25.6074
11.1830
355.8547
135.9204
226.7561
264.5205
270.2972
330.1056
156.1626
47.1340
21.3792
200.5995
57.2163
66.7262
348.2331
354.8383
355.6707
332.2849
255.1523
41.2027
194.5319
339.2273
325.4724
231.0508
160.8345
357.3528
187.1609
90.3785
51.6300
205.6051
8.8690
357.9766
251.2583
98.0132
42.2391
31.7140
203.9665
264.1572
18.1392
143.7988
153.8390
121.4907
34.6639
46.2766
57.2860
58.6821
51.5611
214.1568
116.7454
210.4935
140.1791
117.4306
101.4710
59.9024
286.3190
272.6706
179.9999
38.1322
106.4586
251.8862
231.1507
206.6752
148.1762
27.4618
140.6175
184.5913
311.3980
88.0039
109.8166
211.9966
24.5891
62.9759
177.2813
276.2611
117.2211
39.0284
238.4598
317.1330
57.3475
58.4024
278.9581
180.0053
52.7954
175.4352
347.1769
299.5766
357.6979
284.8427
318.7693
165.8489
27.9252
239.2269
89.9721
120.3500
24.5560
359.5136
93.3288
191.8713
64.5889
177.2229
91.8737
88.1899
136.3260
72.3541
188.6904
323.1197
267.3191
30.1906
266.0620
339.1427
344.8344
293.7545
50.4927
20.0225
185.1627
128.6755
64.9114
258.6143
63.6009
66.6802
83.9262
22.3712
213.6330
53.5293
53.5418
4.0260
0.7555
28.5958
217.9468
47.6570
1.6635
18.9976
78.9100
89.9776
62.7344
313.0470
113.2196
36.1019
19.6714
28.1412
33.8132
33.2317
18.1568
48.4862
90.2196
189.6748
57.6271
49.4302
42.4372
16.1573
210.2084
67.2711
72.4828
87.0959
92.5707
28.3289
210.4506
51.0248
55.2452
37.2234
65.2424
68.1429
15.4297
352.2349
30.7518
32.7153
44.9224
45.6694
44.6791
38.2481
37.4521
33.3525
26.2621
24.3349
81.3286
92.0533
27.0735
25.1092
65.1371
5.7812
34.0371
263.4955
86.5723
37.0951
29.8429
52.0116
49.2495
204.8058
17.0093
84.2330
22.6851
85.2121
193.4582
268.4860
63.5768
59.6351
48.4942
305.3992
8.4280
36.7462
34.7513
252.5768
201.9997
183.8390
245.9825
230.2521
16.7833
138.2545
54.2090
21.7270
74.9383
13.0604
8.5073
187.8795
186.6445
322.4312
44.8646
48.5101
268.3657
283.5054
268.2646
32.9500
101.7634
81.9349
47.2764
81.2038
359.2108
224.7021
329.7630
33.5778
17.6769
119.6170
219.0184
30.3499
72.9567
118.8798
299.0789
68.9775
74.1435
50.4182
41.2653
47.8485
72.0158
3.8990
4.7845
0.3170
107.6541
254.6256
12.2667
307.2603
105.0048
67.3157
43.1860
25.7182
43.1061
89.1203
45.8531
78.8092
65.8477
51.9979
228.3863
16.7758
152.8036
272.1082
24.3857
24.6070
3.4066
17.4368
80.0586
79.3404
42.3270
55.1330
67.3741
28.3360
160.4931
169.3756
14.6047
5.9719
79.9792
70.1769
47.4326
79.1429
66.9041
1.6045
36.8595
270.8978
122.6450
11.0322
61.0828
53.0551
42.3019
71.9839
247.4457
63.6868
281.5203
73.3386
235.9220
84.3138
71.5819
240.5941
65.3824
22.8898
5.6877
5.3905
199.5229
317.4977
240.7795
288.9954
13.9900
13.8233
46.0134
222.6029
70.9924
106.9443
16.3859
59.1231
304.7065
239.4326
64.3596
116.4965
80.6383
120.0791
81.5950
37.3920
161.8673
183.3426
0.1451
359.9914
38.8536
63.3987
27.2233
195.8195
57.0724
23.5874
29.2513
62.5700
78.0117
255.4518
165.5156
232.3249
10.9616
89.4308
23.7943
152.6755
54.6096
130.8069
37.2088
39.6261
359.1087
6.8959
6.3365
47.4792
216.4871
31.7461
50.9155
11.7762
12.8524
87.4073
68.3872
59.3906
62.1024
73.8640
77.3170
53.8030
64.4328
18.5720
67.9498
65.9079
18.3919
1.8842
223.3684
333.2697
67.7442
20.6873
94.0639
89.1456
50.7325
53.6359
50.7879
51.4690
203.5790
75.9080
66.2294
74.5121
70.4745
53.2737
287.0954
81.2558
250.0840
10.9873
9.5415
11.9349
14.2355
81.2237
79.8831
335.2570
62.9151
62.9458
269.2101
67.6933
54.1663
30.5558
5.4018
80.7622
88.1948
53.6424
50.2117
66.2054
59.7955
40.7060
274.0033
31.2653
40.2768
63.3795
47.7802
38.2403
59.1627
69.1934
62.4132
57.1753
71.7485
68.1106
78.6646
62.8651
67.2841
14.9682
192.7863
59.0873
68.0444
358.8802
359.7261
59.9605
61.3422
16.9868
17.9352
57.0995
63.3154
58.8518
353.6896
80.6325
341.8846
236.9363
74.5152
266.0456
101.8877
28.3839
22.0147
347.7738
33.6520
326.3502
30.3694
170.6102
12.0093
179.9363
234.0965
357.2455
251.0307
13.0342
4.9217
6.3146
192.7277
325.4064
42.5402
5.2619
38.9412
33.9444
23.0342
28.5774
69.3808
75.5034
2.6012
171.5191
238.3392
11.4987
21.3302
60.1096
10.4211
23.2186
176.9319
22.5693
23.7418
352.5436
78.3394
71.9488
8.3325
24.1036
332.9511
166.0896
119.5859
126.9761
43.5237
60.0712
61.8535
350.5962
196.2984
32.6111
44.1362
331.1970
61.6902
67.0544
98.3113
53.6619
77.9624
246.5121
231.1377
147.4325
74.6281
104.1211
65.0317
63.8182
53.6680
48.1298
54.1282
53.9175
57.4215
178.9491
244.5845
26.0778
251.1963
263.1551
263.8539
150.4373
64.7131
50.8895
319.4328
134.9018
139.8817
179.1534
31.3300
85.7127
320.9019
251.5807
74.9070
342.8104
216.0905
10.1683
234.9353
355.1082
290.8658
56.0176
327.4900
232.6143
68.4520
70.3799
6.1613
4.1493
348.6956
136.2827
258.8052
191.7930
28.4721
285.0169
102.7244
187.0488
41.3357
177.1091
12.5779
67.9309
17.4373
285.1474
50.9448
275.2504
50.8902
56.3941
27.4288
62.9599
32.8233
109.0932
98.0617
109.8569
73.1599
288.3687
359.7491
75.7520
87.9824
89.3531
167.1477
167.7386
300.2217
0.8884
159.9478
62.8036
63.0538
165.4960
4.5843
180.3617
194.7546
301.4777
276.4072
103.6414
61.7901
9.9230
177.1540
74.0824
201.7440
81.7331
93.6352
307.1972
258.0750
235.3038
6.2162
51.8502
125.6838
85.2502
15.3976
12.2839
125.1428
46.5100
240.8235
328.6472
39.2034
164.5200
138.5607
230.4771
322.3486
68.5823
39.1062
46.4117
49.6795
49.6621
20.0293
113.7225
145.2453
98.8436
352.3922
88.9487
179.0120
70.8260
280.4690
233.4897
104.1277
86.0807
214.0923
287.8130
93.5128
7.3729
344.9392
5.1597
239.2594
135.7004
56.0892
111.8927
47.2170
32.7824
72.5376
207.9288
299.3559
110.2962
241.4110
302.7589
47.5306
89.6719
269.0650
209.5479
90.2951
171.2198
19.0335
45.9339
281.4537
15.8868
18.4722
324.7923
313.2443
30.0834
218.0606
82.3437
72.9955
354.4290
34.2859
13.1676
1.3123
291.3233
91.7355
86.5092
95.6370
115.1275
195.6668
151.4162
173.6592
148.8028
83.5586
84.5895
74.3075
27.1137
15.6022
275.4414
52.6420
92.3509
57.6340
56.4076
54.9878
75.0679
87.1510
84.8668
83.5920
54.1276
103.1361
246.5039
354.1206
359.9040
359.2315
74.5886
64.8939
36.3154
349.2385
213.2993
293.1573
207.6730
230.3441
84.4879
279.5632
297.1229
86.7209
237.5933
81.5969
36.2796
44.6023
19.0751
327.7871
130.2190
305.4902
2.3040
286.6826
343.8992
89.3833
94.0129
70.8880
93.3458
122.3294
47.1363
178.0039
74.8964
75.3693
267.3006
12.4176
335.5362
158.5388
64.4183
103.4529
85.1145
297.4848
197.7399
344.1317
87.2285
71.3803
57.3921
241.5334
56.7360
37.9230
23.2733
100.6590
43.7878
61.4906
60.8923
87.8832
16.5806
63.1572
41.5709
160.1539
113.4947
4.4336
88.0216
83.4574
11.6528
231.9972
97.4834
333.4607
75.2906
279.0320
75.4178
69.1618
99.4354
53.0192
82.6767
200.9433
94.5901
60.0958
36.3128
296.9812
57.1106
71.6122
31.2527
181.5751
17.5706
8.0875
192.7316
225.5326
271.3826
334.9690
32.8231
84.3651
328.7073
147.9509
83.9238
79.3460
89.5483
108.2018
31.1571
10.0938
77.7761
70.9613
72.6124
87.3219
93.8415
189.9794
135.1996
185.1290
352.3599
19.6340
67.9184
63.8449
44.7132
124.5785
25.8478
188.6989
28.0551
337.4721
352.0073
67.5073
69.3584
210.0641
229.2371
315.8450
75.8397
66.2676
72.6848
65.9387
76.1390
70.6604
117.0483
86.4858
209.0760
33.8355
296.1752
65.7870
147.3120
93.5975
139.9878
8.2994
9.2369
283.4261
53.8093
61.3509
60.5488
54.6909
253.4168
287.3198
56.9201
14.2267
65.9598
91.8905
89.2079
265.2738
242.3711
189.8809
113.9453
56.2168
40.8954
88.0024
43.1094
71.2914
165.2200
79.0326
76.7904
333.3332
34.1516
41.5400
2.0818
116.1934
231.0545
84.9072
290.1670
210.8727
73.1708
84.0487
35.7015
167.4480
57.4255
49.2503
84.5960
84.7537
8.7062
109.5267
255.5601
93.1296
126.7569
58.9191
68.3722
264.8673
80.9279
110.2650
339.0339
42.0999
23.4766
211.3483
82.6243
71.3928
252.0113
354.6129
33.4526
283.4177
67.1506
241.4762
79.8844
86.5004
21.5451
77.0924
328.9692
236.7782
22.5621
74.7468
280.8448
136.5602
31.0300
240.9370
56.1298
62.1627
126.9035
334.1831
86.1918
94.0794
79.0069
286.2199
229.9409
245.9196
256.2296
40.1270
11.7447
46.1574
33.4864
193.7817
295.5816
146.0707
166.3532
274.6328
110.3151
82.6849
292.2158
42.6928
288.8844
268.6794
45.3115
337.6006
90.5616
272.3016
95.9940
294.0900
335.6887
31.6207
200.4902
81.6945
39.9783
0.6892
64.7892
33.2754
244.4805
299.9188
114.3274
286.8764
82.7851
30.6953
8.4049
203.6495
50.1214
68.2230
10.7437
249.9664
44.0452
165.3820
352.0345
2.5934
12.5534
40.6981
43.9166
227.2082
27.0384
56.4406
85.7695
303.5883
64.6917
260.3522
101.2959
337.8882
203.5231
49.6608
148.6079
88.9342
85.9152
14.9899
181.4343
14.5771
80.2925
72.3630
46.9853
94.4332
348.3437
177.2017
285.2666
79.9730
179.9930
9.5829
85.5648
218.1328
94.9589
230.4942
63.2067
29.7266
13.7530
100.6054
270.2074
190.6497
243.4362
152.1389
322.8631
57.0801
157.8398
322.3826
1.4109
282.2163
359.4215
265.3769
91.8513
234.2899
357.8590
335.1059
49.6417
192.4206
166.8207
150.6592
242.7385
183.0058
79.0373
88.6148
199.7975
294.1870
124.1673
66.8133
274.1725
98.7489
110.6907
349.7067
48.6463
10.2571
289.5457
19.4456
341.9445
72.7446
357.7647
96.7872
216.5231
72.7226
280.4772
264.2697
307.6882
192.1394
4.7426
303.7655
335.9142
82.6465
80.8462
45.8569
30.5651
49.4039
125.2078
64.3722
84.8956
301.2554
153.0024
330.3980
22.1562
333.8267
161.3142
91.7150
8.1152
3.7281
13.0961
250.6846
212.0424
89.6568
88.0347
10.0679
236.9721
193.1773
268.3498
84.5159
84.2523
70.4231
270.6418
35.1085
16.4556
118.4496
274.2707
267.5946
359.3201
14.6188
74.9852
95.6090
326.5586
86.9287
110.5571
14.2613
249.1872
121.6764
135.6326
110.0075
97.1055
250.6074
330.0200
194.0968
106.8054
354.9772
275.6849
169.2011
220.6251
270.8760
279.1851
28.1938
94.5408
179.9992
185.1159
17.8642
89.6682
295.8678
166.1644
9.4929
276.8507
216.3692
243.4752
42.0174
212.4427
359.5863
16.9405
170.7802
332.5556
279.2520
197.7646
80.0271
3.9115
198.3075
350.4318
307.7167
276.8265
39.7840
111.0015
13.4400
124.3726
82.6846
77.4088
26.3038
201.4763
52.7240
46.9174
333.6685
22.4186
281.6709
65.1217
2.3117
18.5710
187.6464
101.5606
100.1771
81.8321
19.7335
4.8305
90.0000
280.9037
101.4614
242.2970
82.3202
247.8275
203.2891
39.1598
176.0056
157.3008
20.2252
69.3280
1.7499
38.7657
69.0511
38.7705
64.1662
145.7904
236.5487
355.6548
347.8204
68.2468
90.0159
208.0492
242.0594
311.8147
57.5185
28.5610
18.0603
351.0148
39.1292
59.3769
279.9607
65.4608
68.5146
63.8841
240.8552
321.7140
8.9449
11.3296
9.6993
14.5238
24.5598
42.9871
281.7878
259.2755
77.9061
13.4573
23.5512
59.0877
77.7616
92.9273
250.8155
77.5076
71.7090
5.7530
268.4635
258.1065
209.6574
142.4789
359.9680
222.9916
30.3304
6.9045
130.5679
231.1414
238.9840
59.8487
218.8799
209.1786
97.8921
274.1106
330.6047
36.0716
58.6025
96.1542
169.1562
200.3933
101.9063
102.4606
260.1333
78.2589
83.8548
318.9459
352.7313
94.0842
191.2997
351.4807
342.1697
57.1456
236.4808
227.1818
160.2264
266.9059
113.8300
243.0451
39.7751
286.0345
235.5739
260.8395
312.2651
94.7287
63.8993
173.8632
169.5843
144.0579
350.8743
168.7968
139.3184
190.4516
12.3710
99.2329
246.5116
45.1545
233.2530
2.0709
16.7197
66.1173
8.9631
60.0987
176.5121
40.7188
71.0675
48.9343
31.2249
336.3807
25.3034
233.5618
257.4970
211.9237
39.1467
159.2730
269.5045
342.0457
157.0487
149.0710
223.1167
333.0824
124.6551
128.6214
62.7131
223.6886
287.9371
275.2844
193.2413
175.0408
249.9726
110.7469
177.9614
76.0347
91.0067
52.7029
47.5067
40.7546
13.3225
0.7404
24.1856
358.8613
4.0411
69.0136
52.1304
93.5753
28.1329
90.6358
40.2712
328.9254
10.1146
27.1606
39.4588
29.9097
12.6077
356.0821
31.9805
50.5174
274.8939
42.6863
74.8301
293.0460
253.2073
52.1415
37.6399
200.5476
49.3914
48.1161
81.8535
91.1536
88.6850
45.6212
45.4909
34.5449
17.3051
64.0335
8.2637
24.5249
267.6171
151.5903
165.0145
180.3458
225.9792
42.4132
134.3772
119.5850
23.5290
193.7902
84.0317
30.7710
53.9060
260.8285
46.9364
38.9368
29.3469
26.1673
74.8340
75.6524
42.7214
28.6862
74.2294
76.5539
20.8254
19.2232
18.5889
2.3555
1.2637
333.3975
341.4719
55.3066
77.5921
217.5759
75.0376
76.1587
64.3846
6.4940
9.3714
67.2292
78.9674
342.1203
29.7086
197.3138
323.8891
57.9148
83.1828
358.9288
56.1675
25.3859
57.1037
34.6704
76.3388
90.9034
75.3416
175.4928
180.6383
37.8594
47.3957
320.2139
71.3919
9.8383
6.9722
85.8260
76.6785
0.5576
327.4858
52.6479
17.3858
87.4451
96.0972
84.6829
95.2272
24.8465
24.2005
26.0884
167.7018
358.9020
18.8513
267.2812
347.2208
66.7981
64.8008
350.9569
28.1543
90.0898
88.9906
66.0815
342.0066
183.1757
104.6014
72.2659
68.9758
105.3297
276.7257
308.5738
96.4564
13.2548
66.3389
77.0375
35.6872
0.5510
90.6253
54.7401
8.2970
15.3846
44.6794
46.9096
89.4890
10.5274
7.4614
268.3824
318.2315
19.8071
37.1125
20.8251
69.7237
106.3977
36.3287
153.3642
195.8631
17.1968
197.0998
184.7576
193.6920
236.8222
67.4731
70.2012
76.0948
61.0815
340.5001
5.4629
4.4514
7.7384
356.3845
11.0194
20.9389
32.7244
207.7279
359.3200
13.8420
24.8339
15.1069
50.9567
22.7283
206.1536
4.2789
186.6358
30.3569
37.1043
0.7025
9.5852
37.3950
41.6295
67.4357
64.8601
357.6020
4.8234
2.8977
263.6361
71.2668
295.3331
29.0784
46.8522
98.3321
235.8110
8.6333
282.0227
359.9430
117.8899
84.2404
114.1551
116.8112
136.2845
74.6532
43.6618
40.3364
58.2456
56.8374
281.4782
132.2699
303.4850
101.6281
292.2833
80.6391
5.9081
100.3980
271.6536
75.6402
62.6299
200.1128
82.5131
11.4399
348.1042
156.2760
200.3103
19.2122
326.0236
196.6966
273.4719
74.6641
217.9025
58.8854
67.3315
63.5152
48.9258
61.6174
61.8781
56.0638
62.8202
65.3086
81.2794
79.9987
37.0524
79.3079
7.1872
0.0540
82.8721
280.4782
49.6597
53.5010
5.7122
12.9970
342.9692
195.0958
5.7994
82.0934
67.3304
66.2203
95.6050
149.7851
98.6891
103.8846
83.0924
41.5506
22.7297
210.1633
119.3472
200.6794
298.9267
359.1051
1.0457
6.2481
338.7318
331.9786
88.4413
50.9364
272.8928
45.2267
60.8174
60.7856
260.8787
201.1855
82.5667
253.7022
359.2402
5.9689
222.5270
162.0595
32.2796
67.4590
304.9063
84.0247
73.0158
329.9193
346.6481
127.8377
120.2759
272.6991
326.9253
202.9029
243.9497
61.8093
140.5977
73.9266
78.6429
40.5955
60.0623
18.2906
5.1658
15.6424
149.3691
260.2777
341.6609
58.3065
216.3569
88.0577
62.2119
70.2054
194.8742
250.7788
258.1480
5.2331
26.0165
96.5524
189.5490
92.2339
92.0038
35.4779
71.3880
267.8966
124.6320
165.0940
199.5220
285.2235
20.2409
343.2499
57.5062
3.0837
154.4528
1.9727
346.1580
257.8806
180.8191
169.2511
246.4565
64.2993
350.0370
313.5697
152.1237
206.5859
211.5120
10.2087
26.1449
191.1611
74.6070
91.4121
125.6546
183.6586
177.5790
30.5578
197.1358
246.8363
315.2114
27.7741
152.9998
357.6661
93.8846
118.1574
53.6874
299.5547
81.7625
86.9364
11.3008
251.3701
8.3394
197.4966
302.4587
25.5012
28.0781
89.4713
11.8347
48.0048
282.7342
48.2962
140.2254
65.5494
79.1158
60.4377
90.3846
16.6761
238.9146
49.5757
220.5624
70.1766
57.4243
66.6534
89.8919
267.6435
34.7498
171.2311
74.6157
58.8954
298.6770
108.1387
1.3938
353.2228
95.9120
34.6745
31.2755
357.7230
2.6354
244.2622
114.2449
59.2078
359.9979
90.2867
324.6878
252.0687
25.4016
179.4319
9.9629
223.8990
53.9649
51.0704
353.5486
26.4426
60.2829
255.8823
115.3949
145.3723
359.0399
1.2632
348.6021
281.5357
52.1311
38.1255
174.1390
51.0291
5.5919
26.9143
105.6363
186.5783
24.2628
104.7776
134.6455
0.6560
10.7319
44.9825
209.4042
203.4410
320.3001
86.0732
26.4654
91.7793
30.2658
1.4639
94.1606
76.4014
52.1034
38.1773
235.7223
89.5114
66.0228
72.8628
200.2191
193.5941
39.3015
35.5495
17.9199
0.0317
80.6161
78.5165
25.6781
38.0100
331.8335
264.2310
12.2310
24.2070
16.0851
211.0850
41.7816
21.3371
252.0098
173.3921
20.3315
346.2044
188.4751
271.1849
144.7611
25.9792
341.2491
189.8754
53.1690
55.0414
52.2821
98.9691
109.5227
252.8496
61.4902
237.7442
44.5388
84.7042
156.3121
359.0654
35.6041
41.9850
91.1165
330.1967
91.7868
20.5735
28.7104
12.4123
41.4807
69.2753
185.3902
183.4940
69.1054
225.1899
52.9239
51.2203
300.0143
256.6544
4.3238
6.2104
327.4710
272.5895
33.4871
52.0277
27.9279
8.6605
69.0185
88.3251
36.4449
28.1846
6.8474
6.3253
76.5342
78.5599
11.1885
76.5439
48.9056
56.0509
32.0701
25.7166
30.7853
158.5330
60.6948
36.4725
70.2965
62.5286
51.9906
44.1319
349.8705
12.6022
284.0261
170.0563
20.0383
63.0097
88.5046
257.3190
44.0188
47.2840
134.9159
5.8434
16.7199
356.7166
357.1249
40.7558
53.3155
349.6838
341.3740
256.3694
77.9061
278.9048
22.6738
85.5491
92.5229
269.9960
1.7990
8.6002
238.8078
235.0185
56.5474
66.8125
85.9237
297.0943
351.3142
325.1296
157.6297
93.4985
27.2104
350.5835
226.6015
331.8138
16.1049
95.2645
57.8146
17.0679
74.8541
295.2451
58.3885
64.2994
136.8444
128.7952
87.5468
325.0568
58.0431
133.8480
355.8949
301.1261
297.8585
320.0206
128.9115
33.4375
226.2602
87.9435
85.2852
284.2453
315.5759
139.4676
96.3972
331.2897
111.2767
339.2082
218.3169
75.5413
2.7954
213.6636
156.4792
41.3885
284.3616
237.7031
34.5447
28.6549
104.3000
18.7362
350.0522
253.5833
135.5765
233.1307
269.9075
265.6768
185.5868
160.7009
281.1254
60.8801
41.3958
6.5310
38.4033
100.0074
21.5794
47.7371
306.3516
266.3723
277.7850
102.8512
109.4886
72.5625
305.7239
62.3859
107.4658
4.8867
65.3331
75.7138
88.2690
5.3332
70.2153
52.1452
56.3978
91.4898
90.3596
55.9461
36.6067
276.2243
105.2389
308.6253
61.6831
77.4344
105.7401
3.1820
183.4355
24.5257
357.9395
181.2469
6.8793
194.3081
142.0782
337.6087
308.1053
60.5338
47.3470
2.5489
25.2022
34.0804
201.1823
309.2441
85.1664
99.9261
197.3537
2.3757
18.0461
82.1870
219.5518
23.6635
247.6400
327.8026
109.5567
232.0270
115.4327
51.3595
10.3034
340.6075
85.3653
94.9204
25.0727
79.3564
270.3436
75.0303
317.0065
185.0181
136.0319
220.2410
7.6251
336.6292
21.4656
14.8278
33.4129
318.2526
66.5833
257.2638
22.6630
80.8791
22.5833
51.4107
23.7677
16.2492
19.1342
320.5145
205.2043
12.3549
51.9374
20.3849
177.2886
347.4148
164.1238
94.7518
9.5659
357.9098
267.2481
300.6053
210.1054
324.8993
