125.2351
191.2596
299.5697
198.3708
359.9971
306.0400
16.0174
15.9791
115.7922
146.8204
96.0493
345.2988
224.9289
48.2518
160.9540
0.9853
356.4982
310.2971
180.0023
317.7829
259.6172
238.6710
93.0958
107.0289
100.5541
210.3668
112.0956
270.0111
232.3597
34.9437
61.1603
71.6092
30.9305
359.3362
22.9713
289.2730
314.4430
217.2194
15.9078
276.9404
206.0004
339.3279
268.2302
61.3793
267.0327
88.3210
101.9025
342.5987
72.4453
294.5139
9.4743
83.8892
2.4909
40.3483
89.9263
50.1740
36.0194
49.3923
60.7081
61.6593
278.9608
65.5360
25.1308
13.0862
12.6775
345.8007
34.2591
59.3489
59.6099
291.9634
95.1531
268.0099
88.0923
89.0900
85.6303
86.4381
175.6316
280.8389
40.2637
28.5911
38.6308
18.0112
5.0327
50.9513
40.1326
4.5344
1.8748
32.1212
31.6182
26.2553
24.0290
19.7817
22.3120
15.7734
54.2239
22.3007
37.6601
64.6382
64.1947
22.1914
21.9891
43.8095
42.1394
55.4861
56.2384
56.4395
37.9320
32.0718
74.3906
76.2223
34.7410
23.9590
69.2886
71.5566
50.5152
50.1652
26.4400
26.9242
50.9148
65.1414
62.2142
61.4357
4.7969
7.0180
5.1458
6.7616
8.7714
10.4735
72.1189
69.0564
17.9109
312.3827
69.3639
68.6789
73.2201
53.0498
53.1331
58.6028
63.4702
23.9765
88.8796
87.4790
80.7836
84.2723
0.8940
6.7044
11.1564
1.6849
353.4028
320.7761
41.3521
56.2787
66.9419
70.0617
32.4089
28.5286
29.5169
29.5752
76.6936
58.0886
54.4153
74.8949
317.3018
36.9044
45.9070
11.4653
10.8580
217.8493
263.7994
26.1555
36.1537
29.6540
33.6628
30.9860
31.6218
46.8218
87.0140
79.7094
71.0793
58.6321
12.6535
13.9340
11.0858
73.5891
72.5522
10.5336
10.5525
45.1444
42.3565
80.9741
347.0298
2.4722
1.3220
202.4127
45.8873
5.1779
4.3812
3.9239
217.5063
94.2448
351.4375
106.9219
85.7025
55.3155
353.6626
12.9521
150.6691
34.7864
48.7747
45.5056
88.1768
89.8265
1.9211
50.1424
48.7006
89.3500
96.5951
48.4876
40.6176
37.8472
348.4120
115.5946
189.2085
27.3785
120.2676
53.4201
63.9667
61.6555
62.1789
62.0006
94.4755
114.3784
80.4263
54.3680
31.7891
56.8870
58.7088
11.8669
134.9207
12.7861
145.9545
2.9876
112.5094
129.4839
65.8263
90.3481
58.3562
43.6937
106.9158
117.4093
57.6544
55.8357
343.9390
101.5522
85.1974
97.0865
134.3345
341.6133
248.9986
354.8377
216.7185
273.9105
228.8992
59.4684
25.8990
238.4609
314.6241
351.3949
221.7578
164.9853
88.4593
272.4473
282.0939
62.6382
64.3418
115.9622
351.5032
247.4706
43.4002
50.5308
110.1747
89.2050
53.8447
289.8289
89.0142
80.0063
29.5531
56.8404
65.1658
305.2156
84.0823
274.4438
50.3747
131.5273
12.4100
173.5862
66.5352
106.7617
265.0875
358.6828
356.7310
29.3287
20.9872
223.4932
73.3035
82.8448
53.6087
289.0549
195.0698
109.1653
311.7202
81.1143
45.5485
63.3451
91.4760
99.0552
91.7502
77.9441
4.4827
12.3242
54.3001
48.6003
53.8686
112.0017
345.4894
23.4005
74.5215
77.1287
32.4339
28.8696
35.3710
49.0965
67.1437
73.9092
62.4089
65.6911
48.1946
56.5058
11.2937
6.4424
75.3688
67.6744
3.9662
1.2809
54.9868
64.7550
0.0651
5.3315
3.9860
170.5769
88.2873
87.7528
1.5953
53.0332
51.6105
53.0532
51.7748
55.6666
60.0847
7.4407
5.2437
19.3164
358.7602
16.8489
38.8431
348.7889
235.8376
40.6550
93.9896
58.7099
55.5146
13.0321
343.9109
33.2801
41.7059
0.8654
346.7819
61.2141
56.7622
1.9027
54.7767
93.5614
246.5730
36.6670
245.7023
107.4121
47.7647
61.6480
11.7664
3.1381
321.3745
29.1291
26.5972
28.9857
10.5332
1.1092
73.5220
58.3590
122.9483
27.4082
28.7790
50.5227
168.5740
49.8334
9.1805
0.3639
359.7033
48.1830
49.7676
186.5644
318.5885
204.9738
246.8723
4.8245
1.5116
350.2974
30.1613
28.8473
21.7297
20.1035
172.9621
305.7415
2.5289
345.8561
25.9648
7.2585
6.4388
344.2911
40.7270
101.4088
15.3038
23.9084
52.5159
30.4342
69.2966
137.1587
6.5692
16.6526
184.8469
351.0521
83.4522
110.0695
12.0227
0.2657
82.3852
101.0247
92.1703
358.8522
96.1928
323.5810
357.2275
347.5451
0.2465
166.4565
266.7782
42.5317
23.7172
74.4688
30.5840
193.1525
48.6678
46.5289
54.8290
57.0498
68.3698
79.7693
77.6248
231.0665
5.5138
82.4386
82.1202
56.0072
58.3848
14.3005
14.3141
43.9366
37.6652
74.7424
79.1432
2.9186
21.1549
41.0872
37.4268
54.7562
53.9763
66.2930
59.1810
33.5619
32.3386
18.2220
18.7604
68.3833
63.3260
359.2055
358.6613
76.1429
52.7302
358.6908
0.4914
32.7023
21.7550
66.9473
69.8967
23.9456
19.6075
95.0641
109.3651
8.4824
13.4239
44.0039
56.7756
11.8953
34.2896
31.1693
62.0225
55.5653
48.1258
46.4729
18.4361
81.6422
281.4490
79.6354
18.3822
196.6223
196.3723
314.1944
24.4523
20.7201
4.3884
182.8580
93.2445
314.8919
18.5661
16.9778
56.6632
61.1628
32.1224
36.3687
23.2697
25.4355
40.3880
89.3851
29.2929
71.1055
59.4506
68.4169
78.4219
103.3140
226.9919
80.2270
84.4394
52.8119
230.2058
13.7760
18.6576
356.5490
356.7507
53.9543
34.3620
36.1969
25.2972
83.7102
93.6596
31.6922
22.2670
61.0553
343.5629
262.6419
48.3408
200.0656
45.8512
325.6825
60.5962
290.0342
106.0279
79.9704
82.5668
81.1132
106.8603
90.3959
18.0894
158.3489
52.0403
20.2425
144.0329
208.7076
235.9668
65.6422
64.6478
269.5792
273.7101
65.2811
156.6814
1.7821
160.2214
55.9523
43.9179
127.0574
19.7770
212.8915
68.3109
187.1543
260.5472
126.8288
2.9368
328.2436
48.6405
225.3223
29.5440
38.8458
80.6401
85.6846
51.1920
61.6761
211.5078
208.5085
18.6979
12.3862
60.2931
96.4945
21.2809
178.8616
97.1809
106.6207
33.6259
44.4697
317.3266
225.6630
79.9468
72.6031
239.7500
57.0580
2.5879
56.0344
77.7433
63.7508
72.7452
62.4873
60.0728
79.2593
67.6814
53.1552
343.5358
70.4838
287.6101
249.4792
55.8967
36.3355
52.5783
77.8919
54.3121
52.0317
32.5091
77.1946
274.7169
66.2632
78.0991
126.4067
307.8450
81.7991
79.5718
49.8100
307.1995
18.2094
202.9210
85.0699
86.1733
17.0268
18.1397
29.9213
197.4217
16.0671
196.2313
57.3531
67.9719
345.3825
151.4778
62.6633
298.2182
49.8032
313.6516
46.1285
136.0065
146.8083
186.6098
49.4701
39.8343
358.8870
11.6334
30.5344
36.7363
44.9583
272.2780
72.3395
305.4577
78.6008
208.1566
62.5737
63.9102
176.0424
61.3827
122.5837
318.9180
285.2631
15.8025
311.9849
359.7100
14.8693
39.2993
3.1718
10.7628
167.4395
53.9228
77.8549
81.0188
61.7215
67.3102
87.2314
83.6168
53.8085
55.2300
93.0844
14.3713
327.8090
37.8025
31.1143
36.6126
115.7036
61.9014
62.1308
62.7426
64.5314
75.3451
103.3759
48.3558
180.7805
259.5789
41.4654
175.7511
322.1855
316.0202
146.0438
354.7004
82.1874
68.2163
58.8764
66.4815
86.0405
269.2835
73.8690
12.3209
356.0844
347.0185
313.0808
13.5499
34.2684
34.9579
330.2739
61.4646
44.3663
263.4442
269.7433
66.1652
5.5766
61.9691
62.7661
171.9896
243.5984
332.8035
343.9619
177.7171
5.1567
3.3609
19.7821
207.8415
88.5517
84.4620
28.8776
114.8444
52.4533
46.8211
107.4423
85.1744
30.5174
43.8073
34.6605
22.9811
24.8619
85.1513
82.0458
7.5627
8.1191
69.7955
79.5973
84.4921
35.5449
88.4650
79.2252
166.5543
18.5964
20.3162
68.3048
74.7698
76.9901
83.2042
52.3437
53.4435
40.3418
84.9995
92.2459
2.2106
0.7345
65.4340
66.2819
33.8136
35.8472
27.8040
28.0506
54.4814
67.3177
72.4815
82.2305
64.8696
74.4439
70.6889
34.7571
2.3192
45.0934
45.1847
44.4896
65.2844
64.2737
63.2876
61.6414
12.5917
11.4719
85.9870
82.8561
53.5444
60.3730
60.7193
61.2199
74.0485
311.7155
31.2835
31.0353
16.8804
20.4493
60.1897
66.6601
76.7596
79.6952
80.5195
72.7767
74.0520
88.3131
89.0215
70.3951
70.1047
39.2528
85.3687
92.4941
87.5488
271.5007
69.5228
73.8265
40.4533
48.2461
62.5999
65.1316
68.1513
63.6978
66.1793
41.5343
70.5608
71.8920
88.0933
85.5754
21.6343
19.6282
87.7963
87.4268
31.8847
27.4084
35.4464
73.1022
84.8679
83.5930
83.1126
70.8960
75.3257
122.8411
52.5935
57.5326
2.0197
4.1356
43.4967
44.5336
40.0732
28.0509
60.8919
56.2846
23.5451
83.0110
81.8020
11.9755
268.9893
57.6797
59.0876
68.8660
71.1783
4.8755
7.0036
10.1406
60.8090
64.8286
20.7686
27.8380
58.5509
29.4796
17.6852
20.0522
33.8811
57.4789
60.3273
50.9036
60.4609
61.8322
87.9265
87.3208
39.9309
44.8968
58.1394
56.9988
62.6406
70.1111
83.6757
87.0221
86.0948
60.0247
60.6932
79.8569
105.9078
36.8320
39.7678
67.6885
86.8673
21.6564
19.2304
77.2242
74.9429
62.9634
66.0074
88.3645
91.1884
69.8141
77.1981
58.3320
63.8334
221.4736
314.1307
66.3785
70.2280
63.6622
47.6742
48.7464
56.4671
57.3295
49.7998
50.1124
41.5337
89.4002
34.1522
39.0213
19.3218
19.4488
77.7880
74.2459
16.2581
357.3768
88.3635
86.7416
26.1856
22.6661
32.8235
28.5692
28.3225
31.0490
1.5374
1.4809
25.4736
20.0790
72.8834
77.1971
97.2946
55.0718
63.3596
7.9741
6.7049
7.9408
7.6346
58.7158
7.4044
73.7276
99.6261
17.2095
49.0525
345.8999
39.4259
35.7745
13.0310
5.0880
352.9454
21.1656
34.3844
28.6841
15.1933
269.3793
20.5747
17.6750
47.1226
222.8829
44.6282
41.2517
70.9793
72.1733
82.7625
96.8988
21.5118
8.1336
21.1156
23.8292
33.7192
11.4074
86.1072
60.2404
72.3123
47.1762
46.1966
42.5259
26.8611
16.2861
0.7121
352.8525
85.3303
82.4198
69.4281
65.5997
0.8014
0.8452
9.3284
312.3425
231.2145
53.0375
51.3058
56.8729
60.6735
12.4751
3.0355
55.0785
53.3350
9.8496
288.8024
10.1285
346.2441
29.8241
13.9932
28.6182
9.6281
12.4601
12.4696
9.4518
14.0255
353.2118
173.0357
218.4022
38.7429
76.1283
89.2684
16.3618
196.5661
320.5112
2.3497
94.5022
300.8980
31.6886
30.0477
58.6245
52.1310
49.6422
22.9957
15.8657
127.2616
181.9474
284.6621
36.9389
56.9500
343.5813
318.9586
54.3341
93.1757
14.1502
349.5839
251.9439
80.4991
266.9826
44.4259
217.2479
195.2329
249.2801
260.0650
99.9723
140.2440
120.7498
148.0383
293.3255
1.8665
39.2637
272.4939
65.9892
83.3302
304.3235
13.7145
357.0876
284.3730
76.9643
268.1329
345.9948
349.8806
21.7756
65.4332
64.2226
132.9377
207.3550
355.0957
62.2942
51.5025
56.2624
346.7216
41.0171
224.0421
224.7370
111.8886
227.1545
15.7507
15.0921
2.1874
2.1301
29.1233
26.1239
16.9103
11.2624
32.3525
55.4272
23.7264
15.8946
3.5800
353.1088
69.5719
71.6617
88.2023
119.4293
38.3492
160.1233
17.6535
19.2398
9.6993
6.0896
340.8504
221.2007
75.7594
78.6289
10.7288
44.0282
70.0170
25.8323
46.4201
63.8488
89.7558
6.7390
54.0835
5.4338
1.9179
61.7060
44.6071
3.0189
51.6536
231.9613
347.6623
66.5544
358.9409
11.7604
49.9594
191.1828
67.7207
359.6184
1.5054
28.7061
20.9646
337.8322
45.1179
23.5477
214.5309
23.5048
25.0763
2.8956
0.1719
14.8666
253.5130
10.2455
15.8740
344.9009
326.8439
317.1350
262.3681
53.5535
245.9296
72.4733
72.2880
86.7812
117.7542
133.5159
184.0009
17.4493
14.1447
8.4980
3.5171
96.0411
185.0778
95.1932
99.4616
293.9312
129.0880
45.7407
11.7974
109.9097
54.8708
38.0277
72.1347
95.7571
1.3499
169.4572
178.7379
43.5615
15.1969
38.6187
292.4445
50.3973
181.2394
357.4448
359.3482
16.6496
357.5890
305.1864
3.0111
1.7764
219.8929
162.8361
120.5640
106.8533
146.9076
186.8630
14.2943
150.7262
162.5604
66.6317
60.2639
61.6189
70.0264
63.3540
67.4067
142.2377
21.4163
312.8862
35.6565
38.5891
132.4306
346.0568
237.4587
15.9856
180.0001
149.8123
105.8012
265.0586
249.1272
49.9052
153.3682
126.9855
78.9548
185.5367
281.4434
100.1567
306.2917
321.1370
43.2513
73.0953
46.6581
274.1619
292.0163
65.3496
294.3396
260.1297
151.4656
1.8492
319.0508
0.0054
259.1558
165.8531
343.7730
131.4528
13.4758
63.9621
256.6746
126.1525
216.0586
251.2999
89.9941
122.3158
16.5768
0.0758
159.0225
199.0741
87.8143
86.2998
93.4037
85.9441
69.6501
101.0164
201.8360
214.7504
277.4697
17.9994
213.7856
341.4900
334.5205
282.5272
57.7744
59.1324
70.4207
73.1702
18.5008
18.9247
62.0194
68.1252
74.9504
21.6076
17.6509
55.6412
56.5264
19.7102
17.9390
11.2825
26.5239
142.4415
6.3342
8.1959
80.9168
88.4897
86.9692
92.6134
91.5261
26.3725
21.7796
35.0323
35.9328
35.8629
23.9242
53.5926
66.9219
51.1032
57.2726
57.5031
45.0602
70.9835
74.2769
69.1321
68.9541
87.3404
87.3356
20.9497
7.8750
52.8361
52.3253
41.2540
68.6060
66.3624
1.8119
0.2994
77.8509
76.7756
59.9634
51.7174
43.1828
35.1929
36.7186
34.7905
25.9319
23.0727
78.4241
78.2380
30.0905
29.8224
53.4108
335.1824
39.7385
79.9655
86.0367
38.3182
25.7052
33.9234
45.1529
20.4557
17.2405
80.3700
19.0030
85.1137
5.4372
355.7212
60.5628
60.4262
48.0292
355.0393
191.5928
35.8434
36.2489
241.4401
193.2191
197.8779
286.8093
269.0436
19.8288
46.7503
38.0292
27.3343
259.8995
285.3306
22.0794
152.1878
167.5436
195.9256
36.2511
241.5432
286.3126
65.4907
262.9778
57.2525
304.7764
73.8705
255.2544
72.3774
1.2661
4.6951
33.4119
60.7929
64.9287
232.8744
150.7920
68.4884
70.4564
161.8475
195.8975
73.7199
73.5709
55.4438
62.5971
48.1310
89.4211
339.4510
7.7123
189.9489
111.1303
314.8968
8.7580
331.4773
78.7463
63.9332
65.7237
121.4747
310.8007
54.0204
47.7958
73.9241
65.0695
82.3893
264.0551
108.8163
82.4071
125.9495
13.8780
352.7962
25.6550
310.1865
83.3440
78.1760
45.0307
53.9611
69.5655
14.3327
73.5781
85.9745
6.0970
65.1995
76.9395
66.3322
63.3463
74.1354
76.1690
322.7378
42.5002
85.0681
141.8165
69.3830
73.2810
57.1279
55.3027
56.5145
60.6966
61.3677
262.2146
72.0832
68.6054
70.7328
64.1398
298.2103
45.7497
317.2437
1.5867
285.1163
234.4438
139.9997
73.9385
260.7262
10.9486
192.4256
52.3917
274.7365
72.7871
102.7871
61.4061
232.9167
69.9610
247.6572
61.3114
207.5568
79.4805
96.7597
7.5500
29.7294
7.9367
23.5329
0.3874
359.9602
343.3107
22.1697
346.8991
246.2808
271.8553
278.8477
11.1095
65.0460
295.1082
278.4216
58.5501
249.1147
21.3586
229.7229
42.8891
87.3840
43.3488
23.2547
36.2412
53.4505
359.2416
7.0768
6.1258
40.0886
20.7531
22.2954
50.2405
353.2587
9.7565
355.5965
350.0457
67.2227
70.0512
73.7502
76.7440
59.8349
63.5731
24.2769
69.5553
86.9208
13.4352
13.9299
334.2782
1.1822
174.4548
36.3940
104.8659
15.1056
38.1792
119.9342
65.5880
63.3705
114.4410
71.3177
61.5753
35.7261
288.4122
52.1253
233.0897
84.9508
102.0416
14.2098
10.9791
28.3298
15.9929
78.5153
75.4983
344.7928
62.8090
79.2608
75.0307
69.6968
55.6934
24.2259
15.8263
77.3074
91.6501
64.8322
51.3637
67.4875
52.7064
41.9565
273.3895
77.4722
58.6163
158.4476
53.2305
41.6009
57.3548
65.5230
58.5939
28.9029
71.7106
68.2734
71.2448
56.7993
67.2366
14.1459
182.3569
48.2636
126.3183
244.3883
235.2311
69.0013
90.3217
15.4100
187.6397
49.0677
223.6667
49.5781
355.4895
247.9568
308.8951
40.2422
65.0036
90.7798
58.5767
179.5989
40.1973
228.8431
43.2020
34.1815
33.0075
199.8927
15.4556
19.7647
229.8845
15.7003
21.5387
15.2548
13.1066
20.3683
28.0429
316.1343
45.4762
11.0547
44.2758
43.1711
66.7381
27.9691
71.9133
75.9233
342.0044
59.8893
318.8976
164.3542
19.7721
24.2118
4.1349
19.4094
95.5310
38.7558
51.5190
359.2060
53.9843
66.8840
354.6353
19.9468
350.4759
43.7825
43.9946
97.4388
43.4984
65.1859
286.2608
4.3748
296.3388
12.0278
25.6120
322.1076
39.8929
50.5358
80.2282
42.1599
34.0072
234.3890
54.0559
140.0744
57.3295
82.1883
35.1664
36.0714
38.8144
312.9325
71.3875
209.4932
230.2214
91.1903
249.5154
25.7479
315.2258
284.5348
263.4573
134.1672
68.9499
69.4796
123.0638
82.3134
139.9024
166.5440
28.5996
137.0867
316.5583
252.0991
65.8128
344.0726
258.7169
31.3886
231.7226
176.9063
281.1221
47.8691
358.5545
246.2966
68.8044
257.7121
353.9498
353.5019
346.3308
196.7719
259.4437
8.5518
197.7204
277.5691
280.1059
90.2734
3.4499
175.1011
359.7815
97.6849
15.7765
282.1314
32.7623
100.7328
63.4259
342.4940
19.1370
87.4217
153.1623
168.7719
121.5293
289.0193
71.1569
274.4665
356.8515
72.2427
95.7640
89.8954
163.8531
351.2926
235.6991
354.7650
170.0102
69.8057
79.4443
165.1388
3.6021
185.8917
194.2204
305.3206
303.3837
93.2668
78.0043
115.1392
192.4138
264.1746
206.9971
263.3274
262.1950
303.5900
149.8163
237.3176
36.2955
47.4553
145.0481
95.2722
19.5534
20.2220
123.5075
296.3490
288.2667
339.0037
50.2885
166.7703
141.0350
238.3870
320.8791
66.7124
36.5004
43.9007
48.8209
48.4374
18.5764
135.9387
151.2094
103.7596
68.7218
95.9252
179.4645
63.8205
56.7204
241.7820
288.1401
81.4798
233.0050
282.0838
90.3013
4.8936
354.1033
35.1838
239.7595
140.1639
81.1968
103.4000
57.6601
56.8057
303.5402
318.3173
313.2464
103.8550
146.9404
303.7623
39.2682
103.2854
113.4966
80.5940
66.3320
115.3111
24.3879
50.8145
283.9902
7.2044
20.1772
295.9818
135.9246
126.4148
325.4868
84.8981
94.5023
342.3869
251.8024
356.5230
331.1103
67.5830
93.9186
86.0614
94.6448
133.4119
305.0778
117.7599
151.8803
85.3055
91.9957
84.3408
287.6402
41.3768
38.6452
293.9799
20.4573
96.8015
55.6198
40.4428
42.1524
92.9301
96.3896
83.7040
84.2959
29.4739
31.1907
257.9046
205.2410
1.4704
0.9002
79.7614
68.1129
75.5195
186.2432
116.6041
290.5113
199.0097
26.1483
217.1636
265.5879
294.2199
96.4011
234.6397
74.4944
153.5501
42.7055
131.0279
333.2872
229.2674
25.5386
9.5345
287.0270
264.3163
87.9942
94.4206
68.2534
115.8834
222.3799
35.2208
173.5304
60.1462
34.1374
268.0379
359.4422
7.1014
162.0358
51.9675
156.9433
86.3472
296.7710
19.8224
106.0460
100.0541
257.3350
47.9208
160.2933
23.7327
23.6901
194.4057
106.9041
42.7218
55.2961
44.2855
63.9448
26.8290
59.7723
313.2796
271.0268
110.2573
239.9890
168.7560
108.3180
10.9886
206.4174
60.9141
2.7520
61.6733
273.7724
87.6834
82.3692
99.9531
49.8575
75.8626
65.0921
88.3546
72.9578
60.3592
301.9718
58.7528
81.3281
46.8907
40.8122
26.0318
191.7941
97.5371
225.4747
267.2259
120.5674
31.1564
83.5157
271.7778
54.5064
327.2817
68.2685
90.4376
114.6029
16.6935
222.7191
90.3090
125.1981
93.2202
65.7771
73.6124
193.9310
90.2869
56.8443
347.9596
345.1429
65.0077
244.3038
75.8665
350.8656
39.1405
190.2208
77.7306
190.7055
351.7607
69.1548
99.2599
344.7822
101.3779
318.8766
82.6056
259.8607
101.5890
55.1235
88.1142
83.7007
116.7522
77.7257
211.5194
23.8444
283.8243
79.5768
282.1226
65.8963
286.5779
7.5272
190.4573
262.2491
235.7175
65.0873
88.5415
290.6512
245.2669
284.5206
69.3069
116.1578
53.1904
91.4745
90.9453
78.7247
101.6428
144.0273
96.8377
247.2535
189.9602
88.1318
291.1074
101.4661
159.7270
99.3776
52.1944
332.7319
45.7417
22.6300
51.4608
65.1864
228.9217
88.8551
227.8953
13.3453
72.8050
81.3872
58.5152
163.2128
50.8492
279.9301
81.1421
98.1041
7.7152
194.2344
243.9588
85.8103
84.7712
48.2850
69.0062
48.8185
79.7871
236.6751
351.4807
43.4361
332.7035
217.8404
87.2116
101.7887
342.7000
338.1819
36.5729
210.2338
22.4865
310.8701
282.3786
308.2074
17.7359
83.7088
289.8076
268.5589
2.0751
62.3415
32.7789
17.1185
351.0517
307.7911
43.6553
279.8873
157.1289
328.1240
266.4737
182.1158
307.2390
199.5773
51.2251
241.6757
293.7690
53.4897
22.2932
141.5630
78.9928
232.7617
241.6483
190.0284
130.0053
296.2672
48.0673
85.7310
72.5928
19.5901
284.4194
249.9327
51.4598
8.0482
139.4364
91.8238
92.6128
291.3791
22.2533
26.9928
219.6726
62.7672
32.5038
2.5360
16.0100
30.4206
240.7999
3.5696
281.8891
0.2259
181.3966
29.2009
8.0508
5.8582
48.3360
99.2887
10.9857
201.9887
45.4813
169.9456
167.5717
19.0689
342.0014
3.2955
45.0605
39.1507
27.0629
57.0539
72.0616
87.1242
295.0475
261.5240
302.0960
84.3117
207.1400
51.1388
285.8142
85.0671
85.7086
17.8935
348.1945
319.8224
77.7682
73.2337
48.6681
84.0398
353.0913
163.2463
294.2664
201.1033
0.8499
14.6512
67.2172
263.5564
89.8068
197.7455
234.0117
46.9416
206.6858
95.1400
90.5159
200.3118
345.1510
172.8451
279.4726
55.9259
0.0785
5.6096
10.1385
293.1324
359.8806
5.4933
270.8943
224.7319
359.7075
200.7080
62.6996
352.5664
337.4560
158.0460
193.1343
169.8205
115.3946
83.1699
193.9667
182.4780
203.4212
75.9523
254.6677
302.5808
217.8466
353.2709
5.4600
6.5528
282.0499
44.2242
151.0194
55.7421
191.0850
269.6902
39.5211
258.0537
152.1501
66.6948
53.8776
118.7993
82.4046
163.0822
345.0519
79.9678
80.6328
44.2946
28.5179
87.0295
154.0673
273.3907
163.7752
302.4909
116.4131
318.3585
23.5822
332.7730
74.5319
270.0599
99.6377
21.3658
86.4285
93.1369
243.7811
103.8249
303.9205
18.1706
246.0175
206.1517
92.2539
86.2125
75.1393
77.5140
198.6499
28.1442
14.7831
172.3423
121.2136
87.6159
358.0892
35.2591
69.8848
92.7223
298.8288
86.0716
96.8620
148.7139
189.7594
104.2387
65.2861
163.5148
144.7105
215.5670
324.9386
216.4249
80.0434
350.7158
277.2210
236.5742
192.9975
239.2357
283.6999
18.6846
94.5706
179.9993
174.2575
172.0905
89.8663
0.7938
92.6013
4.7768
219.4468
65.4125
135.3747
104.4677
325.8669
344.9442
11.8439
155.4744
139.6067
229.4122
250.0644
81.7473
9.4026
125.0102
8.5392
115.0769
228.0968
9.2491
255.0842
37.7271
117.5883
306.2530
49.8102
183.6712
252.3186
22.0322
23.3426
353.1620
29.6189
75.7936
64.4829
14.5699
233.6339
23.2169
128.3889
79.5948
59.7455
54.0895
86.0424
270.0000
24.2742
94.6251
97.6757
110.1740
119.1884
55.0837
21.6975
13.0719
1.3958
45.5178
74.1246
7.6254
39.7258
50.6315
61.3001
228.6712
73.2819
74.2602
12.9648
203.8937
71.8166
76.0221
69.3694
214.3477
86.2327
57.6604
27.4742
22.4774
22.0467
30.0598
37.7288
44.2269
68.8378
210.4507
72.4893
259.0759
279.5631
356.7842
10.6569
226.0101
13.7802
153.1372
86.6981
52.5518
78.5790
85.7851
254.8902
20.3850
59.6273
40.9966
80.1405
183.2558
72.5376
200.9631
62.1593
275.5436
69.5562
174.1093
138.7466
0.1590
73.7291
25.6311
8.3405
220.6217
233.1964
236.0985
117.9573
223.1187
26.2855
66.0824
251.7478
284.4634
25.2618
15.6413
89.3985
348.7449
351.6913
93.4635
277.0985
285.5512
94.5430
71.4726
286.2167
195.7143
311.2804
186.9528
318.4377
295.0651
242.6522
281.2159
251.9584
41.2291
14.6911
112.6196
254.1777
253.9577
278.1006
69.6983
127.0679
100.2119
69.8569
267.8423
18.1403
161.8071
36.8185
171.6045
171.5562
155.2709
183.3432
70.6877
119.8317
7.9289
28.7871
227.1633
9.6043
127.4356
64.8944
74.5317
209.2409
203.8416
156.1546
336.2006
224.9868
23.5420
17.8756
1.0494
239.2405
249.7311
264.1863
233.3480
317.9652
123.6074
337.7774
132.5523
179.3077
173.5237
220.1703
148.6455
294.2514
268.5742
50.5175
301.9049
50.5537
191.8223
185.6624
63.7418
67.4567
189.3116
76.4884
24.3795
23.6921
52.1719
49.4216
7.3883
4.8039
23.9914
0.9900
2.9418
52.2865
48.8744
84.3267
64.8922
62.2933
43.9134
42.3064
44.5252
44.8618
47.4696
47.5686
20.9085
359.4719
25.9341
50.7069
49.3438
22.8457
23.8762
21.3748
18.8740
46.0915
42.1178
39.5813
41.7813
41.5641
54.4793
67.0689
67.5758
43.0134
43.1397
57.3599
62.7278
35.6020
26.6093
24.2384
290.7992
154.4506
19.0906
19.3250
37.6332
73.6218
79.1660
146.7777
16.9444
0.9561
25.4763
10.1017
85.2031
85.8124
5.9592
27.5415
36.9117
47.3407
84.9094
89.9338
4.3995
20.5897
80.1661
79.5488
21.9958
21.5414
17.2685
3.1182
5.1905
359.7629
1.6022
54.7337
72.7877
72.4968
66.0790
71.8018
72.3328
4.8806
5.5792
48.0492
40.1432
50.9212
21.7761
25.8474
65.8471
71.3128
90.3684
50.3171
89.4466
78.6752
54.5260
39.3854
64.6734
108.5130
76.7639
1.4450
344.7069
37.6681
46.9818
18.6261
23.1220
10.9668
9.3716
87.9076
86.3770
33.7939
25.8895
48.1210
40.4622
36.1449
96.0939
41.3284
42.2120
87.4095
24.3701
22.4364
167.9008
29.3033
27.5505
193.5703
24.9134
67.3013
67.6858
34.5813
16.8708
81.2297
89.9216
71.3729
61.6940
215.7243
236.1813
91.5300
100.4889
309.3157
64.3563
306.3181
86.4981
214.0434
68.0695
78.1181
53.3935
43.1488
35.8419
63.6748
18.6385
18.6174
38.2049
36.9027
89.4180
30.7646
27.8654
78.3432
335.8424
23.2864
13.2136
6.9876
69.5527
294.6645
6.0124
37.1436
9.1235
13.9810
10.7926
25.1281
207.8173
247.1040
65.0570
66.6481
72.0221
75.8456
79.4089
4.4229
2.2870
21.0119
32.6761
46.6469
68.1960
36.2613
35.8194
9.3530
15.1835
21.3013
354.3756
40.7574
36.9262
263.5134
67.5197
218.2427
63.4362
56.8039
19.5239
5.0680
190.7316
189.6428
66.2237
67.2455
95.3692
7.5586
8.7839
213.9527
71.2375
287.7681
29.6672
345.0999
102.9441
6.8610
80.5701
47.7700
75.7408
89.9393
88.9222
155.7660
80.8456
89.0535
272.3969
92.5713
107.6813
55.0945
59.0399
72.3140
38.2507
4.5758
136.7556
56.3877
64.5687
5.4535
86.5502
89.5205
67.5240
68.5635
60.2838
85.8221
27.3769
21.8612
45.1629
57.3503
72.7363
132.9924
46.1857
83.6787
30.8760
125.4549
71.9298
75.3518
40.2694
309.0888
67.2926
106.4144
95.4699
66.8501
62.6823
79.6789
83.5783
250.3232
78.8242
21.0921
0.3941
66.4529
117.4813
8.9448
16.0416
20.9952
340.7529
132.5163
136.0111
59.0315
46.8560
255.3958
64.1729
63.2945
120.7777
106.5136
38.5292
287.3177
31.9804
25.8378
270.0369
89.7362
189.2953
302.0022
354.7741
358.2565
198.9926
21.8277
36.7824
82.1526
47.7494
114.1922
78.0008
265.3059
30.0539
171.4200
207.6777
73.5347
297.1711
27.5569
160.6884
231.2205
193.1139
58.2149
55.8468
99.7959
80.7962
86.0814
321.3998
348.3447
127.7537
105.0208
84.0214
288.8911
285.2776
294.9302
120.9559
78.8555
297.2002
39.1637
39.0637
41.4870
43.4246
58.4132
8.2813
16.5925
275.8030
64.0990
69.2987
205.3141
82.0043
32.9355
9.9400
234.2682
257.9806
264.3235
28.9421
3.1639
133.1104
241.0086
90.6583
8.5367
358.8141
66.7642
88.6032
173.1312
120.0051
27.7775
86.1104
196.4809
125.0346
56.6697
128.1937
153.0783
49.2599
43.2466
117.0094
174.9880
238.7465
120.7837
50.1359
25.9120
336.6798
21.9838
228.8426
218.3279
349.4448
20.6608
184.5952
67.3645
265.0485
66.0279
66.3425
347.2730
27.0596
356.7837
272.8305
289.9273
179.2748
150.5554
5.4368
45.6623
88.1356
66.9408
292.8892
70.9428
61.0606
341.0020
47.8511
286.6546
320.6863
337.1039
23.0778
27.7742
112.7525
40.6335
322.3198
258.9149
76.0058
150.3340
75.1330
60.2066
63.8827
88.4540
35.4045
69.8656
112.6998
219.2751
38.3083
117.8525
62.0698
89.7639
253.0336
37.1977
37.8789
78.0206
46.7777
285.4180
340.0082
353.2017
330.3689
114.0417
36.5556
32.2076
3.7267
4.6551
290.1490
45.5050
63.7488
0.5081
61.0372
59.9771
94.5533
25.5723
184.0817
9.6067
344.4545
240.4073
235.9221
92.2008
37.6651
53.8774
240.0309
54.9156
203.8073
358.7361
359.1646
165.7626
33.1642
38.0350
58.6255
21.1160
60.0513
54.5137
13.3582
90.0459
3.4754
16.5006
124.3539
146.4872
7.4330
27.3286
42.4991
63.5402
68.5755
105.5057
70.3751
77.1824
102.4682
62.2054
12.0203
84.7823
86.8995
36.9430
37.7819
63.2502
78.1442
77.7352
76.0751
27.9881
32.0447
42.5324
7.9463
14.7517
359.6314
86.0030
103.4404
33.9572
28.2784
198.6889
78.3959
26.1436
28.4834
18.7704
29.0360
67.5389
27.3655
140.5061
184.0933
25.3404
332.7041
332.4150
259.0631
5.0164
354.8245
20.1510
124.9265
33.9190
53.7164
30.6820
4.7132
53.8130
44.4430
60.8219
175.2636
48.7707
84.2685
80.2344
29.0987
8.0649
75.5241
82.6405
72.8258
22.9152
55.1394
66.2356
56.8838
47.0224
55.7185
46.0653
65.7975
64.7599
65.3316
52.1191
49.9120
40.0776
56.2089
9.7476
5.2272
4.7548
26.1933
68.0062
60.8132
20.7618
15.6111
52.6919
47.1095
353.3395
353.2224
9.9707
11.4240
75.4130
75.5190
13.5882
91.0819
99.8391
77.9615
40.4303
50.7007
125.7627
310.0102
50.0514
48.1827
59.4253
60.4177
54.2332
82.4654
1.6509
9.1664
214.5790
4.6014
31.9496
40.8819
212.7090
250.8381
15.2956
51.5158
156.6196
25.6768
25.5319
3.9544
3.2230
11.0957
5.9702
65.9115
11.7003
11.4029
27.5002
89.2983
101.2300
98.4534
59.2160
89.9319
8.7357
7.2277
259.0754
287.2743
56.9272
10.1382
88.5108
89.6914
61.5162
58.5450
70.9757
71.3472
10.0912
272.5695
55.4916
52.8777
144.1075
283.7780
51.1680
98.4993
85.6646
73.2429
53.4562
53.8813
222.6338
86.3246
89.6113
283.4438
282.2932
15.6468
193.4350
316.9973
356.7699
197.5364
293.5795
25.4220
19.3636
76.6285
71.7863
68.5991
72.6346
265.2743
262.9088
145.6562
180.5168
25.9612
40.7368
263.1666
324.8887
241.4090
147.8303
263.1924
204.6275
62.8578
82.0826
103.7297
274.3069
18.5132
23.8127
290.9595
149.8471
45.7181
82.0130
274.4201
13.7571
167.3342
290.4483
54.9115
38.1160
28.3835
332.9557
79.2337
22.6581
30.8227
37.6345
323.0397
91.5711
103.3895
117.6058
24.8992
329.3668
62.6712
126.0674
16.9759
58.8356
67.4065
119.5974
255.9803
59.6686
42.2057
67.6668
89.6953
96.0590
56.1682
50.3977
341.7412
38.4031
331.6034
218.5538
58.8879
88.5956
285.7760
178.8962
25.0640
14.2866
94.4461
343.5180
275.3105
169.6375
328.8795
347.8411
72.0583
57.1159
354.6244
357.0602
272.4755
149.0337
275.5673
96.7501
56.5305
236.6308
331.1802
20.0038
106.0452
63.2761
10.4138
260.4293
238.7486
292.4073
240.2168
259.6291
17.1731
67.6184
299.5602
48.2566
38.4512
152.4649
129.2213
146.8428
51.6379
299.5608
45.1273
267.4513
231.5170
174.7574
358.3675
17.4427
206.9657
83.6464
184.5129
65.7001
59.6133
27.2339
87.2700
26.3101
216.6621
10.4098
13.4300
160.3237
267.4706
110.4872
13.1850
68.8385
12.4648
210.6929
205.0004
210.5690
75.7338
10.0456
355.5953
260.5686
130.4276
170.8526
319.6985
