162.2047
162.2047
193.6549
193.6549
149.6527
149.6527
163.2626
163.2626
152.7911
152.7911
129.6832
129.6832
117.9400
117.9400
112.0222
164.6259
203.9486
203.9486
163.9257
163.9257
187.5655
187.5655
211.9259
166.3622
166.3622
180.6226
180.6226
123.1894
123.1894
174.8342
174.8342
127.4475
127.4475
97.6859
97.6859
103.9898
103.9898
104.2050
108.9569
108.9569
141.7252
130.7316
142.9061
156.1812
156.1812
127.4582
88.7241
74.8146
90.5090
257.1085
161.7009
139.0809
166.7260
166.7260
140.1186
138.0245
125.2704
125.2704
149.9943
149.9943
166.6079
166.6079
202.8578
202.8578
163.8031
153.7278
153.7278
126.4673
126.4673
161.6551
113.1276
113.1276
107.0759
107.0759
111.5540
111.5540
155.2144
113.0087
47.7851
201.0827
126.0034
342.1597
342.1597
114.7667
114.7667
139.3854
183.7585
138.9238
138.9238
133.0855
199.3576
199.3576
232.7896
232.7896
123.9966
146.5378
146.5378
78.7694
78.7694
16.9484
16.9484
146.2738
146.2738
124.2620
234.9418
234.9418
192.4413
192.4413
288.7043
288.7043
209.1298
209.1298
252.7470
252.7470
239.6379
239.6379
147.0697
147.0697
117.4162
117.4162
262.5479
262.5479
170.5698
170.5698
185.9994
185.9994
355.2404
355.2404
45.9131
45.9131
133.4303
133.4303
42.9261
42.9261
93.7867
30.4367
30.4367
299.0514
299.0514
276.1699
275.0472
275.0472
106.7116
106.7116
166.8965
166.8965
186.1954
186.1954
139.9899
139.9899
155.7574
155.7574
67.1116
67.1116
214.3308
214.3308
310.0834
310.0834
148.3641
44.7942
44.7942
288.4368
288.4368
125.9434
125.9434
12.6027
12.6027
288.7024
39.0729
150.3190
150.3190
29.7671
29.7671
337.1637
337.1637
41.0832
292.3046
292.3046
142.8793
142.8793
48.1230
204.1396
204.1396
254.6711
254.6711
25.1338
25.1338
127.8452
127.8720
316.7995
316.7995
156.2030
156.2030
138.4817
127.3060
127.3060
173.0773
173.0773
135.4568
135.4568
133.7357
133.7357
116.5769
142.0230
142.0230
130.1367
305.6857
305.6857
122.7039
122.7039
102.5268
102.5268
8.1258
119.7678
119.7678
110.2216
110.2216
98.3552
125.7046
125.7046
107.6354
101.9113
101.9113
134.9442
134.9442
129.5434
129.5434
110.2545
120.9643
120.9643
106.8708
106.8708
113.2496
113.2496
147.9612
115.3372
115.3372
144.6666
144.6666
133.6643
133.6643
105.3679
107.2512
107.2512
118.3659
118.3659
114.9271
114.9271
104.0827
104.0827
107.6632
107.6632
111.3614
111.3614
118.0104
117.2608
117.2050
117.2058
117.1681
117.2889
102.7536
113.1493
130.8596
107.5312
328.7048
159.6268
159.6268
136.6637
136.6637
180.5430
180.5430
142.8020
142.8020
115.3426
115.3426
159.1417
159.1417
148.1244
148.1244
119.8862
131.9275
131.9275
123.7187
123.7187
101.3807
101.3807
112.7611
112.7611
154.4222
154.4222
106.0619
106.0619
132.6324
132.6324
202.4316
202.4316
115.1553
115.1553
106.8787
167.7495
167.7495
141.7439
141.7439
187.0608
117.1664
117.1664
147.1183
147.1183
163.8512
163.8512
152.0081
152.0081
161.3854
121.4505
101.5873
101.5873
106.5241
106.5241
157.0528
157.0528
134.4115
116.0545
116.0545
135.9879
161.1986
161.1986
300.8406
300.8406
204.0650
204.0650
32.6284
32.6284
83.2571
83.2571
249.6855
249.6855
140.1339
140.1339
18.8779
18.8779
69.2000
69.2000
356.7356
356.7356
314.8346
314.8346
339.4108
339.4108
168.4139
168.4139
263.6031
263.6031
340.6594
301.2634
301.2634
228.3844
228.3844
243.2533
243.2533
357.9603
357.9603
335.5587
335.5587
329.3423
320.0219
320.0219
13.5974
31.0581
31.0581
262.8606
262.8606
23.7141
23.7141
151.0395
151.0395
354.1883
354.1883
62.4053
62.4053
353.9407
5.0220
85.7390
85.7390
11.6786
11.6786
28.9618
234.3719
234.3719
348.2614
348.2614
357.3782
335.2674
335.2674
22.8830
22.8830
21.8893
245.6857
245.6857
0.6598
338.4609
338.4609
322.6939
322.6939
311.0676
311.0676
353.8917
353.8917
58.9731
58.9731
359.1235
341.0669
342.0826
341.9413
351.9604
0.7937
0.7937
15.7094
15.7094
210.0217
210.0217
354.3369
354.3369
337.8056
337.8056
325.7336
325.7336
351.8010
351.8010
51.7866
51.7866
341.7293
341.7293
291.6101
291.6101
315.1692
315.1692
344.7191
344.7191
338.3557
338.3557
273.9221
273.9221
327.7445
327.7445
63.7656
63.7656
351.1024
351.1024
346.4031
346.4031
338.4719
338.4719
331.1297
331.1297
351.8904
341.7020
341.7020
190.9124
190.9124
338.3861
38.0558
38.0558
116.7262
116.7262
122.6893
122.6893
114.5147
114.5147
228.4923
274.4659
274.4659
102.9830
102.9830
358.6261
358.6261
146.3056
146.3056
112.5261
112.5261
182.6848
334.7633
54.0026
54.0026
210.0119
210.0119
253.1374
253.1374
147.4162
147.4162
334.1472
334.1472
129.4147
129.4147
3.1203
3.1203
255.8290
255.8290
267.6259
267.6259
138.3712
138.3712
74.4349
74.4349
195.4242
195.4242
94.0176
94.0176
30.3496
30.3496
121.5977
121.5977
349.3609
225.4324
225.4324
55.4293
55.4293
19.9132
19.9132
284.7318
303.9806
303.9806
124.6572
124.6876
157.9706
157.9706
137.1943
212.3300
212.3300
177.3661
177.3661
131.7434
131.7434
21.4413
21.4413
294.1565
294.1565
312.6958
312.6958
32.4219
32.4219
141.4176
141.4176
39.3212
112.2558
106.5626
106.5626
90.9592
90.9592
127.8066
262.7749
262.7749
119.4418
119.4418
336.0388
336.0388
18.1322
18.1322
116.4219
116.4219
318.1153
318.1153
105.8812
105.8812
141.2324
141.2324
123.1606
123.1606
103.1692
93.0334
98.5235
127.6228
127.6228
97.1728
97.1728
106.3604
109.7201
109.7201
102.7699
102.7699
180.3331
144.5387
144.5387
112.1323
112.1323
132.3467
132.3467
101.4175
115.5930
115.5930
103.5074
103.5074
104.1503
104.1503
165.0418
165.0418
108.1594
108.1594
114.6333
110.1929
114.6751
99.2006
113.5798
114.7391
115.3813
115.4158
226.7372
213.6593
159.9344
31.6895
31.6895
113.9646
113.9646
291.6807
291.6807
334.3700
334.3700
10.2646
10.2646
148.0275
148.0275
150.1432
150.1432
91.0925
91.0925
37.5372
37.5372
137.9494
137.9494
99.8895
67.9661
119.3988
119.3988
128.8009
128.8009
104.2748
104.2748
84.8968
84.8968
123.8015
123.8015
112.8801
112.8801
160.8162
160.8162
137.6281
137.6281
116.0083
116.0083
111.3493
116.4239
116.4239
115.7909
115.7909
114.0339
114.0339
131.4018
131.4018
100.8054
100.8054
75.0442
75.0442
121.9426
121.9426
202.7017
202.7017
81.5525
81.5525
134.9716
134.9716
145.7703
145.7703
237.7952
237.7952
115.0853
115.0853
162.8862
162.8862
68.6402
68.6402
125.0056
125.0056
62.8122
62.8122
120.3417
120.3417
124.2601
124.2601
162.1904
162.1904
136.0925
136.0925
147.8370
147.8370
142.9379
142.9379
142.1262
142.1262
113.1190
113.1190
163.8279
163.8279
160.7329
160.4870
160.4870
148.6415
148.6415
158.7876
146.9138
146.9138
173.4382
173.4382
133.1765
133.1765
99.6489
99.6489
111.4866
111.4866
104.5513
104.5513
114.0788
114.0788
105.6409
161.4318
161.4318
137.0427
137.0427
148.0279
148.0279
143.3447
143.3447
114.7738
114.7738
142.5578
142.5578
163.2769
163.2769
160.3608
160.1303
160.1303
148.7547
148.7547
147.0589
147.0589
100.7868
100.7868
112.4056
112.4056
105.5789
105.5789
106.4885
163.1455
163.1455
132.6809
132.6809
146.5905
146.5905
146.2114
146.2114
141.2290
141.2290
140.3770
140.3770
164.5589
164.5589
108.6330
108.6330
161.0656
160.7958
160.7958
147.8003
147.8003
174.4531
174.4531
154.9148
154.9148
102.0103
102.0103
206.8620
206.8620
112.0075
112.0075
103.5507
184.6969
184.6969
234.7988
234.7988
9.0723
9.0723
88.5968
88.5968
166.7090
166.7090
59.3122
111.6851
111.6851
21.9016
251.7698
251.7698
293.2032
211.7094
211.7094
319.6141
319.6141
51.6807
51.6807
131.4041
131.4041
22.0895
111.3344
111.3344
0.3834
0.3834
69.7904
69.7904
29.0282
29.0282
197.1229
197.1229
240.9888
125.9125
78.6645
78.6645
122.4731
104.4196
122.5242
14.9201
266.2595
266.2325
138.6009
138.6009
66.1039
66.1039
248.9495
248.9495
347.6395
347.6395
89.8913
89.8913
122.5939
122.5939
122.5939
122.5939
248.7491
248.7491
150.7645
150.7645
189.5697
189.5697
280.7286
280.7286
80.2095
80.2095
249.2969
61.5570
61.5570
95.6606
95.6606
66.0612
237.3280
237.3280
218.5119
218.5119
107.9556
89.3200
114.7054
114.7054
122.8255
122.8255
68.6661
68.6661
101.7361
101.7361
96.3782
96.3782
306.4512
306.4512
105.2519
105.2519
151.3951
151.3951
272.6002
272.6002
204.6262
204.6262
119.2632
119.2644
282.1903
282.1903
261.8823
120.6404
120.6404
112.9090
98.3914
98.3914
176.2853
176.2853
106.7126
106.7126
44.4644
44.4644
246.0969
246.0969
146.8542
278.4006
278.4006
43.3714
43.3714
292.9029
292.9029
125.9504
125.9504
103.1497
149.0439
149.0439
111.4390
285.2755
330.7608
330.7608
294.4083
294.4083
168.5524
168.5524
287.4230
287.4230
308.5905
308.5905
292.7486
292.7486
271.0584
271.0584
137.4930
137.4930
109.1121
109.1121
292.3315
292.3315
296.8605
292.7874
292.7874
246.6923
246.6923
295.4345
295.4345
214.6285
214.6285
287.5890
287.5890
155.3651
155.3651
264.3358
264.3358
301.0921
301.0921
276.7873
276.7873
284.9914
284.9914
291.2437
291.2437
99.2860
106.1800
106.3772
106.3772
112.9110
112.9110
133.0677
133.0677
145.7206
256.8522
256.8522
73.8574
73.8574
218.1786
218.1786
19.5937
19.5937
97.2814
97.2814
146.9322
146.9322
272.8533
272.8533
332.1479
332.1479
36.7403
36.7403
213.1766
213.1766
358.1164
358.1164
22.2984
22.2984
281.9432
281.9432
29.2230
72.2361
72.2361
336.9964
336.9964
8.4682
8.4682
48.9410
48.9410
59.8909
59.8909
38.2072
38.2072
43.4064
226.7775
226.7775
6.2278
6.2278
357.6321
357.6321
27.3132
27.3132
44.9395
44.9395
17.5940
17.5940
45.5336
45.5336
132.3559
132.3559
96.2255
96.2255
252.9359
252.9359
186.1990
186.1990
24.1290
24.1290
49.3950
12.3454
41.4735
67.0545
67.0545
41.4824
34.0883
34.0883
10.3655
10.3655
358.3414
358.3414
83.4265
83.4265
60.2926
60.2926
1.5891
1.5891
347.3063
343.1039
343.1039
55.0901
55.0901
122.4543
122.4543
16.5675
16.5675
49.0577
49.0577
352.7067
352.7067
9.6176
9.6176
7.9407
7.9407
7.2001
7.2001
11.8318
11.8318
146.5515
146.5515
0.2516
0.2516
342.8559
342.8559
51.6017
51.6017
6.5146
6.5146
44.8482
8.7631
57.3877
57.3877
27.6768
27.6768
69.6107
69.6107
43.6713
43.6713
4.5827
4.5827
60.7222
60.7222
65.9538
65.9538
57.1138
57.1138
48.5924
48.5924
14.0131
14.0131
54.6318
54.6318
63.9815
63.7937
48.5534
63.8485
63.8485
338.9495
346.9517
346.9517
47.1417
61.3592
61.3592
47.7148
47.7148
63.9184
53.1719
56.7796
56.7796
338.1766
338.1766
64.3932
66.0898
72.0330
65.1157
160.1610
160.1610
141.5603
141.5603
140.7853
140.7853
162.6119
162.6119
111.9420
111.9420
159.3948
159.3948
147.5108
147.5108
117.7492
117.7492
195.4455
195.4455
354.3504
354.3504
317.9849
317.9849
339.8281
339.8281
317.0881
317.0881
213.1393
213.1393
155.8174
155.8174
75.3761
75.3761
264.6345
264.6345
34.2848
34.2848
14.9078
14.9078
351.1060
351.1060
335.2729
335.2729
85.3553
85.3553
60.7327
60.7327
22.4021
22.4021
39.7274
291.3606
291.3606
322.1407
322.1407
15.5394
15.5394
43.6907
354.8600
354.8600
147.5670
147.5670
31.7302
31.7302
4.1318
4.1318
141.5613
335.3987
335.3987
359.0711
359.0711
11.7811
11.7811
45.1067
45.1067
27.1476
27.1476
196.3024
196.3024
354.1595
354.1595
318.0995
318.0995
339.7837
339.7837
317.1684
317.1684
213.3894
213.3894
155.8370
155.8370
75.1089
75.1089
264.8731
264.8731
34.0759
34.0759
14.7478
14.7478
351.0323
351.0323
335.2619
335.2619
85.1858
85.1858
60.5494
60.5494
22.2674
22.2674
39.5858
291.4611
291.4611
322.1683
322.1683
15.4408
15.4408
43.5566
354.8050
354.8050
147.5582
147.5582
31.6090
31.6090
4.0586
4.0586
141.5389
335.3926
335.3926
359.0159
359.0159
11.7058
11.7058
44.9939
44.9939
27.0515
27.0515
177.2947
155.5358
155.5358
132.9471
132.9471
132.3933
132.3933
104.0052
104.0052
153.2144
153.0211
153.0211
140.6158
140.6158
147.6572
162.5992
162.5992
138.9416
144.6492
144.6492
163.9643
205.9584
205.9584
160.8240
160.8240
120.8305
107.3102
124.3796
124.3796
101.8673
101.8673
203.2428
203.2428
115.8011
115.8011
108.4723
116.4422
110.2445
110.2445
107.3551
166.3931
166.3931
142.9611
147.6686
147.6686
166.3832
166.3832
206.6421
206.6421
163.3038
163.0627
163.0627
152.1728
152.1728
123.0134
123.0134
158.2700
158.2700
126.2122
126.2122
156.7760
156.7760
103.4419
103.4419
108.1969
108.1969
156.9600
156.9600
135.1561
148.8452
148.8452
154.3470
154.3470
136.5739
250.3932
250.3932
73.9244
73.9244
201.3307
201.3307
280.8965
255.7255
255.7255
190.2654
190.2654
113.3876
113.3876
219.2550
219.2550
207.7897
206.9521
206.9521
173.7784
173.7784
87.5677
87.5677
242.3198
242.3198
193.0328
193.0531
193.0531
122.9400
122.9400
142.8654
142.8654
58.0930
182.7726
182.7726
103.0555
103.0555
139.6896
178.0392
178.0392
83.2540
83.2540
91.7414
91.7414
163.0785
163.0785
108.4705
108.4705
152.0944
109.7560
109.7560
176.0083
176.0083
171.5966
171.5966
249.4611
249.4611
143.5726
140.9618
140.9618
153.0075
157.3800
157.3800
100.0610
100.0610
202.0806
202.0806
128.8557
128.8557
145.0559
94.0464
94.0464
144.8493
144.8493
143.4403
140.9780
166.5489
166.5489
96.5374
146.2850
146.2850
160.9163
160.9163
111.7200
111.7200
139.4622
163.5410
163.5410
203.9733
203.9733
147.1232
148.0827
148.0827
119.5566
119.5566
347.2169
144.4114
144.4114
136.6133
136.5999
160.4174
160.4174
151.3231
151.3231
142.0164
127.0533
127.0533
141.3779
141.3779
133.0564
124.9182
124.9182
112.9418
112.9418
349.6398
193.5457
193.5457
162.0585
160.7974
160.7974
327.5735
327.5735
70.6887
70.6887
337.0735
337.0735
74.5471
74.5471
113.7416
113.7416
271.1345
271.1345
30.0039
30.0039
155.8236
156.9878
156.9878
346.6673
346.6673
51.6060
125.8873
125.8873
150.7192
150.7192
51.6801
51.6801
266.9753
266.9753
40.6121
40.6121
148.5484
148.5484
340.7731
187.4896
187.4896
150.1337
150.1337
80.0168
80.0168
114.2227
114.2227
108.9084
108.9084
145.2253
145.2253
134.6272
134.6272
93.8860
93.8860
124.5328
124.5328
111.3509
111.3509
132.2620
132.2620
142.4968
144.2482
144.2482
127.8995
127.8995
62.8628
62.8628
118.2846
118.2846
69.9619
69.9619
99.3050
120.8354
120.8354
116.6912
116.6912
159.2268
159.2268
139.4423
139.4423
121.1053
121.1053
18.0761
18.0761
120.3941
120.3941
82.9988
82.9988
229.8375
229.8375
124.5471
124.5471
133.8463
133.8463
88.7215
88.7215
52.7009
196.7350
196.7350
136.8000
136.8000
80.7222
127.8417
127.8417
123.4272
123.4272
107.5951
38.9047
38.9047
112.5625
112.5625
120.4819
137.1896
137.1896
129.8135
129.8135
222.8174
222.8174
122.3954
122.3954
122.3837
122.3837
9.6597
185.8704
185.8704
158.3401
157.2498
157.2498
330.8258
330.8258
185.9724
339.8119
339.8119
71.3019
71.3019
74.9516
74.9516
112.4572
112.4572
15.0299
271.4520
271.4520
31.7065
31.7065
154.1521
155.3532
155.3532
348.2963
348.2963
52.3861
124.9216
124.9216
149.6112
149.6112
147.0914
267.0358
267.0358
52.2395
52.2395
41.3182
41.3182
147.6206
147.6206
186.5082
186.5082
149.3268
149.3268
80.0605
80.0605
113.7783
113.7783
144.4898
144.4898
108.5419
108.5419
133.9912
133.9912
93.7459
93.7459
124.0524
124.0524
111.0134
111.0134
131.7395
131.7395
141.9120
143.6587
143.6587
127.4271
127.4271
63.0832
63.0832
117.9114
117.9114
70.1043
70.1043
99.1248
120.4525
120.4525
158.6297
158.6297
116.3480
116.3480
138.9309
138.9309
120.7273
120.7273
18.6253
18.6253
120.0339
120.0339
229.5132
229.5132
124.1712
124.1712
52.9764
80.7382
77.5265
70.9944
136.8777
222.5704
222.5704
122.1484
153.0872
153.0872
267.8777
27.9736
88.2599
331.1674
5.2299
5.2299
28.4875
159.3372
159.3372
328.6928
273.1609
205.1825
20.2148
130.2038
130.2038
164.1971
314.2826
68.2624
87.9179
334.0482
103.4094
139.1322
188.1310
23.5156
23.5156
1.8864
250.6405
17.0320
314.7784
314.7784
351.8277
337.5698
295.6883
182.8471
336.2439
328.9174
60.5739
60.5739
341.6043
250.7269
73.4726
85.8671
143.7590
10.7170
162.9127
162.9127
108.8954
130.8052
130.8052
208.7801
209.5225
209.5225
329.7815
228.2608
354.5284
46.7706
46.7706
46.7661
100.5825
102.4016
102.4016
124.6350
251.3076
251.3076
87.5762
113.8384
168.4381
271.8135
134.6502
220.9542
18.9319
76.5247
76.5247
74.4965
210.8194
162.0902
64.0237
106.9195
353.7755
138.1560
60.2641
352.7474
49.2632
28.6281
125.2339
283.8215
115.5988
115.5988
132.6935
119.5841
81.8432
100.1183
89.5007
5.1992
5.1992
325.9458
45.7449
68.1804
8.6791
55.2871
131.5718
227.3456
140.0327
144.7035
139.5000
139.5028
88.1819
357.6242
50.9883
139.1809
66.9828
139.7401
139.7401
139.7401
139.7401
58.7433
58.7433
281.9840
78.0006
248.5981
109.5511
14.0646
62.2252
93.1967
93.1967
54.8135
141.0099
89.2047
332.0009
119.6145
298.3976
298.3976
137.9654
335.5470
335.5470
105.6923
77.1512
111.4369
275.7290
230.8038
230.8038
357.9803
281.0178
114.6863
256.3083
256.3083
140.1227
287.1455
114.1673
109.8426
96.5079
110.3633
157.9043
157.8909
157.8909
102.9719
105.6548
105.6548
106.6101
130.1773
283.9672
112.4358
67.8065
318.2872
356.1978
136.8690
136.8690
136.8690
136.8690
116.7218
232.7136
85.8290
99.7445
354.8072
115.1416
56.9782
90.8934
88.1060
256.5610
79.4384
79.4384
104.5316
118.4510
272.3273
114.8265
263.2658
99.6454
129.2529
96.7588
120.1298
331.9153
214.8979
214.8979
98.7889
98.7889
101.4497
136.2166
80.2482
110.8753
82.9484
54.8934
54.8934
94.3653
99.9036
99.9036
267.4764
68.2407
60.9969
167.1726
167.1726
90.9530
343.1492
109.7186
109.1240
115.2484
115.2484
243.4637
247.2225
330.9883
330.9883
93.8503
93.8503
267.7267
123.4267
123.4267
64.8799
64.8799
101.3516
101.3516
262.3990
262.3990
125.8765
132.7228
132.7228
264.5371
111.0846
111.0887
111.0887
218.7589
218.7589
265.4111
265.4111
265.3915
265.3915
203.6910
203.6910
274.5744
258.8412
176.3592
176.3592
252.2720
252.2720
230.3583
230.3583
255.7233
334.7093
252.7141
251.9367
251.9367
266.5277
203.7968
239.1329
108.4846
212.0262
126.6774
126.6781
126.6781
250.1187
243.3298
243.3298
104.7665
293.5911
173.9529
277.0531
277.0531
128.0363
128.0363
252.0908
118.9204
117.8633
271.2576
101.6236
101.6236
162.3696
162.3696
309.5891
226.5249
226.5249
273.9108
103.7207
332.1334
332.1334
242.1908
242.1908
111.2682
111.2682
133.6868
37.9241
37.9241
261.4354
285.9948
299.2390
299.2390
255.8284
255.8284
212.9422
212.9422
106.6392
261.3796
155.5291
132.5630
132.5630
185.7413
185.7413
116.0286
155.1566
283.8687
304.5896
271.0805
271.0805
314.6983
307.6582
286.7124
286.7124
294.0050
279.2529
279.2529
268.2815
290.8109
290.8109
280.6247
280.6524
157.1086
157.1086
262.0767
305.0244
259.0559
259.0559
321.5742
283.2125
248.4669
248.4669
112.7779
112.7779
316.9377
250.6399
143.8643
143.8643
263.9316
263.9316
276.3918
289.1141
289.1141
210.7802
236.6197
236.6197
176.0921
176.0921
135.3893
135.3893
100.1212
100.1212
164.6568
164.6568
190.3046
190.3046
295.2162
282.6525
282.6525
63.6934
63.6934
320.1902
290.8639
290.8639
303.7282
303.7282
264.5971
264.5971
284.6723
284.6723
140.7088
28.7614
28.7614
289.5219
289.5219
270.1926
270.1926
161.5238
161.5238
109.0405
109.0405
24.9822
293.3481
293.3481
116.1796
116.1796
289.2531
289.2531
322.9138
275.8522
275.8522
289.7173
289.7173
147.4656
210.9209
248.4583
248.4583
330.0779
137.8081
137.8081
177.5463
292.1979
292.1979
259.6078
219.0685
219.0685
176.0817
176.0817
314.7805
270.0448
270.0448
222.6121
285.2454
285.2454
116.8606
116.8606
297.6322
297.6322
264.2547
264.2547
258.4931
236.6755
147.8245
275.5069
275.5069
139.2506
288.6811
288.6811
282.9828
282.9828
223.1435
130.5851
130.5851
331.6111
281.4696
277.2075
233.2829
233.2829
147.5029
147.5029
298.4351
298.4351
275.9811
275.9811
295.5913
295.5913
92.0452
92.0452
187.1451
187.1451
280.9603
280.9603
235.9408
235.9408
214.0273
214.0273
149.6122
187.0274
39.9964
25.4695
296.7235
309.7404
326.2774
180.1467
99.7257
71.6214
90.4089
120.3301
79.4903
58.7308
113.5521
80.8552
102.4253
59.5004
85.0613
306.0665
311.8778
51.2966
82.9574
78.0562
357.7892
351.1996
72.6588
87.3253
90.7981
354.1424
349.0273
100.2496
72.4639
87.2924
346.9321
346.9321
350.2430
344.6544
81.0714
60.2720
81.5397
77.9710
103.6421
6.3906
6.3906
4.3887
0.3259
1.0669
349.2961
64.7806
53.1437
101.8606
72.8323
349.2608
2.6718
2.1359
314.7966
314.7966
310.0118
310.0118
353.7139
349.1970
98.1989
15.0083
2.6300
10.3965
306.8201
306.8201
96.8288
287.6115
287.6115
303.0488
203.7472
157.0488
287.8458
287.8458
56.9232
331.6786
169.3587
86.4613
81.6991
126.1944
7.8859
10.2153
78.3966
5.6334
159.3670
102.8621
134.9599
148.1568
75.1065
88.9455
92.3512
120.8971
68.6564
1.6161
216.8632
152.9770
313.3695
169.6726
46.9620
334.3670
78.3390
120.8499
73.6086
63.7619
219.4455
150.7178
1.7348
315.4751
169.0384
45.5528
335.2373
119.4341
76.7921
72.1231
286.5881
28.9158
83.1361
9.7119
157.7436
104.7926
135.0199
77.3091
147.6407
97.2182
90.2921
93.6112
325.7373
292.3344
300.1859
226.4508
300.7725
296.2431
329.7505
297.1871
304.5645
229.1805
303.1274
277.2345
297.9185
304.7903
304.7903
328.3859
328.3859
294.8356
328.5273
297.4444
304.0941
302.8885
314.4333
300.3265
339.3536
339.3536
338.2530
300.8812
308.6456
225.8330
305.1462
277.6470
215.1596
245.9410
336.5534
296.9788
223.5309
168.7939
245.7938
102.8947
278.2367
259.4072
305.5334
340.5443
340.5443
290.3571
338.9847
295.1679
294.5498
304.1470
323.6428
323.6428
302.7075
212.3409
242.7664
306.2349
214.3453
303.4678
272.7002
137.7712
189.1940
275.8509
147.3159
353.6235
288.2816
288.2794
301.7760
211.5723
301.5007
270.2707
295.9489
238.3795
207.7536
154.4377
124.0206
195.0674
272.5179
313.6012
282.7161
333.7872
300.0756
288.8366
307.3330
228.9510
304.5943
278.1726
3.1471
16.6387
327.9494
28.7229
11.6976
26.3338
7.2438
18.0641
328.4676
347.9252
12.5034
29.6040
171.5608
5.9393
17.6808
328.1287
347.6929
12.2728
13.5415
27.9447
27.9447
19.1146
19.1146
254.9778
254.9778
354.8306
354.8306
27.4861
129.0552
75.2681
75.2681
190.2904
190.2904
75.2688
67.8781
42.8711
42.8711
84.9662
84.9662
18.4655
24.5071
152.0267
152.0267
16.9337
61.9073
19.7777
320.1280
320.1280
63.9305
63.9305
70.4382
58.4383
13.1564
338.5501
67.6529
67.6529
349.2800
349.2800
86.7029
86.7029
208.9921
24.7940
24.7940
62.0470
119.9948
119.9948
59.7058
97.2229
97.2229
73.0549
73.0549
11.7975
11.7975
92.6882
179.2611
179.2611
52.3425
52.3425
85.2753
85.2753
63.1808
67.1254
106.6630
106.6630
81.1779
50.7566
91.0415
91.0415
60.9587
78.6899
74.9902
74.9902
78.3486
78.9853
78.9853
329.2859
329.2859
95.3069
97.7074
97.7074
70.8939
70.8939
78.6407
78.6059
67.4514
67.4514
140.9348
140.9348
78.8807
196.9659
196.9659
115.1866
273.3760
273.3760
145.7085
145.7085
17.7140
17.7140
12.0886
12.0886
59.9666
59.9666
70.2940
70.2940
53.7535
216.9883
354.3510
354.3510
58.2887
52.3320
52.3320
110.4681
110.4681
18.2989
75.0934
75.0934
47.8841
12.2557
180.5481
180.5481
14.6540
326.1752
326.1752
56.9708
56.9708
86.7420
86.7420
52.2733
9.5693
63.3414
63.3414
340.9761
19.5710
19.5710
83.1149
97.8521
349.8748
349.8748
75.9612
75.9612
82.1172
82.1172
72.1910
136.4211
54.8606
58.6769
70.0422
66.5027
66.5027
8.9913
8.9913
53.1423
43.6744
144.3184
70.8153
70.7817
73.5864
63.2951
63.2951
188.7795
188.7795
328.9576
328.9576
51.1147
51.1147
115.3629
115.3629
352.5741
352.5741
340.8906
175.5793
175.5793
130.2598
130.2598
107.7181
107.7181
130.7380
130.7380
194.0818
194.0818
231.5722
231.5722
126.2359
126.2359
206.2181
189.9803
118.5123
118.5123
326.6115
326.6115
36.2848
36.2848
140.8852
140.8852
103.4142
53.4018
53.4018
235.0520
77.3596
77.3596
141.4886
141.4886
234.3572
234.3572
206.8214
20.2280
20.2280
26.6620
177.6945
189.0709
189.0709
144.1179
120.3365
120.3365
97.2007
167.1084
167.1084
206.8224
206.8224
291.7639
291.7639
253.4745
253.4745
239.4571
239.4571
122.3875
122.3875
263.7859
263.7859
84.8984
84.8984
143.6066
143.6066
42.9077
183.1806
183.1806
167.3918
167.3918
114.6647
114.6647
96.4265
109.7616
242.8230
242.8230
358.1918
358.1918
120.5586
120.5586
204.4804
204.4804
149.4030
130.5784
130.5784
96.9038
277.7816
276.6073
276.6073
43.8554
43.8554
301.4561
301.4561
92.2690
164.2411
164.2411
61.7494
76.1859
31.8516
31.8516
183.9521
183.9521
104.8218
104.8218
137.4326
137.4326
116.8733
324.0842
324.0842
85.8070
153.1984
153.1984
141.0762
213.1350
213.1350
3.3558
335.7518
335.7518
312.8188
312.8188
66.8775
66.8775
312.2948
312.2948
247.8408
247.8408
77.7539
290.1462
290.1462
290.4019
111.0576
282.1866
282.1866
146.0358
118.2121
97.6512
182.3050
123.9059
123.9059
137.9714
332.7031
205.9545
205.9545
14.2961
14.2961
45.4418
45.4418
107.9746
148.0942
148.0942
293.5262
130.1367
39.9067
30.8970
30.8970
73.1203
298.8743
298.8743
137.1354
51.3632
340.4207
340.4207
293.8943
293.8943
314.3638
104.5973
104.5973
111.3247
255.0967
255.0967
183.3382
183.3382
202.8996
202.8996
140.9047
140.9047
41.7815
41.7815
9.0561
9.0561
331.0479
331.0479
48.5726
318.6574
318.6574
126.1339
126.1339
126.1081
126.1081
26.2576
26.2576
154.3239
154.3239
114.5369
114.5369
110.6008
171.3677
171.3677
136.6942
110.7205
314.2487
125.6559
125.6559
102.3826
160.6776
133.7416
132.0588
132.0588
103.6915
103.6915
113.4664
96.4567
96.4567
115.1976
140.3742
140.3742
110.2088
110.2088
307.1670
307.1670
128.6194
118.7144
121.3124
121.3124
9.3587
101.5152
101.5152
118.5103
118.5103
109.1250
109.1250
140.3499
140.3499
124.4128
124.4128
97.4892
116.3216
106.6051
102.3840
133.6375
133.6375
101.0232
101.0232
128.2992
128.2992
236.4156
236.4156
109.2537
119.8247
119.8247
112.2249
112.2249
105.9404
105.9404
175.9198
175.9198
114.3196
114.3196
143.4262
143.4262
183.6793
183.6793
132.4838
132.4838
104.5155
104.5155
104.5155
106.3826
106.3826
117.3586
117.3586
216.4084
216.4084
205.8147
205.8147
113.9892
113.9892
118.1067
103.2985
103.2985
162.2238
162.2238
106.8298
106.8298
110.4846
110.4846
113.4381
117.0762
120.0978
120.0978
116.3396
116.2867
116.2867
116.2510
6.7498
6.7498
99.8180
116.3715
108.4225
108.4225
100.5578
259.2517
259.2517
105.0216
105.0216
102.0461
110.4571
110.4571
112.3262
100.2656
100.2656
129.8945
113.4573
108.7659
108.7659
137.2874
137.2874
108.9231
108.9231
189.3856
189.3856
129.1043
107.1983
107.1983
110.9617
112.4579
238.5157
238.5157
318.6763
279.3680
279.3680
5.5351
5.5351
302.5810
19.5151
89.7461
244.2457
244.2457
66.4515
66.4515
21.0799
84.4324
30.1914
205.6638
205.6638
341.9264
243.9655
243.9655
22.3728
41.5687
41.5687
153.9852
28.9907
73.1099
53.4210
141.1896
141.1896
51.7922
28.7904
28.7904
51.9032
48.9579
57.4133
39.3159
67.0421
67.0421
35.2832
64.8378
178.6132
178.6132
34.5157
64.6632
62.1020
25.4186
303.7957
31.9404
326.6983
274.9307
255.6100
255.6100
97.7927
353.5809
19.7884
295.6899
322.3362
332.0644
232.1249
79.3203
297.5662
295.1138
92.9077
286.2237
305.2232
321.6843
321.6843
250.7219
250.7219
227.5773
227.5773
293.6884
293.6884
308.9954
310.5596
315.8659
298.5620
303.4374
303.4374
285.1698
231.7257
231.7257
276.9767
276.9767
276.9768
282.0758
203.8518
203.8518
262.5696
58.2555
58.2555
352.5774
352.5774
3.4719
237.5981
237.5981
357.4017
279.0373
279.0373
336.2075
13.5484
13.5484
5.9438
5.9438
302.5155
302.5155
19.8970
28.5904
28.5904
266.0772
58.5161
58.5161
356.3571
356.3571
4.9634
237.5023
237.5023
153.1341
153.1341
279.6217
337.0862
14.1796
14.1796
6.5345
6.5345
303.1345
303.1345
20.3391
28.9398
28.9398
262.4899
262.4899
258.1607
284.8613
284.8613
343.8554
53.8025
53.8025
98.6719
98.6719
31.3284
31.3284
241.3710
241.3710
79.4993
79.4993
202.7791
202.7791
309.7626
309.7626
4.7652
4.7652
104.2385
104.2385
55.7239
55.7239
327.2112
275.6256
275.6256
328.1852
328.1852
14.5005
14.5005
358.3656
358.3656
13.4566
22.9586
22.9586
346.3466
346.3466
7.3226
7.3226
354.4565
354.4565
16.1865
16.1865
19.9626
19.9626
16.1695
16.1695
154.2070
154.2070
79.4646
117.9143
121.0288
203.8824
82.4421
115.9880
215.9726
215.9726
14.0967
107.0152
341.3689
341.3689
141.2985
113.5592
180.3613
180.3613
246.6482
246.6482
61.8869
61.8869
201.3863
201.3863
9.1507
9.1507
172.9314
172.9314
251.5535
251.5535
264.3907
264.3907
128.3155
128.3155
136.6742
136.6742
190.5465
190.5465
77.8725
77.8725
352.9127
34.9504
34.9504
95.9180
95.9180
221.2200
221.2200
283.6478
24.0932
24.0932
59.1079
59.1079
304.3095
304.3095
208.8347
208.8347
124.2858
124.3143
313.4979
313.4979
294.0255
294.0255
155.7806
155.7806
136.1185
24.7750
24.7750
174.5361
174.5361
131.0069
131.0069
42.4229
337.9087
337.9087
140.2311
140.2358
140.2358
112.5806
107.1764
107.1764
21.0457
21.0457
127.3283
88.4358
119.3905
119.3905
98.1280
98.1280
116.5105
116.5105
106.4359
106.4359
140.2383
140.2383
122.9465
122.9465
103.8216
99.3576
127.2384
127.2384
98.0249
98.0249
116.7914
116.7914
106.8396
110.0569
110.0569
103.3734
103.3734
143.5640
143.5640
112.3655
112.3655
131.8157
131.8157
186.4573
186.4573
115.6899
115.6899
104.0388
104.0388
112.1790
112.1790
100.9045
100.9045
104.6314
104.6314
108.5030
108.5030
220.0544
220.0544
115.5207
97.3572
97.3572
106.4306
106.4306
98.1943
135.2025
135.2025
102.9088
102.9088
129.2015
85.6380
85.6380
111.8437
111.8763
107.0977
107.0977
125.8150
125.8150
109.4340
110.8535
113.7106
115.7497
115.7497
106.8638
106.8638
109.8007
109.8007
154.9434
154.9434
140.8067
140.8067
169.6594
125.1664
125.1664
144.3796
144.3796
126.3563
128.5669
128.5669
110.0023
110.0023
119.3561
119.3561
166.1384
166.1384
141.9964
185.0190
147.0393
147.0393
166.2211
166.2211
207.3752
207.3752
163.0934
162.8463
162.8463
151.7377
151.7377
160.8402
122.2326
122.2326
161.1849
161.1849
108.3630
108.3630
102.6778
102.6778
153.3164
109.4584
80.9117
96.2112
350.2166
347.5896
1.8040
92.5866
67.0627
86.9380
83.3710
94.8671
305.9311
312.6862
57.6209
86.1165
125.0121
338.6888
282.1541
282.8146
295.4358
214.0210
298.7614
269.3343
248.1500
193.5333
193.5333
21.0938
21.0938
267.5587
119.7821
64.8537
75.0220
22.4565
54.0159
26.2066
56.0761
20.5183
14.0513
324.9182
113.4985
78.8428
11.0306
55.4578
21.4676
66.4942
66.4942
86.1996
84.9942
10.1745
10.1745
55.7147
46.0387
62.5150
72.7234
