19.934
21.928
29.785
16.444
1.000
1.000
1.000
1.000
1.000
1.000
1.000
1.000
22.434
21.752
22.683
24.854
28.714
19.953
31.268
53.678
49.682
48.261
33.877
33.744
37.923
35.351
56.650
27.058
35.736
27.177
30.768
34.914
30.584
58.695
57.214
53.506
52.276
71.072
66.145
32.292
36.366
79.031
46.537
44.300
30.102
32.651
1.000
1.000
1.000
1.000
1.000
1.000
1.000
1.000
1.000
1.000
1.000
1.000
1.000
1.000
1.000
1.000
1.000
1.000
1.000
1.000
1.000
1.000
1.000
1.000
1.000
1.000
1.000
1.000
1.000
1.000
1.000
1.000
1.000
1.000
64.224
72.694
67.329
1.000
1.000
1.000
1.000
1.000
1.000
46.795
54.313
1.000
1.000
1.000
1.000
1.000
1.000
27.772
31.783
22.574
76.860
82.319
54.450
63.489
57.930
62.922
42.111
41.957
86.796
79.598
1.000
1.000
1.000
1.000
1.000
1.000
1.000
1.000
1.000
1.000
1.000
1.000
1.000
1.000
1.000
1.000
26.953
18.871
32.441
20.179
43.863
28.675
22.893
33.243
39.582
36.779
31.261
22.909
20.507
21.149
53.802
27.555
29.067
37.119
31.182
66.927
65.403
54.100
1.000
1.000
1.000
1.000
1.000
1.000
1.000
1.000
1.000
1.000
1.000
1.000
1.000
1.000
1.000
1.000
1.000
1.000
1.000
1.000
1.000
1.000
1.000
1.000
1.000
1.000
1.000
17.474
65.524
54.300
53.641
67.936
68.454
48.228
48.217
66.451
94.624
90.282
88.186
90.012
1.000
1.000
1.000
1.000
1.000
1.000
1.000
1.000
1.000
1.000
1.000
1.000
1.000
1.000
1.000
1.000
1.000
34.762
1.000
1.000
1.000
1.000
1.000
1.000
1.000
1.000
1.000
1.000
1.000
1.000
1.000
1.000
1.000
51.168
1.000
1.000
1.000
1.000
1.000
1.000
1.000
1.000
1.000
1.000
26.847
43.391
52.808
69.103
66.085
1.000
1.000
1.000
1.000
1.000
1.000
1.000
1.000
1.000
1.000
1.000
1.000
1.000
1.000
1.000
23.670
26.589
19.620
30.796
22.162
24.005
24.769
26.946
25.787
30.853
24.814
25.840
24.479
43.803
23.884
33.574
33.589
32.727
54.263
29.854
22.631
61.024
50.431
65.088
43.311
47.523
79.671
36.915
32.307
56.195
62.130
61.193
39.811
51.761
58.735
57.266
58.587
94.276
64.580
73.384
51.168
55.603
41.899
46.677
86.936
84.236
107.547
93.325
76.560
50.571
54.450
57.451
59.143
58.157
1.000
44.514
48.206
50.315
101.135
109.245
98.560
102.660
75.770
93.411
103.039
72.327
77.339
1.000
1.000
1.000
1.000
1.000
1.000
1.000
1.000
1.000
1.000
1.000
1.000
1.000
1.000
1.000
1.000
1.000
1.000
1.000
1.000
1.000
1.000
1.000
30.676
65.963
64.551
46.047
56.533
60.562
68.818
84.977
72.728
60.034
60.367
1.000
1.000
1.000
1.000
1.000
1.000
1.000
1.000
1.000
1.000
1.000
1.000
1.000
1.000
1.000
1.000
1.000
1.000
1.000
1.000
1.000
32.878
1.000
1.000
1.000
1.000
1.000
1.000
1.000
1.000
1.000
1.000
1.000
1.000
43.391
44.813
45.530
53.199
60.117
58.371
63.227
62.575
1.000
1.000
1.000
1.000
1.000
1.000
1.000
1.000
1.000
1.000
1.000
1.000
1.000
1.000
28.589
43.914
40.514
50.466
63.081
1.000
1.000
1.000
1.000
1.000
1.000
1.000
1.000
1.000
1.000
1.000
1.000
1.000
1.000
1.000
1.000
1.000
1.000
1.000
1.000
1.000
1.000
1.000
1.000
1.000
1.000
1.000
41.658
43.461
1.000
1.000
1.000
60.646
1.000
1.000
1.000
1.000
26.412
27.593
22.730
34.842
36.602
57.438
57.227
36.543
52.747
62.647
86.238
75.823
1.000
1.000
1.000
1.000
1.000
1.000
1.000
1.000
1.000
1.000
1.000
1.000
1.000
1.000
1.000
1.000
1.000
1.000
1.000
1.000
17.832
16.703
26.158
30.782
34.237
43.132
38.433
25.811
33.830
53.052
39.165
55.335
69.072
88.288
90.282
97.814
99.426
55.412
50.107
65.328
76.278
95.082
98.197
82.661
87.217
76.948
1.000
1.000
1.000
1.000
1.000
1.000
1.000
1.000
1.000
1.000
1.000
1.000
1.000
1.000
1.000
1.000
1.000
1.000
1.000
1.000
19.373
22.136
31.857
30.549
40.124
29.992
44.699
26.146
34.009
35.326
54.714
55.208
42.521
49.386
63.023
82.604
83.985
90.991
78.524
64.195
67.267
52.396
70.697
98.901
89.187
1.000
79.177
85.664
85.114
1.000
1.000
1.000
1.000
1.000
1.000
1.000
1.000
1.000
1.000
1.000
1.000
1.000
1.000
1.000
1.000
1.000
28.100
20.091
19.147
22.162
25.096
34.080
32.100
20.999
33.167
29.943
28.425
23.884
26.170
37.775
29.594
28.432
25.246
38.744
34.111
29.785
40.663
25.363
33.304
28.236
28.458
30.061
33.752
34.214
36.509
33.994
33.674
33.366
38.887
26.412
32.681
27.919
22.751
36.568
38.212
34.794
50.629
28.556
40.411
33.037
32.984
29.067
25.668
39.066
26.303
53.052
31.441
23.153
35.539
40.050
31.550
38.521
28.754
34.586
25.763
61.504
27.861
32.772
34.356
25.817
27.580
55.629
28.392
27.772
49.397
51.832
28.880
39.310
26.128
33.994
47.523
32.794
37.256
74.439
65.660
26.442
28.113
27.618
36.517
49.261
30.179
34.096
35.075
54.916
34.451
44.137
25.799
94.907
67.220
57.108
93.004
44.422
68.596
36.889
62.273
39.555
73.063
46.827
42.403
51.145
42.170
53.248
42.286
35.343
65.223
40.992
63.709
55.182
69.375
66.573
50.200
56.455
73.739
70.567
73.282
77.268
46.989
58.452
36.274
45.698
52.336
97.769
38.142
53.988
38.940
43.301
88.024
75.683
70.356
70.909
43.381
76.068
85.271
94.319
92.982
49.568
69.008
69.119
36.149
84.879
70.065
67.143
98.243
82.224
87.257
87.076
71.879
54.313
60.437
48.719
103.229
76.103
75.805
66.850
68.470
42.697
85.310
81.960
72.277
73.621
36.593
80.947
49.682
50.176
78.886
97.904
49.591
47.929
50.373
59.224
76.366
81.564
58.668
97.769
96.984
60.856
41.476
76.015
81.227
65.343
69.791
82.471
65.524
92.342
81.658
101.205
87.036
66.865
68.328
46.334
59.690
69.135
83.580
84.996
65.313
95.543
76.401
81.715
56.156
72.210
86.159
62.748
59.047
48.462
39.292
50.373
85.408
82.433
57.504
52.276
86.876
56.611
1.000
72.494
63.548
71.187
82.794
78.922
79.524
90.261
65.796
73.468
80.556
81.320
68.281
89.598
68.849
64.878
1.000
1.000
103.705
85.192
88.756
57.359
1.000
1.000
1.000
1.000
1.000
1.000
1.000
1.000
1.000
1.000
1.000
1.000
1.000
1.000
1.000
1.000
1.000
1.000
1.000
1.000
1.000
1.000
1.000
1.000
1.000
1.000
1.000
1.000
1.000
1.000
1.000
1.000
1.000
1.000
1.000
1.000
1.000
1.000
1.000
1.000
1.000
1.000
1.000
1.000
1.000
1.000
1.000
1.000
33.916
28.405
73.638
43.192
56.442
1.000
36.678
1.000
15.385
51.227
74.662
70.275
58.979
59.347
49.728
69.151
55.501
84.879
59.607
23.329
52.107
40.087
31.565
60.298
86.377
40.907
57.970
59.993
1.000
1.000
1.000
1.000
1.000
1.000
1.000
1.000
1.000
1.000
1.000
1.000
1.000
1.000
1.000
1.000
1.000
1.000
1.000
1.000
1.000
1.000
1.000
1.000
20.797
24.378
41.068
34.324
27.002
28.655
19.275
18.327
20.630
19.688
18.578
18.923
31.827
18.806
16.136
18.902
17.215
35.851
17.689
21.106
30.960
21.538
31.557
23.686
45.499
45.030
69.119
34.269
45.384
39.976
31.623
46.752
45.719
41.850
21.968
44.885
45.656
51.274
31.710
24.356
35.818
26.965
43.561
42.296
52.735
54.425
35.785
44.968
60.395
67.967
36.694
31.989
33.258
37.325
23.906
33.182
41.735
41.295
57.903
52.942
19.907
76.701
68.929
25.427
56.002
25.692
1.000
1.000
42.727
50.003
1.000
29.669
1.000
1.000
1.000
1.000
1.000
1.000
1.000
1.000
1.000
1.000
1.000
1.000
1.000
1.000
1.000
1.000
1.000
1.000
1.000
1.000
1.000
1.000
1.000
1.000
1.000
1.000
1.000
1.000
1.000
1.000
1.000
1.000
1.000
1.000
1.000
1.000
1.000
1.000
1.000
1.000
1.000
1.000
1.000
1.000
1.000
1.000
1.000
1.000
1.000
1.000
1.000
1.000
1.000
1.000
1.000
1.000
1.000
1.000
1.000
1.000
1.000
1.000
1.000
1.000
1.000
1.000
1.000
1.000
1.000
1.000
1.000
1.000
1.000
1.000
1.000
1.000
1.000
1.000
1.000
1.000
1.000
1.000
1.000
1.000
1.000
1.000
28.255
1.000
1.000
33.705
24.609
22.867
24.729
34.794
34.546
60.842
62.777
74.302
69.502
62.373
52.626
1.000
1.000
1.000
1.000
1.000
1.000
27.196
29.607
29.194
1.000
1.000
27.196
26.110
24.740
22.542
1.000
1.000
79.050
81.433
100.600
94.059
71.548
59.279
1.000
1.000
1.000
1.000
18.625
19.751
43.803
18.357
21.203
17.885
38.098
30.019
44.484
46.355
35.286
39.673
37.446
36.249
35.522
23.605
22.615
26.272
43.742
46.494
31.017
31.982
37.017
43.122
1.000
53.432
50.957
1.000
1.000
1.000
1.000
1.000
1.000
1.000
1.000
1.000
1.000
1.000
1.000
1.000
1.000
1.000
1.000
1.000
1.000
1.000
1.000
1.000
1.000
1.000
1.000
1.000
1.000
1.000
1.000
26.810
23.083
26.008
64.358
63.256
65.373
63.096
65.675
59.621
84.879
76.789
78.127
81.621
99.152
96.028
1.000
1.000
1.000
1.000
1.000
1.000
1.000
1.000
1.000
30.570
33.845
25.728
30.158
51.180
54.438
63.680
78.741
78.451
45.604
65.028
65.193
63.826
61.944
37.008
34.562
66.267
65.720
70.990
68.802
54.828
58.210
56.169
82.376
80.168
57.690
60.076
46.979
47.381
1.000
1.000
1.000
1.000
1.000
1.000
1.000
1.000
1.000
1.000
1.000
1.000
1.000
1.000
1.000
1.000
1.000
1.000
1.000
1.000
1.000
1.000
1.000
1.000
1.000
1.000
1.000
1.000
1.000
1.000
1.000
1.000
1.000
1.000
23.297
36.949
35.083
89.310
89.084
75.509
82.509
73.316
79.689
79.469
76.648
87.096
87.720
101.836
100.069
90.427
82.054
1.000
1.000
1.000
1.000
1.000
1.000
1.000
1.000
1.000
1.000
1.000
1.000
1.000
1.000
1.000
1.000
1.000
1.000
1.000
39.728
42.845
25.055
25.200
43.813
46.677
39.201
40.560
26.230
31.333
38.397
45.835
45.941
40.992
38.967
68.580
54.200
63.431
45.071
52.155
49.386
52.180
46.302
42.697
40.300
64.953
54.765
52.966
45.071
48.184
41.115
61.773
45.248
44.823
51.618
64.521
66.252
61.122
72.394
68.754
1.000
1.000
1.000
1.000
1.000
1.000
1.000
1.000
1.000
1.000
1.000
1.000
1.000
1.000
1.000
1.000
1.000
1.000
1.000
1.000
1.000
1.000
1.000
1.000
1.000
1.000
1.000
1.000
1.000
1.000
1.000
1.000
1.000
1.000
1.000
30.875
37.034
25.787
21.943
39.246
42.160
27.121
32.674
39.829
43.823
37.437
38.806
42.511
69.904
52.216
57.783
43.082
57.517
45.415
51.440
56.572
38.672
44.300
67.189
46.892
47.163
34.033
40.616
41.495
64.077
48.798
62.878
78.832
80.039
1.000
1.000
1.000
1.000
1.000
1.000
1.000
1.000
1.000
1.000
1.000
1.000
1.000
1.000
1.000
1.000
1.000
1.000
1.000
1.000
1.000
1.000
1.000
1.000
1.000
1.000
1.000
1.000
1.000
1.000
1.000
1.000
1.000
1.000
1.000
49.785
51.904
1.000
1.000
1.000
53.003
1.000
70.599
1.000
1.000
1.000
1.000
65.630
1.000
1.000
1.000
1.000
1.000
1.000
1.000
1.000
1.000
1.000
1.000
1.000
36.745
41.677
64.565
66.237
1.000
1.000
1.000
1.000
1.000
59.470
68.265
1.000
1.000
1.000
30.047
33.612
40.888
40.448
38.646
61.546
58.452
49.386
48.328
51.630
53.407
56.468
47.490
47.896
65.705
67.422
72.260
77.073
1.000
1.000
1.000
1.000
1.000
1.000
1.000
1.000
1.000
1.000
1.000
1.000
1.000
1.000
1.000
22.620
28.556
28.840
44.494
58.452
61.475
47.555
47.830
44.514
53.248
55.744
55.552
1.000
1.000
75.509
72.678
1.000
1.000
1.000
1.000
1.000
1.000
1.000
1.000
1.000
1.000
1.000
1.000
1.000
1.000
1.000
1.000
1.000
1.000
1.000
27.271
43.351
37.454
43.944
30.549
33.335
43.311
43.142
34.072
41.629
33.289
51.274
53.678
44.875
54.765
48.062
48.831
56.040
65.993
59.061
59.156
60.590
41.068
47.852
63.358
58.023
61.475
33.908
39.428
56.364
50.945
69.486
58.762
1.000
1.000
87.680
88.838
1.000
1.000
1.000
1.000
1.000
1.000
1.000
1.000
1.000
1.000
1.000
1.000
1.000
1.000
1.000
1.000
1.000
1.000
1.000
19.971
23.030
36.551
43.752
23.410
25.270
53.248
56.676
33.682
36.358
51.535
56.715
56.977
58.331
42.452
58.251
65.373
59.498
70.016
74.490
75.059
45.363
55.081
65.449
50.652
60.632
53.064
52.060
63.256
52.857
64.819
56.872
60.270
51.098
49.545
61.745
61.376
61.165
63.724
1.000
1.000
1.000
1.000
1.000
1.000
1.000
1.000
1.000
1.000
1.000
1.000
1.000
1.000
1.000
1.000
1.000
1.000
1.000
1.000
1.000
1.000
1.000
1.000
1.000
39.912
29.806
16.319
52.288
32.092
33.098
32.742
58.681
33.783
20.399
19.638
35.653
36.661
22.259
26.188
42.403
26.134
28.022
78.307
61.291
45.154
53.420
57.703
45.656
44.782
61.461
38.028
45.102
51.964
55.322
52.954
53.407
39.102
55.976
63.154
55.310
64.536
77.126
74.748
43.092
55.526
64.968
59.320
61.249
44.340
41.870
40.644
69.151
79.086
66.313
63.606
59.375
56.520
1.000
1.000
1.000
1.000
1.000
1.000
52.869
56.663
1.000
1.000
1.000
1.000
1.000
1.000
1.000
1.000
1.000
1.000
1.000
1.000
1.000
1.000
1.000
1.000
1.000
1.000
1.000
1.000
1.000
1.000
1.000
1.000
1.000
1.000
1.000
1.000
1.000
1.000
1.000
1.000
1.000
1.000
1.000
1.000
1.000
1.000
1.000
1.000
1.000
1.000
1.000
1.000
1.000
1.000
1.000
1.000
1.000
1.000
1.000
52.445
60.270
67.983
67.686
73.655
65.660
72.127
64.699
78.650
52.288
62.058
1.000
1.000
1.000
1.000
1.000
1.000
1.000
1.000
1.000
1.000
1.000
18.617
19.911
23.550
26.971
38.753
46.047
39.967
43.421
35.465
54.175
53.976
37.497
40.654
26.595
27.189
52.432
52.541
34.762
39.237
67.282
72.510
50.327
63.636
65.584
68.675
76.542
69.791
72.277
76.173
56.702
57.491
73.131
74.439
90.824
94.929
66.958
73.739
77.929
64.565
38.107
48.798
77.804
75.910
76.366
45.248
52.820
73.316
79.141
1.000
1.000
68.218
66.344
69.920
65.073
1.000
62.994
75.858
55.233
64.165
1.000
1.000
1.000
1.000
1.000
1.000
1.000
1.000
1.000
1.000
1.000
1.000
1.000
1.000
1.000
1.000
1.000
1.000
1.000
1.000
1.000
1.000
1.000
1.000
1.000
1.000
1.000
1.000
1.000
1.000
1.000
1.000
1.000
1.000
1.000
1.000
1.000
1.000
1.000
1.000
1.000
1.000
1.000
1.000
1.000
1.000
1.000
1.000
1.000
54.363
20.128
22.872
40.225
39.264
35.083
44.864
31.463
43.471
39.802
63.665
75.596
55.963
55.963
25.734
25.427
42.131
39.048
60.772
74.869
60.660
53.407
62.893
44.895
52.348
46.334
43.682
56.014
73.434
65.675
55.847
52.083
68.030
73.824
39.921
54.275
69.279
71.713
60.758
46.291
52.626
62.676
64.417
1.000
1.000
1.000
1.000
1.000
1.000
1.000
1.000
1.000
1.000
1.000
1.000
1.000
1.000
1.000
1.000
1.000
1.000
1.000
1.000
1.000
1.000
1.000
1.000
1.000
1.000
1.000
1.000
1.000
1.000
1.000
1.000
1.000
1.000
1.000
1.000
1.000
1.000
1.000
1.000
1.000
1.000
1.000
1.000
1.000
1.000
1.000
1.000
1.000
1.000
1.000
1.000
23.243
26.940
51.582
61.759
67.764
86.956
83.176
74.302
80.464
52.167
58.492
106.047
97.140
1.000
1.000
1.000
1.000
1.000
1.000
1.000
1.000
1.000
1.000
1.000
1.000
25.183
35.278
35.563
32.419
27.669
25.592
24.238
31.842
28.887
32.847
30.535
33.014
29.013
31.827
37.008
28.874
28.458
53.939
40.973
69.566
51.168
59.649
52.881
55.195
58.143
49.556
55.119
61.052
50.443
57.108
61.887
72.494
55.106
36.383
57.372
62.130
72.929
72.427
64.165
72.795
1.000
1.000
1.000
1.000
1.000
1.000
1.000
1.000
1.000
1.000
1.000
1.000
1.000
1.000
1.000
1.000
1.000
1.000
1.000
1.000
1.000
1.000
1.000
1.000
1.000
1.000
1.000
1.000
1.000
1.000
1.000
1.000
1.000
1.000
1.000
1.000
1.000
24.883
23.944
44.453
39.829
31.879
35.465
73.858
95.280
92.662
58.425
68.108
60.968
69.968
65.963
67.035
1.000
1.000
1.000
1.000
1.000
1.000
1.000
1.000
1.000
1.000
1.000
1.000
1.000
1.000
1.000
1.000
1.000
1.000
1.000
1.000
1.000
1.000
46.132
43.944
1.000
1.000
1.000
1.000
1.000
1.000
1.000
1.000
1.000
31.623
32.554
45.134
51.381
62.402
67.795
69.615
70.795
61.263
73.215
56.872
60.604
1.000
1.000
1.000
1.000
1.000
1.000
1.000
1.000
59.649
58.939
52.966
63.548
61.773
79.598
66.773
78.959
64.343
67.905
1.000
1.000
1.000
1.000
1.000
1.000
1.000
45.102
54.702
36.957
40.532
63.285
68.707
54.563
81.264
80.002
84.275
60.660
92.470
1.000
1.000
1.000
1.000
1.000
1.000
22.830
29.080
18.967
25.539
18.493
38.654
20.531
20.893
27.002
27.108
34.269
23.094
24.038
29.717
31.239
21.115
22.449
27.778
27.114
76.120
21.057
25.924
24.434
57.359
63.358
71.089
45.290
46.036
63.416
66.927
57.624
46.121
51.310
21.267
26.260
83.657
86.956
46.452
51.606
72.594
73.097
47.599
38.107
39.283
40.216
70.778
70.113
54.001
61.873
57.850
52.420
58.224
86.298
60.842
62.201
58.614
1.000
1.000
1.000
1.000
1.000
1.000
1.000
1.000
1.000
1.000
88.654
92.151
1.000
1.000
1.000
1.000
1.000
1.000
1.000
1.000
1.000
1.000
1.000
1.000
1.000
1.000
1.000
1.000
1.000
1.000
1.000
1.000
1.000
1.000
1.000
1.000
1.000
1.000
1.000
1.000
1.000
1.000
1.000
1.000
1.000
1.000
1.000
1.000
1.000
1.000
1.000
1.000
1.000
1.000
1.000
1.000
1.000
1.000
1.000
1.000
1.000
1.000
1.000
1.000
1.000
63.592
60.451
1.000
1.000
1.000
25.787
44.627
56.040
62.488
39.774
35.992
29.020
40.926
46.946
44.157
59.252
67.158
58.898
37.584
43.833
52.180
64.003
65.433
66.237
64.224
71.105
58.023
56.092
76.507
75.076
77.804
56.663
53.802
63.753
91.854
94.820
71.351
80.390
70.388
61.263
72.028
53.901
62.330
60.828
72.210
70.275
74.353
71.367
80.686
78.343
67.391
73.013
76.825
60.007
71.829
91.348
86.736
1.000
1.000
1.000
90.199
89.578
1.000
1.000
1.000
1.000
1.000
1.000
1.000
1.000
1.000
1.000
1.000
1.000
1.000
1.000
1.000
1.000
1.000
1.000
1.000
1.000
1.000
1.000
1.000
1.000
1.000
1.000
1.000
1.000
1.000
1.000
1.000
1.000
1.000
1.000
35.205
22.254
23.605
22.574
24.826
23.169
46.121
61.631
64.878
77.090
67.811
67.983
70.925
68.077
91.201
74.542
73.148
67.143
62.345
77.268
81.733
67.577
65.948
71.928
74.165
50.130
62.806
66.451
69.119
78.127
1.000
1.000
69.871
1.000
1.000
1.000
1.000
1.000
1.000
1.000
1.000
1.000
1.000
1.000
1.000
1.000
1.000
1.000
1.000
1.000
1.000
1.000
1.000
1.000
1.000
1.000
1.000
1.000
1.000
1.000
1.000
1.000
1.000
1.000
1.000
1.000
39.165
32.757
26.749
52.918
39.820
57.717
61.348
38.353
24.831
43.122
37.377
29.594
24.677
41.039
86.796
73.892
79.983
19.196
41.352
49.079
25.015
29.765
18.823
34.938
33.358
74.046
71.236
42.102
44.999
18.845
71.466
83.927
85.114
86.517
75.041
98.062
68.738
87.016
85.133
91.664
83.464
88.064
77.393
70.129
73.418
50.582
82.794
93.605
86.377
77.911
57.677
68.344
67.019
62.259
44.947
44.679
74.989
69.920
61.759
58.641
78.850
82.947
45.888
50.933
72.828
79.653
83.734
82.471
69.711
72.111
55.834
64.239
81.903
84.840
50.257
55.808
83.869
85.783
71.236
73.756
83.272
89.536
63.841
62.373
79.141
81.433
111.866
107.969
87.963
87.498
90.928
1.000
1.000
1.000
1.000
1.000
1.000
1.000
1.000
1.000
1.000
1.000
1.000
1.000
1.000
1.000
1.000
1.000
1.000
1.000
1.000
1.000
1.000
1.000
1.000
19.893
23.057
22.372
22.930
20.701
25.038
25.229
33.075
50.003
52.954
37.060
34.151
48.989
47.566
43.954
51.904
32.159
35.027
26.773
27.517
73.706
54.576
38.744
43.251
39.003
48.250
49.614
29.221
35.278
48.562
50.559
38.080
37.119
37.196
54.815
68.691
76.120
54.802
71.532
78.632
86.896
82.149
80.872
74.628
67.811
71.220
81.377
60.744
67.686
74.336
77.411
68.486
75.336
77.929
70.892
67.375
72.879
54.526
53.469
65.720
62.820
62.676
69.952
80.482
69.968
55.132
57.438
85.389
64.358
61.560
65.178
61.320
56.377
61.944
86.537
64.032
66.283
64.536
65.103
69.375
75.701
89.310
64.521
67.313
75.440
84.801
80.408
78.632
86.996
88.450
76.913
1.000
1.000
1.000
1.000
1.000
1.000
1.000
1.000
1.000
1.000
1.000
1.000
1.000
1.000
1.000
1.000
28.451
28.262
46.968
46.291
51.713
54.941
54.891
62.187
63.885
58.844
1.000
1.000
1.000
1.000
1.000
1.000
1.000
1.000
1.000
1.000
1.000
1.000
1.000
1.000
1.000
1.000
1.000
1.000
1.000
1.000
42.521
39.875
67.655
71.187
71.945
82.851
71.631
78.705
58.264
66.619
63.812
62.259
70.860
78.632
78.361
1.000
1.000
1.000
1.000
1.000
1.000
1.000
1.000
1.000
1.000
1.000
77.911
84.411
1.000
1.000
45.009
57.584
73.013
77.232
67.205
75.318
98.197
97.297
63.402
69.599
1.000
1.000
1.000
1.000
1.000
1.000
1.000
1.000
1.000
1.000
1.000
19.702
76.225
64.908
70.194
89.764
90.698
91.918
88.247
70.664
78.904
79.799
80.742
1.000
1.000
1.000
1.000
1.000
1.000
25.316
18.399
35.629
34.411
34.459
35.801
32.151
34.419
29.724
30.634
22.537
36.124
26.872
34.554
31.769
43.944
24.356
23.801
40.253
42.570
23.648
30.542
31.031
21.326
41.812
40.161
37.749
42.875
35.851
40.411
40.318
47.940
66.696
68.881
25.545
50.536
26.309
27.855
31.908
56.520
42.063
57.531
37.111
36.804
42.150
46.914
63.562
72.929
56.468
57.478
58.722
32.441
65.464
74.199
43.712
50.652
73.249
76.243
58.331
60.367
46.249
47.185
51.820
32.226
44.710
48.753
37.853
42.228
91.012
84.957
1.000
1.000
1.000
1.000
1.000
1.000
1.000
1.000
1.000
1.000
1.000
1.000
1.000
1.000
1.000
1.000
1.000
1.000
1.000
1.000
1.000
1.000
1.000
1.000
1.000
1.000
1.000
1.000
1.000
1.000
1.000
1.000
1.000
1.000
1.000
1.000
1.000
1.000
1.000
1.000
1.000
1.000
1.000
1.000
39.701
37.308
41.096
32.307
25.615
30.882
50.992
33.212
31.412
26.382
28.327
37.034
33.736
71.680
39.509
40.701
38.940
31.945
32.174
68.046
38.495
47.577
44.167
47.863
51.773
45.730
46.419
54.450
59.498
67.624
75.232
54.150
50.933
62.503
66.635
77.268
78.307
73.995
76.560
64.923
73.164
63.299
65.088
54.100
64.047
80.371
74.662
68.754
75.041
72.044
85.408
40.170
52.216
53.617
78.487
81.621
58.439
66.161
71.697
76.789
50.478
57.056
62.604
65.751
69.518
1.000
1.000
1.000
1.000
1.000
1.000
1.000
1.000
1.000
1.000
1.000
1.000
1.000
1.000
1.000
1.000
1.000
1.000
1.000
1.000
1.000
1.000
1.000
1.000
1.000
1.000
1.000
1.000
1.000
1.000
1.000
1.000
1.000
1.000
1.000
1.000
1.000
1.000
1.000
1.000
1.000
1.000
1.000
1.000
1.000
1.000
1.000
1.000
1.000
1.000
1.000
64.744
51.844
46.153
51.808
36.383
1.000
1.000
1.000
1.000
1.000
1.000
1.000
1.000
1.000
1.000
1.000
1.000
1.000
30.402
72.778
80.427
76.701
81.040
94.558
104.954
64.521
62.130
1.000
1.000
1.000
1.000
1.000
1.000
1.000
1.000
1.000
1.000
1.000
1.000
1.000
24.249
24.575
58.708
57.717
42.904
41.410
65.163
67.671
53.223
60.940
45.846
64.091
83.985
73.434
70.178
75.980
78.199
1.000
1.000
1.000
1.000
1.000
1.000
1.000
1.000
1.000
1.000
1.000
1.000
21.647
33.489
34.324
50.142
49.420
58.063
65.826
55.271
62.633
66.451
72.494
69.470
72.294
73.978
1.000
1.000
1.000
1.000
1.000
1.000
1.000
1.000
1.000
1.000
1.000
66.466
39.774
50.582
1.000
1.000
1.000
1.000
1.000
1.000
69.359
1.000
1.000
1.000
1.000
1.000
85.369
46.313
56.002
66.451
79.214
1.000
1.000
1.000
1.000
1.000
1.000
1.000
1.000
1.000
1.000
23.774
15.831
29.242
35.473
26.098
25.930
41.362
39.912
36.864
41.343
45.740
74.542
78.037
69.183
73.689
47.764
50.119
1.000
1.000
1.000
1.000
1.000
1.000
1.000
1.000
1.000
1.000
1.000
1.000
1.000
1.000
1.000
37.334
29.161
66.405
61.688
64.180
1.000
1.000
1.000
1.000
1.000
1.000
1.000
1.000
1.000
1.000
1.000
1.000
1.000
1.000
1.000
1.000
1.000
1.000
58.492
62.791
73.316
80.835
1.000
1.000
1.000
1.000
54.325
58.830
60.409
72.177
1.000
1.000
1.000
1.000
1.000
1.000
1.000
1.000
20.568
29.771
26.104
44.432
51.393
39.428
40.907
37.188
38.548
50.617
59.115
84.977
69.247
73.909
82.509
64.417
66.804
1.000
1.000
1.000
1.000
1.000
1.000
1.000
1.000
1.000
1.000
1.000
1.000
1.000
1.000
1.000
1.000
49.079
51.713
55.386
77.875
1.000
1.000
1.000
1.000
1.000
1.000
1.000
1.000
1.000
1.000
1.000
17.045
32.114
31.982
37.923
42.806
48.384
50.292
50.084
50.699
43.172
56.325
71.812
63.096
63.460
67.329
61.973
1.000
1.000
1.000
1.000
1.000
1.000
1.000
1.000
1.000
1.000
1.000
1.000
1.000
1.000
25.663
23.966
32.674
32.870
44.699
41.371
40.225
40.486
57.306
49.648
71.138
76.103
62.820
56.105
69.759
72.996
1.000
1.000
1.000
1.000
1.000
1.000
1.000
1.000
1.000
1.000
1.000
1.000
49.820
38.940
75.544
68.754
64.077
49.147
70.795
68.344
68.723
63.081
86.258
87.076
1.000
1.000
1.000
1.000
1.000
1.000
1.000
1.000
1.000
1.000
1.000
37.128
75.666
65.253
79.671
87.599
77.518
78.217
73.672
73.502
55.514
72.194
70.469
88.389
84.450
87.357
81.040
71.862
72.061
1.000
1.000
1.000
1.000
1.000
1.000
1.000
1.000
1.000
1.000
1.000
1.000
1.000
29.013
27.435
33.690
45.051
33.159
35.514
66.711
92.897
90.511
64.136
67.267
91.580
70.469
73.909
53.101
61.306
74.114
71.763
79.561
59.745
1.000
1.000
1.000
1.000
1.000
1.000
1.000
1.000
1.000
1.000
1.000
1.000
1.000
1.000
1.000
1.000
1.000
1.000
1.000
1.000
1.000
1.000
1.000
1.000
1.000
1.000
1.000
1.000
54.702
54.063
50.327
50.769
58.210
62.994
50.142
65.328
61.844
67.671
83.464
69.727
70.065
1.000
1.000
1.000
1.000
1.000
1.000
1.000
1.000
1.000
1.000
1.000
1.000
1.000
28.093
35.637
35.859
49.705
73.655
59.525
64.789
66.927
51.369
54.450
1.000
1.000
1.000
1.000
1.000
1.000
1.000
1.000
1.000
1.000
1.000
1.000
1.000
1.000
37.102
34.786
53.567
62.044
66.896
68.454
75.910
74.080
77.535
1.000
1.000
1.000
1.000
1.000
1.000
1.000
1.000
1.000
1.000
1.000
48.473
49.147
73.706
84.004
74.593
1.000
1.000
1.000
1.000
1.000
1.000
1.000
1.000
1.000
1.000
1.000
19.033
17.183
24.216
38.115
21.553
25.061
32.832
26.644
28.820
21.672
20.907
22.930
23.961
31.175
34.041
40.448
31.031
68.897
42.678
46.047
47.185
47.044
48.184
28.847
29.532
28.635
32.961
37.256
49.159
55.030
45.373
47.512
31.139
35.124
48.117
57.650
72.795
73.350
60.856
43.662
65.433
70.129
45.761
53.839
38.628
51.844
45.941
39.310
42.550
54.200
32.636
44.937
1.000
1.000
1.000
1.000
1.000
1.000
1.000
1.000
1.000
1.000
1.000
1.000
1.000
1.000
1.000
1.000
1.000
1.000
1.000
1.000
1.000
1.000
1.000
1.000
1.000
1.000
1.000
1.000
1.000
1.000
1.000
1.000
1.000
1.000
1.000
1.000
1.000
1.000
1.000
1.000
1.000
1.000
1.000
1.000
1.000
1.000
1.000
29.546
36.652
52.590
31.470
43.132
39.728
38.601
40.346
35.481
46.687
29.060
28.728
40.114
53.939
55.834
57.756
53.199
52.324
55.246
60.339
49.023
52.228
48.978
61.165
61.518
1.000
1.000
1.000
1.000
1.000
1.000
1.000
29.765
29.404
35.925
40.917
45.269
53.003
52.048
50.327
53.654
73.316
79.763
63.504
70.404
62.503
65.872
1.000
1.000
1.000
1.000
1.000
1.000
1.000
1.000
1.000
1.000
1.000
67.360
24.860
27.848
25.293
27.887
33.281
31.485
28.834
35.043
27.202
28.445
33.373
32.434
66.390
61.447
68.565
74.559
41.276
52.228
42.170
62.001
52.228
59.183
52.192
60.744
44.617
56.533
62.230
44.586
47.654
55.450
60.534
71.400
60.660
69.470
50.687
53.395
54.815
63.650
88.145
74.903
58.681
63.198
61.560
65.268
51.511
69.759
67.097
49.694
51.940
70.860
75.197
74.869
79.013
56.403
60.996
59.704
48.899
48.967
49.136
54.001
69.359
1.000
1.000
1.000
1.000
1.000
1.000
1.000
1.000
1.000
1.000
1.000
1.000
1.000
1.000
1.000
1.000
1.000
1.000
1.000
1.000
1.000
1.000
1.000
1.000
1.000
1.000
1.000
1.000
1.000
1.000
1.000
54.001
56.990
52.408
61.235
72.011
1.000
1.000
1.000
1.000
1.000
1.000
1.000
1.000
1.000
1.000
1.000
1.000
1.000
1.000
1.000
1.000
1.000
1.000
1.000
1.000
1.000
1.000
1.000
1.000
1.000
1.000
22.835
35.335
36.754
33.558
34.009
30.353
31.739
29.607
65.343
21.568
44.320
67.515
73.316
70.697
41.153
64.923
36.333
41.400
44.885
48.428
55.873
70.388
67.639
47.577
1.000
1.000
1.000
1.000
1.000
1.000
1.000
1.000
1.000
1.000
1.000
1.000
1.000
1.000
1.000
1.000
1.000
1.000
1.000
1.000
1.000
1.000
1.000
1.000
1.000
1.000
1.000
1.000
1.000
1.000
1.000
1.000
1.000
1.000
1.000
53.777
28.589
28.373
28.847
40.068
43.692
46.452
57.003
40.607
47.643
44.208
47.195
47.951
69.151
64.953
73.841
79.415
68.834
76.825
58.966
62.030
1.000
1.000
1.000
1.000
1.000
1.000
1.000
1.000
1.000
1.000
1.000
1.000
1.000
1.000
1.000
1.000
45.196
56.092
57.557
54.363
61.759
50.945
54.188
68.155
70.000
1.000
1.000
1.000
1.000
1.000
1.000
1.000
1.000
1.000
1.000
1.000
1.000
1.000
1.000
1.000
1.000
1.000
43.924
43.924
45.311
58.184
58.479
58.371
59.143
64.491
66.988
68.549
69.679
48.955
57.504
47.098
64.551
65.978
64.983
66.344
61.348
59.320
1.000
1.000
1.000
1.000
1.000
1.000
1.000
1.000
1.000
1.000
1.000
1.000
1.000
1.000
1.000
1.000
1.000
62.460
59.047
54.979
60.702
67.671
1.000
1.000
1.000
1.000
1.000
1.000
1.000
1.000
1.000
1.000
1.000
1.000
1.000
1.000
60.576
68.517
70.583
71.697
79.653
86.576
65.479
80.112
62.431
1.000
1.000
1.000
1.000
1.000
1.000
17.853
23.265
38.424
26.915
35.498
43.491
32.233
36.932
35.465
37.558
34.380
39.021
55.208
45.635
62.058
63.753
92.321
93.864
68.612
88.614
75.440
54.891
68.565
65.842
56.533
53.716
57.438
55.297
75.041
77.589
57.412
67.453
77.446
85.408
110.357
87.418
84.450
91.180
61.731
64.165
65.253
80.131
76.754
70.550
60.311
67.764
84.781
86.040
73.468
65.569
65.690
66.527
62.951
77.678
78.959
83.599
50.687
74.234
80.761
85.310
88.085
83.023
98.628
100.600
56.247
60.256
84.295
88.593
1.000
1.000
98.039
91.348
64.968
63.475
1.000
1.000
1.000
1.000
1.000
1.000
1.000
1.000
1.000
1.000
1.000
1.000
1.000
1.000
1.000
1.000
1.000
1.000
1.000
1.000
1.000
1.000
1.000
1.000
1.000
1.000
1.000
1.000
1.000
21.652
23.292
26.626
17.450
23.426
25.345
45.415
30.346
28.190
29.451
31.096
32.999
34.245
34.762
32.004
32.847
37.394
25.912
29.601
29.201
39.201
52.095
25.050
30.768
24.632
26.394
25.217
24.780
27.033
27.146
31.813
31.725
54.765
43.431
61.433
69.151
35.826
43.682
43.281
53.272
47.610
56.455
56.066
56.585
59.869
63.227
57.478
45.793
68.360
50.559
51.904
70.795
63.227
41.200
46.677
63.988
63.241
40.096
66.390
60.395
61.348
57.770
68.486
74.903
63.139
72.111
58.790
61.702
67.282
68.454
67.920
66.881
57.717
69.920
66.420
63.548
28.477
64.670
64.789
1.000
55.488
55.297
57.306
78.759
80.149
36.058
69.088
71.697
1.000
1.000
1.000
1.000
1.000
1.000
1.000
1.000
1.000
1.000
1.000
1.000
1.000
1.000
1.000
1.000
1.000
1.000
1.000
1.000
1.000
1.000
1.000
1.000
1.000
1.000
1.000
1.000
1.000
1.000
1.000
1.000
1.000
1.000
1.000
1.000
1.000
1.000
1.000
1.000
1.000
1.000
1.000
1.000
1.000
1.000
1.000
1.000
1.000
1.000
1.000
1.000
1.000
1.000
1.000
1.000
1.000
1.000
25.996
1.000
1.000
1.000
1.000
1.000
1.000
1.000
1.000
1.000
1.000
1.000
65.933
31.499
1.000
1.000
1.000
1.000
1.000
1.000
1.000
1.000
56.637
61.844
68.093
73.451
1.000
1.000
1.000
1.000
1.000
1.000
1.000
1.000
1.000
1.000
1.000
1.000
1.000
1.000
1.000
1.000
1.000
33.947
71.631
68.691
86.199
86.896
1.000
1.000
1.000
1.000
1.000
1.000
1.000
1.000
1.000
1.000
1.000
1.000
1.000
1.000
1.000
36.299
32.915
66.834
65.193
1.000
1.000
1.000
1.000
1.000
1.000
1.000
1.000
1.000
1.000
1.000
1.000
1.000
1.000
1.000
1.000
1.000
1.000
1.000
26.345
27.171
32.070
30.542
49.283
51.345
64.551
48.585
52.119
53.040
57.346
82.092
106.243
100.115
56.637
1.000
1.000
1.000
1.000
1.000
1.000
1.000
1.000
1.000
1.000
1.000
1.000
1.000
1.000
1.000
1.000
1.000
1.000
1.000
1.000
1.000
1.000
1.000
1.000
1.000
1.000
1.000
1.000
1.000
39.446
35.506
40.804
41.620
79.910
75.232
84.918
78.904
1.000
1.000
1.000
1.000
1.000
1.000
1.000
1.000
1.000
1.000
1.000
1.000
1.000
1.000
1.000
1.000
1.000
1.000
39.012
41.995
35.777
36.308
43.281
63.782
65.343
74.405
66.390
82.205
55.208
68.454
60.395
61.844
96.450
91.117
82.966
74.696
1.000
1.000
1.000
1.000
1.000
1.000
1.000
1.000
1.000
1.000
1.000
1.000
1.000
1.000
1.000
1.000
1.000
1.000
1.000
1.000
1.000
1.000
1.000
1.000
1.000
1.000
1.000
25.159
27.498
29.607
30.402
23.318
26.693
65.857
39.500
38.291
41.115
31.282
35.942
46.473
46.860
64.032
68.659
33.136
38.353
1.000
1.000
1.000
1.000
1.000
1.000
1.000
1.000
1.000
1.000
1.000
1.000
1.000
1.000
1.000
1.000
1.000
1.000
1.000
1.000
1.000
1.000
1.000
1.000
1.000
1.000
1.000
1.000
1.000
1.000
1.000
1.000
1.000
1.000
1.000
1.000
1.000
1.000
1.000
21.449
31.637
30.283
25.604
41.276
47.065
45.772
63.270
34.182
56.925
62.777
49.306
90.365
27.121
53.654
48.607
30.472
35.793
51.535
52.930
62.302
69.743
60.159
29.268
42.589
59.061
56.598
72.728
36.291
42.589
43.172
75.980
83.714
49.923
45.154
89.023
67.920
62.676
55.911
28.728
91.306
94.167
49.934
48.440
65.373
58.050
60.674
45.258
66.009
45.175
71.056
68.360
33.698
34.300
35.867
60.242
59.635
50.804
54.866
58.023
70.372
66.390
75.980
54.979
81.564
88.186
71.730
86.119
87.619
70.795
83.599
87.337
69.502
61.716
94.580
67.499
62.201
81.546
78.596
81.489
85.625
85.192
78.361
79.579
95.082
91.833
88.818
81.040
82.890
85.035
58.641
91.306
91.411
73.249
78.922
72.795
61.277
61.010
74.097
78.686
65.464
68.061
79.378
96.805
71.203
87.116
90.157
67.329
74.199
54.350
64.670
56.741
58.076
69.215
90.427
69.327
68.234
65.433
65.449
70.958
1.000
1.000
1.000
1.000
1.000
69.470
67.158
70.664
75.945
1.000
1.000
1.000
1.000
1.000
1.000
75.318
46.387
46.206
1.000
1.000
1.000
1.000
1.000
1.000
1.000
1.000
1.000
1.000
1.000
1.000
1.000
1.000
1.000
1.000
1.000
1.000
1.000
1.000
1.000
1.000
1.000
1.000
1.000
1.000
1.000
1.000
1.000
1.000
1.000
1.000
1.000
1.000
1.000
1.000
1.000
1.000
1.000
1.000
1.000
1.000
1.000
1.000
1.000
1.000
1.000
1.000
1.000
1.000
1.000
1.000
1.000
1.000
1.000
1.000
1.000
1.000
1.000
1.000
1.000
1.000
1.000
1.000
1.000
1.000
1.000
1.000
1.000
1.000
1.000
1.000
1.000
1.000
1.000
1.000
1.000
1.000
1.000
1.000
1.000
1.000
1.000
1.000
1.000
1.000
1.000
1.000
1.000
1.000
1.000
1.000
1.000
1.000
26.829
76.243
46.849
42.403
66.267
67.282
48.798
48.073
54.866
73.995
73.030
88.389
1.000
1.000
1.000
1.000
1.000
1.000
1.000
1.000
1.000
1.000
1.000
1.000
1.000
1.000
1.000
1.000
49.238
63.504
72.444
1.000
1.000
1.000
1.000
1.000
1.000
1.000
1.000
1.000
1.000
62.345
72.744
74.731
75.648
1.000
1.000
1.000
1.000
1.000
73.621
68.786
1.000
1.000
1.000
1.000
1.000
1.000
1.000
1.000
1.000
1.000
1.000
1.000
1.000
1.000
1.000
1.000
1.000
1.000
1.000
1.000
1.000
1.000
1.000
1.000
1.000
1.000
1.000
1.000
53.150
51.535
1.000
1.000
1.000
1.000
50.711
57.201
59.388
57.570
1.000
1.000
1.000
1.000
28.203
24.769
61.589
53.346
58.708
76.701
73.756
57.637
55.322
68.786
77.232
45.551
49.785
50.478
56.728
38.353
35.580
82.414
67.624
35.343
28.405
48.686
60.576
40.365
50.200
54.815
43.321
47.940
1.000
1.000
1.000
1.000
1.000
1.000
1.000
1.000
1.000
1.000
1.000
1.000
1.000
1.000
1.000
1.000
1.000
1.000
1.000
1.000
1.000
1.000
1.000
1.000
1.000
1.000
1.000
1.000
1.000
1.000
1.000
1.000
1.000
27.089
32.077
67.468
73.434
70.210
54.538
55.093
59.020
59.607
81.395
78.614
68.046
79.653
58.130
63.416
60.968
59.224
56.299
57.570
74.063
74.508
69.056
77.804
70.323
74.456
1.000
1.000
1.000
1.000
1.000
1.000
1.000
1.000
1.000
1.000
1.000
1.000
1.000
1.000
1.000
1.000
1.000
1.000
1.000
1.000
1.000
24.986
26.595
64.387
65.043
78.904
81.489
78.904
82.452
87.277
67.889
71.023
78.560
83.100
65.826
73.181
49.283
46.795
57.531
73.655
61.645
57.187
69.936
60.814
80.131
70.827
66.757
82.909
58.479
58.735
1.000
1.000
1.000
1.000
1.000
1.000
1.000
1.000
1.000
1.000
1.000
1.000
1.000
1.000
1.000
1.000
1.000
1.000
1.000
1.000
1.000
1.000
1.000
1.000
1.000
1.000
1.000
1.000
1.000
1.000
1.000
1.000
1.000
35.027
28.216
31.536
49.057
48.018
69.199
58.103
60.604
76.313
87.056
64.298
63.460
76.878
83.657
60.034
62.922
58.722
59.102
57.610
64.239
63.475
61.390
53.284
53.137
50.223
49.705
68.628
44.330
47.512
53.530
56.156
1.000
1.000
1.000
1.000
1.000
1.000
1.000
1.000
1.000
1.000
1.000
1.000
1.000
1.000
1.000
1.000
1.000
1.000
1.000
1.000
1.000
1.000
1.000
1.000
1.000
1.000
1.000
1.000
1.000
1.000
1.000
26.285
34.578
34.890
56.872
51.298
71.746
79.543
81.922
78.055
81.489
78.777
84.314
73.114
74.972
60.242
59.786
81.846
80.427
54.300
42.756
54.752
59.429
45.186
51.440
66.420
71.318
59.498
62.474
1.000
1.000
1.000
1.000
1.000
1.000
1.000
1.000
1.000
1.000
1.000
1.000
1.000
1.000
1.000
1.000
1.000
1.000
1.000
1.000
1.000
1.000
1.000
1.000
1.000
1.000
1.000
1.000
1.000
1.000
1.000
1.000
1.000
26.122
30.088
28.556
50.617
73.926
87.559
82.832
87.619
85.684
75.405
80.575
71.285
72.210
67.842
69.088
67.873
57.095
84.023
82.414
54.075
57.227
53.493
86.199
52.918
60.214
55.847
61.291
60.187
51.737
56.951
1.000
1.000
1.000
1.000
1.000
1.000
1.000
1.000
1.000
1.000
1.000
1.000
1.000
1.000
1.000
1.000
1.000
1.000
1.000
1.000
1.000
1.000
1.000
1.000
1.000
1.000
1.000
1.000
1.000
1.000
1.000
1.000
1.000
1.000
1.000
1.000
1.000
1.000
1.000
32.307
34.135
33.877
34.300
61.291
67.608
74.542
72.560
72.929
76.648
58.966
64.358
51.976
52.650
41.957
42.179
64.417
71.335
51.832
48.574
72.510
74.063
77.019
55.386
60.674
53.765
61.688
53.666
56.040
51.689
1.000
1.000
1.000
1.000
1.000
1.000
1.000
1.000
1.000
1.000
1.000
1.000
1.000
1.000
1.000
1.000
1.000
1.000
1.000
1.000
1.000
1.000
1.000
1.000
1.000
1.000
1.000
1.000
1.000
1.000
1.000
1.000
1.000
1.000
1.000
1.000
1.000
1.000
21.682
21.198
51.004
54.752
49.159
51.665
40.973
44.875
75.370
85.901
44.576
59.252
64.819
51.440
54.400
1.000
1.000
1.000
1.000
1.000
1.000
1.000
1.000
1.000
1.000
1.000
1.000
1.000
1.000
1.000
1.000
1.000
1.000
1.000
1.000
1.000
1.000
1.000
1.000
1.000
1.000
1.000
1.000
1.000
31.952
31.967
54.200
56.416
38.133
66.988
67.889
68.344
54.866
66.344
55.412
58.251
71.367
76.384
62.287
61.674
1.000
1.000
1.000
1.000
1.000
1.000
1.000
1.000
1.000
1.000
1.000
1.000
24.803
23.714
28.582
33.205
34.850
31.725
38.744
41.429
47.479
45.300
42.579
56.977
52.759
40.161
42.648
46.047
48.831
58.844
58.803
55.821
68.218
60.214
49.888
53.988
56.768
62.676
64.047
52.204
58.993
35.270
38.300
57.930
56.105
63.431
57.332
63.139
63.665
1.000
1.000
1.000
1.000
1.000
1.000
1.000
1.000
1.000
1.000
1.000
1.000
1.000
1.000
1.000
1.000
1.000
1.000
1.000
30.116
26.008
44.751
30.200
32.240
63.110
53.703
60.437
68.046
73.080
79.836
78.614
74.765
75.509
74.989
80.668
95.499
95.104
1.000
65.948
61.546
1.000
1.000
1.000
1.000
1.000
1.000
1.000
1.000
1.000
1.000
1.000
1.000
1.000
1.000
1.000
1.000
1.000
1.000
1.000
1.000
53.113
55.911
74.199
77.768
1.000
1.000
12.610
30.206
24.272
40.542
55.642
27.353
25.840
43.053
43.132
39.310
41.219
38.036
32.226
38.433
47.676
55.590
25.073
33.458
32.961
30.584
33.869
52.602
57.756
74.662
79.050
61.291
71.138
64.121
68.517
82.623
98.537
77.947
78.343
69.679
75.318
72.028
71.548
63.299
55.501
56.105
46.132
55.144
71.483
70.453
84.043
86.816
62.878
66.942
66.619
66.191
63.416
85.310
74.490
37.818
44.238
1.000
1.000
66.804
1.000
1.000
1.000
1.000
1.000
1.000
1.000
1.000
1.000
1.000
1.000
1.000
1.000
1.000
1.000
1.000
1.000
1.000
1.000
1.000
1.000
1.000
1.000
1.000
1.000
1.000
1.000
1.000
1.000
1.000
1.000
1.000
1.000
1.000
1.000
1.000
1.000
1.000
1.000
1.000
1.000
1.000
1.000
1.000
1.000
1.000
1.000
1.000
1.000
1.000
1.000
1.000
1.000
1.000
1.000
1.000
1.000
1.000
27.397
24.502
28.655
35.278
31.805
29.567
32.322
44.443
46.355
45.009
40.170
41.620
38.168
48.406
48.944
51.263
59.306
51.773
34.850
41.248
55.847
38.344
61.080
83.330
42.825
47.830
41.860
55.616
54.866
51.404
60.423
63.475
76.842
74.748
1.000
1.000
1.000
1.000
1.000
1.000
1.000
1.000
1.000
1.000
1.000
1.000
1.000
1.000
1.000
1.000
1.000
1.000
1.000
1.000
1.000
1.000
1.000
1.000
51.594
52.614
73.148
75.561
89.372
86.996
68.077
61.745
86.856
78.668
78.253
88.186
54.526
61.376
73.961
68.297
1.000
1.000
1.000
1.000
1.000
1.000
1.000
1.000
1.000
1.000
1.000
1.000
1.000
1.000
1.000
1.000
1.000
1.000
1.000
1.000
1.000
1.000
1.000
1.000
1.000
26.953
24.906
35.473
31.146
33.690
60.270
34.738
35.180
51.168
59.759
68.375
40.954
48.843
55.924
58.130
60.912
64.983
51.357
54.714
48.029
44.289
50.501
59.979
69.904
78.055
52.638
61.221
51.487
47.152
56.611
62.373
53.444
58.533
43.082
59.910
77.589
76.190
1.000
1.000
1.000
1.000
1.000
1.000
1.000
1.000
1.000
1.000
1.000
1.000
1.000
1.000
1.000
1.000
1.000
1.000
1.000
1.000
1.000
1.000
1.000
25.171
24.683
22.264
21.722
21.252
38.291
14.754
23.052
33.189
34.435
53.420
63.227
34.754
26.675
31.124
37.783
38.887
36.291
52.674
56.898
52.772
37.034
37.575
59.020
73.961
43.142
53.040
59.841
62.951
60.576
70.194
66.604
50.338
49.295
29.127
29.546
52.966
1.000
1.000
1.000
1.000
1.000
1.000
1.000
1.000
1.000
1.000
1.000
1.000
1.000
1.000
1.000
1.000
1.000
1.000
1.000
1.000
1.000
1.000
1.000
1.000
1.000
1.000
1.000
1.000
1.000
1.000
1.000
1.000
1.000
1.000
1.000
1.000
1.000
1.000
1.000
1.000
1.000
1.000
1.000
1.000
32.137
32.412
75.214
83.522
79.195
77.518
70.795
71.056
79.415
71.252
54.765
61.816
65.298
1.000
1.000
1.000
1.000
1.000
24.957
74.559
72.845
66.039
62.907
87.056
88.328
77.625
88.308
1.000
1.000
1.000
1.000
1.000
1.000
1.000
1.000
1.000
1.000
1.000
1.000
1.000
1.000
1.000
1.000
1.000
1.000
1.000
83.234
89.557
63.518
67.282
55.348
71.548
77.839
1.000
1.000
1.000
1.000
1.000
1.000
1.000
1.000
1.000
1.000
1.000
1.000
1.000
1.000
29.275
72.812
70.860
57.478
60.173
80.223
87.016
90.053
1.000
1.000
1.000
1.000
1.000
1.000
1.000
1.000
1.000
1.000
1.000
1.000
1.000
1.000
1.000
1.000
1.000
1.000
1.000
23.972
80.223
86.616
72.360
62.532
75.893
95.477
97.566
92.747
1.000
1.000
1.000
1.000
1.000
1.000
1.000
1.000
1.000
1.000
1.000
1.000
1.000
1.000
1.000
1.000
23.994
67.484
60.688
50.851
66.927
66.589
82.016
91.580
94.515
1.000
1.000
1.000
1.000
1.000
1.000
1.000
1.000
1.000
1.000
1.000
1.000
1.000
1.000
1.000
67.686
1.000
1.000
1.000
1.000
58.251
59.910
49.716
43.702
77.037
77.911
83.368
68.707
56.585
61.179
62.058
59.061
76.068
81.809
68.849
75.788
1.000
1.000
1.000
1.000
1.000
1.000
1.000
1.000
1.000
1.000
1.000
1.000
1.000
1.000
1.000
1.000
1.000
1.000
1.000
1.000
1.000
1.000
31.960
29.309
31.398
62.488
56.938
68.077
73.148
82.357
76.878
72.996
72.227
68.960
54.840
40.710
38.495
66.927
67.827
68.913
48.250
53.235
53.407
65.479
69.167
55.412
55.463
57.783
65.043
53.506
58.533
51.180
1.000
1.000
1.000
1.000
1.000
1.000
1.000
1.000
1.000
1.000
1.000
1.000
1.000
1.000
1.000
1.000
1.000
1.000
1.000
1.000
1.000
1.000
1.000
1.000
1.000
1.000
1.000
1.000
1.000
1.000
1.000
1.000
1.000
1.000
1.000
1.000
1.000
1.000
1.000
1.000
29.087
37.446
30.641
33.520
33.799
39.292
56.859
52.918
44.566
49.079
60.912
60.104
50.652
47.654
1.000
1.000
1.000
1.000
1.000
1.000
1.000
1.000
1.000
1.000
1.000
1.000
36.703
37.731
46.741
76.454
80.482
60.423
61.574
70.648
76.966
67.546
57.690
68.644
66.834
70.081
65.569
64.269
71.302
63.475
70.729
63.023
71.318
69.888
70.129
80.371
72.360
68.423
82.262
1.000
1.000
1.000
1.000
1.000
1.000
1.000
1.000
1.000
1.000
1.000
1.000
1.000
1.000
1.000
1.000
1.000
1.000
1.000
1.000
26.002
27.836
49.522
54.752
62.345
84.879
82.585
91.264
98.152
46.036
49.614
44.484
48.451
1.000
1.000
1.000
1.000
1.000
1.000
1.000
1.000
26.424
26.977
36.433
39.228
49.023
48.084
62.431
70.778
76.489
87.640
69.072
63.562
65.073
73.282
73.434
58.103
66.512
63.402
63.052
55.412
62.575
66.881
54.802
74.593
56.846
77.750
61.645
73.114
69.855
66.115
67.999
80.094
55.963
73.148
78.415
1.000
1.000
1.000
1.000
1.000
1.000
1.000
1.000
1.000
1.000
1.000
1.000
1.000
1.000
1.000
1.000
1.000
1.000
1.000
1.000
88.695
84.023
75.631
71.335
78.271
69.438
78.922
72.427
68.501
78.091
74.542
62.864
77.055
92.961
111.609
90.532
92.024
99.954
97.029
1.000
1.000
1.000
1.000
1.000
1.000
1.000
1.000
1.000
1.000
1.000
1.000
1.000
1.000
22.548
23.507
86.936
87.217
76.190
79.799
74.508
89.805
57.876
61.193
56.221
57.135
1.000
1.000
1.000
1.000
1.000
1.000
35.744
37.291
50.839
54.878
40.926
91.812
50.594
56.014
57.624
57.690
62.560
50.153
54.941
57.810
63.052
1.000
1.000
74.456
75.162
1.000
1.000
1.000
1.000
1.000
1.000
1.000
1.000
1.000
1.000
1.000
1.000
1.000
1.000
1.000
1.000
1.000
1.000
1.000
1.000
1.000
1.000
1.000
1.000
1.000
28.814
28.642
47.044
50.687
51.618
62.230
78.271
58.412
70.437
43.461
46.334
54.100
59.759
62.575
69.486
1.000
1.000
1.000
1.000
1.000
1.000
1.000
1.000
1.000
1.000
1.000
1.000
1.000
1.000
1.000
1.000
1.000
1.000
1.000
1.000
1.000
22.845
27.378
43.341
43.261
32.524
74.080
38.282
40.626
36.233
40.013
31.923
27.599
61.546
67.143
43.752
48.306
28.602
57.690
47.435
52.036
44.453
51.856
43.341
50.957
52.966
43.361
38.512
53.567
47.863
49.193
56.377
46.068
58.184
62.402
1.000
1.000
1.000
1.000
1.000
1.000
1.000
1.000
1.000
1.000
1.000
1.000
1.000
1.000
1.000
1.000
1.000
1.000
1.000
1.000
1.000
1.000
30.486
30.931
29.737
25.334
24.127
28.807
29.020
38.265
33.083
34.642
34.348
29.840
68.454
67.437
41.371
39.346
49.034
49.046
61.447
56.520
63.372
77.446
79.708
81.003
86.040
68.580
82.528
83.483
67.158
61.306
83.965
72.510
95.631
66.681
77.822
68.707
103.348
100.693
77.393
67.004
69.695
84.333
85.408
73.961
71.121
64.150
57.504
75.561
82.680
79.305
82.490
79.726
80.668
82.452
75.474
87.821
81.771
56.951
57.650
78.777
78.325
80.742
81.395
84.314
91.706
85.192
69.406
1.000
1.000
1.000
1.000
1.000
1.000
1.000
1.000
1.000
1.000
1.000
1.000
1.000
1.000
1.000
1.000
1.000
1.000
1.000
1.000
1.000
1.000
1.000
1.000
1.000
1.000
1.000
1.000
1.000
1.000
1.000
1.000
1.000
1.000
1.000
29.268
28.074
26.897
27.676
61.674
64.358
65.223
65.238
55.424
56.520
54.363
58.466
45.530
49.181
1.000
1.000
1.000
1.000
1.000
1.000
1.000
1.000
30.026
56.781
62.589
72.761
68.140
76.736
78.289
1.000
1.000
1.000
1.000
1.000
1.000
1.000
1.000
1.000
1.000
53.260
56.312
60.926
67.952
55.860
64.476
1.000
1.000
1.000
1.000
1.000
1.000
1.000
1.000
1.000
1.000
1.000
1.000
1.000
54.777
53.765
60.912
91.306
65.178
69.327
68.818
1.000
1.000
1.000
1.000
1.000
1.000
1.000
1.000
1.000
1.000
1.000
64.372
65.193
70.941
76.155
72.661
70.194
88.085
82.073
1.000
1.000
1.000
1.000
1.000
1.000
1.000
1.000
1.000
1.000
27.083
24.440
54.702
56.820
1.000
1.000
1.000
1.000
1.000
1.000
1.000
1.000
1.000
1.000
1.000
1.000
1.000
1.000
1.000
1.000
1.000
37.342
58.790
67.236
1.000
1.000
1.000
1.000
1.000
1.000
1.000
1.000
1.000
1.000
1.000
1.000
1.000
1.000
44.823
46.270
67.780
65.872
1.000
1.000
1.000
1.000
1.000
1.000
1.000
1.000
1.000
1.000
1.000
38.726
30.641
32.137
33.366
27.353
30.803
33.768
35.851
39.747
28.477
33.113
39.400
27.836
30.220
34.858
30.186
52.240
39.866
70.958
57.346
48.540
53.592
38.221
48.362
46.698
55.911
53.678
49.522
56.585
56.325
55.132
59.979
40.133
50.234
58.573
66.742
71.089
64.254
62.936
1.000
1.000
1.000
1.000
1.000
1.000
1.000
1.000
1.000
1.000
1.000
1.000
1.000
1.000
1.000
1.000
1.000
1.000
1.000
1.000
1.000
1.000
1.000
1.000
1.000
1.000
1.000
1.000
1.000
1.000
1.000
1.000
1.000
1.000
1.000
1.000
1.000
1.000
43.823
23.025
33.281
31.982
30.627
27.252
27.855
36.058
34.562
61.277
35.359
31.791
35.834
33.381
34.064
30.825
32.092
32.107
28.907
32.931
42.044
47.566
69.359
28.774
31.601
40.663
40.161
42.599
55.475
62.460
55.770
50.269
55.386
35.197
59.416
49.499
49.317
55.271
67.639
56.728
48.787
69.454
66.742
59.156
56.807
57.916
48.529
52.784
67.967
61.688
64.328
65.933
37.136
42.325
61.688
68.140
52.420
1.000
1.000
1.000
1.000
1.000
1.000
1.000
1.000
1.000
1.000
1.000
1.000
1.000
1.000
1.000
1.000
1.000
1.000
1.000
1.000
1.000
1.000
1.000
1.000
1.000
1.000
1.000
1.000
1.000
1.000
1.000
1.000
1.000
1.000
1.000
1.000
1.000
23.873
25.545
24.734
25.888
20.625
24.082
25.154
25.966
30.082
31.376
29.228
31.297
29.641
24.666
28.255
28.262
30.754
29.417
34.586
22.238
39.174
28.728
38.098
44.514
32.984
37.966
50.980
51.820
32.240
39.884
48.798
50.968
48.607
56.195
36.325
47.665
36.957
45.394
54.100
31.340
38.548
35.148
38.949
55.488
55.667
68.297
49.272
55.208
1.000
1.000
1.000
1.000
1.000
1.000
1.000
1.000
1.000
1.000
1.000
1.000
1.000
1.000
1.000
1.000
1.000
1.000
1.000
1.000
1.000
1.000
1.000
1.000
1.000
1.000
1.000
1.000
1.000
1.000
1.000
1.000
1.000
1.000
1.000
1.000
1.000
1.000
1.000
1.000
1.000
1.000
36.108
1.000
1.000
1.000
1.000
1.000
1.000
1.000
1.000
1.000
1.000
1.000
1.000
37.351
37.420
42.668
42.015
60.688
70.892
64.195
64.968
63.241
65.073
64.953
70.049
1.000
1.000
1.000
1.000
1.000
1.000
1.000
1.000
34.890
37.592
46.430
57.478
65.073
79.031
65.569
64.003
61.038
75.301
64.878
62.402
1.000
1.000
1.000
1.000
1.000
1.000
1.000
1.000
34.151
36.644
35.637
42.835
68.470
75.963
62.835
57.412
67.952
71.400
50.851
58.925
1.000
1.000
1.000
1.000
1.000
1.000
1.000
1.000
18.101
19.306
37.757
39.994
67.889
68.517
59.525
70.941
58.560
71.335
50.992
52.445
53.617
59.772
65.720
47.065
79.579
83.541
1.000
1.000
1.000
1.000
1.000
1.000
1.000
1.000
1.000
1.000
1.000
1.000
16.846
33.281
65.088
72.627
51.570
62.907
62.878
38.177
31.937
33.597
67.329
94.341
57.876
50.015
65.766
92.512
70.421
72.377
54.815
63.959
72.494
74.182
54.551
60.688
54.500
58.063
70.081
66.650
74.046
75.701
55.578
63.139
67.236
67.282
78.741
1.000
1.000
1.000
1.000
1.000
1.000
1.000
1.000
1.000
1.000
1.000
1.000
1.000
1.000
1.000
1.000
1.000
1.000
1.000
1.000
1.000
1.000
1.000
65.388
60.478
85.882
1.000
1.000
1.000
1.000
1.000
1.000
1.000
1.000
1.000
1.000
1.000
1.000
1.000
46.903
53.444
64.640
62.359
58.210
65.148
1.000
1.000
1.000
1.000
1.000
1.000
1.000
1.000
1.000
1.000
1.000
1.000
1.000
1.000
1.000
1.000
50.478
61.066
66.558
69.582
1.000
1.000
1.000
1.000
1.000
1.000
1.000
1.000
1.000
1.000
1.000
1.000
1.000
1.000
1.000
1.000
1.000
1.000
1.000
36.694
41.200
1.000
1.000
1.000
1.000
1.000
1.000
1.000
1.000
1.000
42.570
44.596
57.359
80.965
86.278
1.000
1.000
1.000
1.000
1.000
1.000
1.000
1.000
1.000
1.000
1.000
1.000
50.501
48.250
49.091
51.263
55.017
66.100
66.130
74.800
1.000
1.000
1.000
1.000
1.000
1.000
1.000
1.000
1.000
1.000
1.000
1.000
1.000
1.000
34.395
35.662
58.993
66.390
62.101
62.087
1.000
1.000
1.000
1.000
1.000
1.000
1.000
1.000
1.000
1.000
1.000
1.000
1.000
1.000
1.000
1.000
40.879
36.635
56.234
70.729
64.878
73.672
1.000
1.000
1.000
1.000
1.000
1.000
1.000
1.000
1.000
1.000
1.000
1.000
1.000
1.000
1.000
1.000
31.783
35.670
48.084
47.995
56.585
67.360
1.000
1.000
1.000
1.000
1.000
1.000
1.000
1.000
1.000
1.000
37.584
40.992
53.395
56.002
65.283
68.014
1.000
1.000
1.000
1.000
1.000
1.000
1.000
1.000
1.000
1.000
1.000
1.000
1.000
1.000
1.000
1.000
49.534
64.313
55.911
1.000
1.000
73.350
1.000
1.000
1.000
1.000
1.000
1.000
1.000
1.000
1.000
54.739
51.004
74.593
64.625
75.614
1.000
1.000
1.000
1.000
1.000
1.000
1.000
1.000
1.000
59.115
64.298
74.490
71.978
1.000
1.000
1.000
1.000
1.000
1.000
1.000
1.000
25.241
31.024
36.501
42.825
33.266
32.263
34.096
31.813
32.070
41.783
44.198
39.491
42.228
32.636
33.052
35.580
47.479
38.503
31.046
40.616
77.482
41.764
44.968
49.923
36.881
63.402
64.447
62.633
56.598
44.228
55.937
55.680
73.909
73.638
62.575
62.345
52.167
66.176
61.887
46.121
57.385
71.912
51.547
51.606
59.088
63.518
58.966
64.328
96.984
53.864
70.340
54.238
46.302
70.291
72.061
46.903
44.988
68.913
73.773
66.727
68.375
56.455
51.570
1.000
1.000
1.000
1.000
1.000
1.000
1.000
1.000
1.000
1.000
1.000
1.000
1.000
1.000
1.000
1.000
1.000
1.000
1.000
1.000
1.000
1.000
1.000
1.000
1.000
1.000
1.000
1.000
1.000
1.000
1.000
1.000
1.000
1.000
1.000
1.000
1.000
1.000
1.000
1.000
1.000
1.000
1.000
1.000
1.000
1.000
1.000
1.000
1.000
35.424
38.194
40.059
43.351
30.754
40.607
57.597
51.263
43.053
51.761
60.799
71.417
65.088
89.351
62.116
66.589
69.390
73.266
57.372
61.688
48.944
80.002
61.660
54.275
64.863
44.596
49.306
67.344
73.824
64.983
63.812
78.632
1.000
1.000
50.130
52.699
59.429
1.000
1.000
1.000
1.000
1.000
1.000
1.000
1.000
1.000
1.000
1.000
1.000
1.000
1.000
1.000
1.000
1.000
1.000
1.000
1.000
1.000
1.000
1.000
1.000
1.000
1.000
1.000
1.000
1.000
1.000
1.000
1.000
1.000
1.000
1.000
1.000
30.283
30.775
41.918
46.677
47.337
51.570
60.381
60.492
48.831
46.741
56.208
60.437
63.183
76.595
57.438
60.381
59.279
67.780
53.333
62.705
48.317
76.173
61.291
55.719
61.207
50.711
58.304
67.952
81.264
57.783
64.983
77.625
59.034
59.621
1.000
1.000
57.876
1.000
1.000
1.000
1.000
1.000
1.000
1.000
1.000
1.000
1.000
1.000
1.000
1.000
1.000
1.000
1.000
1.000
1.000
1.000
1.000
1.000
1.000
1.000
1.000
1.000
1.000
1.000
1.000
1.000
1.000
1.000
1.000
1.000
1.000
26.092
30.775
14.863
21.797
26.669
29.737
30.825
24.149
20.441
25.322
28.145
28.087
20.123
22.295
16.338
27.631
27.964
31.842
27.164
32.479
30.395
31.182
31.355
37.437
39.382
41.162
41.581
28.867
55.360
59.416
26.418
30.747
61.688
60.492
31.528
33.450
45.488
39.084
56.312
38.788
49.193
33.900
37.740
67.577
60.926
60.730
63.592
62.661
81.377
59.279
85.153
90.761
61.150
58.439
56.079
57.135
43.571
44.392
69.406
67.655
64.983
61.631
63.929
63.038
61.716
49.329
50.699
55.360
55.603
37.662
40.374
67.112
54.138
58.560
64.136
64.789
75.110
81.677
45.740
48.261
50.617
42.540
42.727
44.648
70.615
58.371
65.902
58.251
55.322
81.227
1.000
1.000
1.000
49.147
52.905
1.000
1.000
1.000
1.000
1.000
1.000
1.000
1.000
1.000
1.000
1.000
1.000
1.000
1.000
1.000
1.000
1.000
1.000
1.000
1.000
1.000
1.000
1.000
1.000
1.000
1.000
1.000
1.000
1.000
48.607
45.113
1.000
1.000
1.000
1.000
72.344
64.476
1.000
1.000
1.000
1.000
1.000
1.000
53.493
53.223
58.830
1.000
1.000
1.000
1.000
1.000
1.000
43.611
34.682
1.000
55.335
75.980
1.000
1.000
1.000
1.000
40.935
64.863
72.812
63.023
63.738
64.018
57.930
73.570
63.900
70.681
69.008
1.000
1.000
1.000
1.000
1.000
43.974
48.261
48.809
63.797
1.000
1.000
1.000
1.000
1.000
1.000
1.000
1.000
1.000
1.000
1.000
1.000
1.000
64.062
71.400
1.000
46.291
46.387
50.211
1.000
1.000
1.000
1.000
1.000
1.000
64.136
66.466
70.909
1.000
49.591
45.867
72.828
1.000
1.000
1.000
1.000
66.115
71.730
1.000
1.000
1.000
1.000
25.515
46.548
48.317
48.764
52.759
58.466
65.811
62.460
56.663
80.872
77.286
1.000
1.000
89.929
1.000
1.000
1.000
1.000
1.000
1.000
45.227
56.702
53.543
68.234
1.000
1.000
1.000
1.000
1.000
1.000
1.000
1.000
1.000
1.000
1.000
1.000
1.000
49.012
52.650
51.892
61.052
48.730
82.966
63.168
60.270
63.372
86.179
85.605
73.502
1.000
1.000
1.000
1.000
1.000
1.000
1.000
1.000
1.000
1.000
1.000
1.000
62.402
46.634
49.386
80.297
1.000
1.000
1.000
1.000
1.000
1.000
1.000
1.000
1.000
58.681
47.753
51.689
50.107
55.578
47.337
59.607
69.151
77.357
80.334
54.929
71.400
58.546
1.000
1.000
1.000
1.000
1.000
1.000
1.000
1.000
42.092
44.782
65.857
1.000
1.000
1.000
1.000
1.000
59.361
49.568
49.431
56.611
54.765
69.390
75.093
76.348
81.941
58.546
59.238
63.797
65.993
1.000
1.000
1.000
1.000
1.000
1.000
1.000
1.000
69.743
76.331
1.000
1.000
24.205
41.860
42.707
54.676
34.650
55.144
63.038
46.281
52.107
53.963
46.270
62.806
58.251
1.000
1.000
1.000
1.000
1.000
1.000
1.000
1.000
1.000
1.000
1.000
1.000
70.404
66.896
64.595
64.402
38.335
60.506
66.834
81.377
76.825
93.821
90.866
1.000
1.000
1.000
1.000
1.000
1.000
1.000
1.000
1.000
1.000
1.000
1.000
1.000
1.000
1.000
1.000
1.000
1.000
1.000
1.000
1.000
1.000
1.000
43.351
44.968
1.000
1.000
1.000
1.000
1.000
1.000
48.798
50.734
58.063
60.506
48.306
53.346
47.326
76.507
64.018
60.381
67.795
1.000
1.000
83.330
1.000
1.000
1.000
1.000
1.000
1.000
1.000
1.000
1.000
1.000
61.122
56.650
56.637
68.281
60.926
67.562
51.239
72.862
71.746
65.751
69.968
78.505
78.578
80.872
1.000
1.000
1.000
1.000
1.000
1.000
1.000
1.000
1.000
1.000
1.000
1.000
1.000
1.000
1.000
1.000
39.756
46.430
62.373
69.470
73.722
68.675
62.849
67.873
68.612
65.690
81.602
1.000
1.000
1.000
1.000
1.000
1.000
1.000
1.000
1.000
1.000
1.000
1.000
1.000
55.667
52.638
60.034
60.548
67.437
65.842
70.178
67.391
62.994
76.085
63.387
69.566
75.266
62.922
58.993
1.000
1.000
1.000
1.000
1.000
1.000
1.000
1.000
1.000
1.000
1.000
1.000
1.000
1.000
1.000
1.000
1.000
1.000
1.000
17.434
32.539
41.371
59.347
55.450
68.391
35.967
89.043
54.714
58.735
62.676
75.214
48.641
61.518
66.390
64.983
64.968
61.773
66.650
1.000
1.000
1.000
1.000
1.000
1.000
1.000
1.000
1.000
1.000
1.000
1.000
1.000
1.000
1.000
1.000
1.000
1.000
22.574
21.943
32.666
35.075
47.610
37.377
59.553
58.103
70.892
74.114
53.064
58.023
59.731
71.846
75.197
77.500
79.653
1.000
1.000
1.000
1.000
1.000
1.000
1.000
1.000
1.000
1.000
1.000
67.952
70.827
66.405
1.000
1.000
1.000
1.000
1.000
1.000
1.000
1.000
42.462
31.456
32.802
53.740
50.629
52.000
56.585
60.590
58.371
65.208
47.381
63.915
71.187
77.286
64.195
58.546
63.402
76.754
1.000
1.000
1.000
1.000
1.000
1.000
1.000
1.000
1.000
1.000
1.000
1.000
1.000
1.000
1.000
1.000
1.000
34.914
38.054
47.315
57.531
60.298
56.951
61.094
60.968
55.783
61.504
63.227
62.762
69.823
1.000
1.000
1.000
1.000
1.000
1.000
1.000
1.000
1.000
1.000
1.000
1.000
1.000
1.000
38.142
42.238
24.149
25.651
29.519
35.826
50.804
53.951
51.440
46.914
62.835
70.746
66.497
67.749
68.628
51.168
34.127
1.000
1.000
1.000
1.000
1.000
1.000
1.000
1.000
1.000
1.000
1.000
1.000
1.000
1.000
1.000
1.000
1.000
1.000
27.983
23.518
23.845
42.550
42.924
44.361
56.208
50.304
73.961
66.435
78.650
71.121
1.000
1.000
1.000
1.000
1.000
1.000
1.000
1.000
1.000
1.000
1.000
31.175
33.830
32.464
64.819
75.388
67.174
71.779
82.300
66.850
88.085
83.676
1.000
1.000
1.000
1.000
1.000
1.000
1.000
1.000
1.000
1.000
22.449
26.730
40.031
41.591
44.730
50.933
39.210
43.132
53.567
54.576
55.195
66.298
70.860
64.224
62.734
54.588
59.020
55.475
57.438
1.000
1.000
1.000
1.000
1.000
1.000
1.000
1.000
1.000
1.000
1.000
1.000
1.000
1.000
1.000
1.000
1.000
1.000
1.000
1.000
1.000
1.000
1.000
1.000
1.000
60.478
1.000
1.000
1.000
1.000
1.000
1.000
1.000
1.000
26.749
28.814
44.730
44.844
31.506
33.543
53.567
56.377
54.538
60.730
67.499
63.475
51.630
67.577
70.697
57.043
65.208
79.947
83.753
1.000
1.000
1.000
1.000
1.000
1.000
1.000
1.000
1.000
1.000
1.000
1.000
1.000
1.000
1.000
1.000
1.000
1.000
1.000
1.000
1.000
71.367
72.360
47.446
45.426
52.590
57.108
51.558
66.328
59.676
64.863
71.040
59.965
66.527
66.958
76.507
86.258
70.388
1.000
1.000
1.000
1.000
1.000
1.000
1.000
1.000
1.000
1.000
1.000
43.732
45.530
46.612
46.559
33.760
32.554
60.590
58.762
59.635
61.830
43.301
67.329
53.481
63.768
71.978
69.167
71.072
78.832
70.016
1.000
1.000
1.000
1.000
1.000
1.000
1.000
1.000
1.000
1.000
1.000
1.000
1.000
1.000
1.000
1.000
1.000
46.741
48.462
48.018
40.170
32.878
39.057
50.921
58.600
68.533
70.860
65.917
46.806
81.828
67.967
61.475
71.450
68.061
66.497
76.860
58.519
1.000
1.000
1.000
1.000
1.000
1.000
1.000
1.000
1.000
1.000
1.000
1.000
1.000
1.000
1.000
1.000
1.000
1.000
1.000
46.366
43.331
36.492
33.955
52.796
53.358
58.157
59.827
63.988
60.325
64.684
62.719
79.506
68.881
54.113
71.121
87.317
85.349
1.000
1.000
1.000
1.000
1.000
1.000
1.000
1.000
1.000
1.000
1.000
1.000
1.000
1.000
1.000
1.000
1.000
1.000
1.000
61.973
43.451
1.000
1.000
1.000
1.000
1.000
1.000
1.000
1.000
1.000
1.000
1.000
57.319
53.040
31.536
30.917
1.000
1.000
1.000
1.000
35.958
39.400
1.000
1.000
73.978
1.000
1.000
1.000
1.000
1.000
1.000
1.000
1.000
49.499
55.437
30.123
31.718
31.124
42.894
44.968
62.980
67.282
55.297
59.143
44.096
49.556
58.425
76.789
70.909
68.281
75.770
56.169
67.205
64.953
65.418
1.000
1.000
1.000
1.000
1.000
1.000
1.000
1.000
1.000
1.000
1.000
1.000
1.000
1.000
1.000
1.000
1.000
1.000
1.000
1.000
26.080
56.105
55.412
71.170
78.632
64.150
50.513
36.124
41.601
64.655
64.640
49.159
63.343
74.336
74.216
77.678
74.851
79.451
65.509
78.397
96.450
80.984
1.000
1.000
1.000
1.000
1.000
1.000
1.000
1.000
1.000
1.000
1.000
1.000
1.000
1.000
1.000
59.143
56.182
1.000
1.000
1.000
1.000
1.000
1.000
1.000
1.000
1.000
1.000
1.000
52.699
1.000
1.000
49.261
47.315
85.349
84.664
1.000
1.000
1.000
1.000
1.000
1.000
1.000
1.000
1.000
1.000
64.180
42.904
47.665
27.233
52.048
58.979
58.533
58.090
1.000
1.000
1.000
1.000
1.000
1.000
1.000
1.000
1.000
1.000
1.000
1.000
1.000
1.000
27.460
29.614
37.256
53.370
48.708
61.122
60.145
62.893
75.076
52.869
55.170
52.565
70.113
68.501
67.655
79.378
60.898
62.388
1.000
1.000
1.000
1.000
1.000
1.000
1.000
1.000
1.000
1.000
1.000
1.000
1.000
1.000
1.000
1.000
1.000
25.334
28.471
33.721
40.635
40.964
44.792
53.040
53.064
57.069
57.703
53.765
61.504
47.326
56.286
56.689
52.808
62.244
39.418
45.814
60.159
54.689
65.751
65.028
62.230
1.000
1.000
36.855
40.133
1.000
1.000
1.000
1.000
1.000
1.000
1.000
1.000
1.000
1.000
1.000
1.000
1.000
1.000
1.000
1.000
1.000
1.000
1.000
1.000
1.000
1.000
1.000
1.000
1.000
1.000
1.000
1.000
1.000
1.000
1.000
1.000
1.000
1.000
1.000
1.000
1.000
1.000
1.000
1.000
1.000
1.000
1.000
77.055
1.000
1.000
1.000
57.451
52.024
49.774
51.618
63.650
70.162
79.543
76.825
57.890
60.674
61.475
63.241
1.000
1.000
1.000
1.000
1.000
1.000
1.000
1.000
1.000
1.000
1.000
1.000
1.000
1.000
1.000
1.000
1.000
1.000
1.000
1.000
1.000
1.000
1.000
1.000
1.000
1.000
1.000
1.000
1.000
1.000
1.000
1.000
1.000
35.490
40.448
30.591
28.927
36.838
36.392
58.993
59.951
58.130
61.873
72.444
63.562
40.114
41.238
1.000
1.000
1.000
1.000
1.000
1.000
1.000
1.000
1.000
1.000
1.000
1.000
1.000
1.000
55.157
57.266
57.135
74.199
78.705
1.000
1.000
1.000
1.000
1.000
1.000
1.000
1.000
1.000
60.311
46.591
1.000
1.000
1.000
1.000
1.000
1.000
1.000
1.000
1.000
1.000
1.000
72.845
66.328
59.965
63.738
1.000
1.000
1.000
1.000
1.000
1.000
1.000
1.000
1.000
1.000
1.000
1.000
32.114
49.102
31.182
36.183
39.192
45.772
57.624
51.168
45.113
75.770
35.441
40.383
64.536
71.056
54.601
65.736
45.751
45.962
72.078
82.471
57.398
60.716
1.000
1.000
1.000
1.000
1.000
1.000
1.000
1.000
1.000
1.000
1.000
1.000
1.000
1.000
1.000
1.000
1.000
1.000
1.000
1.000
1.000
1.000
1.000
1.000
37.879
41.495
66.374
48.876
50.617
61.165
69.695
1.000
1.000
1.000
1.000
1.000
1.000
1.000
1.000
1.000
1.000
1.000
1.000
1.000
1.000
1.000
1.000
31.067
28.854
28.874
25.130
28.556
24.780
25.894
28.438
30.718
26.176
33.473
31.246
26.467
31.579
36.291
40.374
45.186
37.949
55.093
27.996
25.410
30.931
45.625
45.941
52.590
36.000
38.672
42.394
31.659
36.711
34.308
41.486
33.916
37.256
50.338
29.080
36.459
34.666
40.719
44.607
49.969
49.363
65.238
51.156
53.765
69.888
61.150
70.323
61.489
47.786
53.530
67.143
52.119
67.453
44.443
47.391
71.203
65.630
60.034
66.466
62.777
53.113
56.559
57.478
55.144
56.833
56.598
57.346
62.517
60.076
29.054
37.879
68.549
63.606
65.509
71.796
78.001
61.193
70.778
82.262
56.507
66.988
96.073
86.956
80.482
54.702
67.066
78.037
71.400
74.645
76.789
73.536
42.776
59.034
56.676
58.170
71.417
91.559
52.095
78.705
39.274
83.714
68.580
65.268
66.191
71.040
84.256
84.295
60.034
66.390
74.251
77.911
87.217
85.704
83.387
81.395
74.920
73.807
90.636
87.277
75.007
1.000
1.000
68.960
75.059
1.000
1.000
1.000
1.000
1.000
1.000
1.000
1.000
1.000
1.000
1.000
1.000
1.000
1.000
1.000
1.000
1.000
1.000
1.000
1.000
1.000
1.000
1.000
1.000
1.000
1.000
1.000
1.000
1.000
1.000
1.000
1.000
1.000
1.000
1.000
1.000
1.000
1.000
1.000
1.000
1.000
1.000
1.000
1.000
1.000
1.000
1.000
1.000
1.000
1.000
1.000
27.599
23.094
28.953
19.427
25.592
28.774
26.146
27.454
31.536
34.898
29.792
27.797
29.376
27.146
29.641
31.189
32.011
36.149
40.290
32.885
22.579
30.054
33.543
34.618
43.551
42.374
37.549
34.364
29.854
42.717
41.773
50.466
38.221
41.238
54.563
37.610
47.402
49.739
53.321
52.735
59.896
77.911
60.451
59.498
57.438
71.252
67.081
70.000
48.473
55.578
55.731
47.109
45.478
80.816
48.006
56.351
81.208
71.302
76.085
65.208
59.498
50.153
72.161
76.384
58.627
30.040
41.879
60.506
59.690
74.012
76.984
73.773
50.617
55.706
81.264
52.036
55.552
91.517
99.380
72.828
59.293
70.762
76.419
78.343
66.313
70.372
51.393
59.759
60.688
67.515
81.752
74.473
44.055
59.951
86.616
85.349
64.358
68.707
91.728
93.886
71.879
77.822
85.822
73.266
75.353
88.064
84.140
78.596
1.000
1.000
1.000
1.000
1.000
1.000
1.000
1.000
1.000
1.000
1.000
1.000
1.000
1.000
1.000
1.000
1.000
1.000
1.000
1.000
1.000
1.000
1.000
1.000
1.000
1.000
1.000
1.000
1.000
1.000
1.000
1.000
1.000
1.000
1.000
1.000
1.000
1.000
1.000
1.000
1.000
1.000
1.000
1.000
1.000
1.000
1.000
1.000
1.000
1.000
20.821
50.839
28.615
64.863
37.377
69.311
74.473
51.333
62.058
39.838
60.104
58.614
50.687
91.580
68.438
70.778
57.544
71.647
75.527
83.907
73.164
76.542
82.357
80.593
70.340
74.319
71.565
68.865
95.697
94.624
93.154
84.023
82.928
85.783
81.809
73.333
1.000
1.000
1.000
1.000
1.000
1.000
1.000
1.000
1.000
1.000
1.000
1.000
1.000
1.000
1.000
17.096
24.105
44.679
41.115
46.979
60.270
59.293
54.840
51.274
73.587
101.274
59.566
60.912
64.834
61.080
65.554
72.260
69.486
63.562
69.327
68.014
63.475
70.016
75.701
1.000
1.000
1.000
1.000
1.000
1.000
16.192
21.018
31.688
43.142
41.889
42.707
50.385
90.615
42.335
50.513
57.677
61.404
70.860
59.745
73.807
73.502
67.298
83.081
67.344
72.244
74.972
64.640
66.328
84.411
75.197
65.178
65.238
66.069
68.061
1.000
1.000
1.000
1.000
1.000
1.000
1.000
1.000
1.000
1.000
1.000
1.000
1.000
1.000
1.000
1.000
1.000
1.000
1.000
1.000
1.000
1.000
1.000
1.000
38.477
15.262
31.886
50.957
65.163
75.388
74.748
51.820
52.759
63.096
36.366
42.964
48.139
81.246
67.499
70.033
61.235
67.422
68.501
64.447
68.675
71.713
70.599
68.360
58.291
70.275
88.004
89.867
97.634
85.566
75.788
84.295
88.024
1.000
1.000
1.000
1.000
1.000
1.000
1.000
1.000
1.000
1.000
1.000
1.000
1.000
1.000
1.000
1.000
1.000
15.718
22.279
21.732
43.762
36.341
51.357
51.156
41.793
47.940
59.717
88.125
31.864
57.930
48.910
62.618
70.729
64.580
74.508
74.080
76.173
80.854
89.929
94.820
70.648
65.238
84.977
76.560
59.745
66.819
71.680
69.406
1.000
1.000
1.000
1.000
1.000
1.000
1.000
1.000
1.000
1.000
1.000
1.000
1.000
1.000
1.000
1.000
1.000
1.000
36.787
17.608
31.369
40.235
51.689
50.886
65.933
38.115
54.225
57.504
53.963
81.208
70.146
61.066
68.565
71.138
75.928
81.602
83.368
84.314
76.208
67.406
73.063
97.904
95.786
98.446
84.684
1.000
1.000
1.000
1.000
1.000
1.000
1.000
1.000
1.000
1.000
1.000
1.000
1.000
1.000
1.000
1.000
1.000
1.000
24.547
21.184
27.177
30.946
68.250
38.168
63.445
36.501
39.057
56.689
63.475
48.753
64.165
67.624
98.924
57.663
86.557
90.012
86.696
98.719
91.812
87.882
79.433
81.715
62.777
76.278
80.353
78.941
91.222
1.000
1.000
1.000
76.878
1.000
1.000
1.000
1.000
1.000
1.000
1.000
1.000
1.000
1.000
1.000
1.000
1.000
1.000
1.000
1.000
18.226
23.654
42.560
67.004
60.270
42.082
62.044
58.197
55.976
84.101
37.766
35.506
42.442
45.835
42.825
95.763
105.512
67.671
73.773
87.197
78.091
76.068
74.886
80.353
91.012
88.044
1.000
1.000
1.000
1.000
1.000
1.000
1.000
1.000
1.000
1.000
1.000
1.000
1.000
1.000
1.000
1.000
23.286
24.889
28.386
29.539
27.676
27.328
28.787
28.458
31.261
37.128
40.794
46.387
35.286
50.431
50.641
30.227
27.171
42.131
38.142
40.888
42.540
30.946
30.931
31.835
39.382
49.249
43.231
44.730
43.591
56.872
64.150
36.316
39.030
59.115
56.494
51.156
52.857
52.155
54.063
56.572
65.268
68.754
48.809
60.562
68.644
74.783
79.947
55.642
66.085
59.102
64.625
55.642
54.891
54.815
61.475
66.267
64.121
71.170
77.268
89.557
74.216
71.895
76.931
55.744
69.984
79.524
46.871
60.298
75.648
73.047
64.923
65.253
83.215
60.884
67.189
73.536
61.038
68.533
58.790
66.665
75.928
67.531
56.429
56.002
88.247
92.512
68.565
57.148
74.783
48.051
61.773
71.961
66.267
62.187
88.145
83.753
57.306
71.746
47.479
82.794
76.613
74.319
71.945
74.955
78.614
62.087
81.979
83.349
90.199
85.428
87.640
77.144
82.149
94.820
76.278
83.792
83.387
83.676
1.000
1.000
1.000
1.000
1.000
1.000
1.000
1.000
1.000
1.000
1.000
1.000
1.000
1.000
1.000
1.000
1.000
1.000
1.000
1.000
1.000
1.000
1.000
1.000
1.000
1.000
1.000
1.000
1.000
1.000
1.000
1.000
1.000
1.000
1.000
1.000
1.000
1.000
1.000
1.000
1.000
1.000
1.000
1.000
1.000
1.000
1.000
1.000
25.050
30.591
23.206
20.678
20.994
43.102
43.013
28.635
31.761
33.566
62.633
39.455
43.692
35.286
40.272
53.395
52.216
61.930
32.449
46.903
57.174
37.145
54.213
57.095
37.636
53.666
41.381
50.804
42.894
66.497
96.139
91.643
72.912
1.000
1.000
1.000
1.000
30.493
32.055
1.000
1.000
1.000
1.000
1.000
1.000
1.000
1.000
1.000
1.000
1.000
1.000
1.000
1.000
1.000
1.000
1.000
1.000
1.000
1.000
1.000
1.000
1.000
1.000
1.000
1.000
1.000
1.000
1.000
1.000
1.000
1.000
1.000
1.000
1.000
1.000
1.000
1.000
1.000
1.000
1.000
1.000
1.000
1.000
1.000
1.000
1.000
1.000
1.000
1.000
1.000
1.000
1.000
1.000
1.000
1.000
1.000
1.000
1.000
1.000
1.000
1.000
34.395
34.578
36.392
40.225
22.925
28.734
26.736
50.362
48.018
54.765
62.777
63.067
45.952
54.013
49.888
61.193
60.926
70.388
41.362
48.406
53.901
62.216
71.302
46.484
39.628
46.881
42.668
54.613
56.715
61.122
52.000
60.311
45.562
52.192
60.856
66.191
59.252
60.562
85.467
83.888
54.651
58.966
48.753
51.940
55.706
51.062
70.226
65.163
67.189
54.463
59.566
78.995
81.546
1.000
1.000
87.016
93.111
40.682
52.372
1.000
1.000
1.000
1.000
1.000
1.000
1.000
1.000
1.000
1.000
1.000
1.000
1.000
1.000
1.000
1.000
1.000
1.000
1.000
1.000
1.000
1.000
1.000
1.000
1.000
1.000
1.000
1.000
1.000
1.000
1.000
1.000
1.000
1.000
1.000
1.000
1.000
1.000
1.000
1.000
1.000
1.000
1.000
1.000
1.000
1.000
1.000
1.000
1.000
1.000
1.000
1.000
1.000
1.000
1.000
1.000
1.000
33.884
32.188
63.139
1.000
1.000
1.000
1.000
1.000
1.000
1.000
1.000
1.000
1.000
58.210
61.108
51.098
46.004
52.119
46.677
50.165
56.053
64.461
74.370
59.170
80.668
65.373
73.181
49.147
53.481
60.464
60.506
60.007
67.515
74.388
61.546
62.474
54.929
49.477
48.350
65.103
53.015
61.263
62.244
42.993
45.909
42.423
49.602
80.094
92.854
67.686
76.331
82.395
73.943
68.913
74.765
1.000
59.924
60.104
66.727
72.795
79.965
79.524
59.511
55.552
1.000
1.000
70.453
73.807
1.000
1.000
86.318
87.016
1.000
1.000
1.000
1.000
1.000
1.000
1.000
1.000
1.000
1.000
1.000
1.000
1.000
1.000
1.000
1.000
1.000
1.000
1.000
1.000
1.000
1.000
1.000
1.000
1.000
1.000
1.000
1.000
1.000
1.000
1.000
1.000
1.000
1.000
1.000
1.000
1.000
1.000
1.000
1.000
1.000
1.000
1.000
1.000
1.000
1.000
1.000
1.000
1.000
1.000
1.000
1.000
1.000
1.000
1.000
1.000
47.523
62.575
61.362
55.719
88.961
68.423
50.223
58.857
68.549
68.391
1.000
1.000
1.000
1.000
1.000
1.000
1.000
1.000
1.000
1.000
16.784
30.690
31.485
26.724
26.730
22.999
22.496
37.291
37.008
23.094
28.728
25.692
55.488
22.914
35.629
32.263
20.673
25.136
26.200
24.769
21.267
37.497
19.315
17.779
30.095
48.384
49.774
66.283
20.716
24.322
40.945
43.361
55.144
49.877
46.217
45.635
52.505
58.911
28.609
48.787
58.952
41.802
46.047
54.075
55.616
44.320
41.966
72.360
75.422
55.680
51.868
45.709
43.944
50.524
51.665
36.678
45.625
49.579
60.048
56.002
46.892
45.196
38.806
39.292
30.570
73.080
74.353
80.910
82.319
70.974
76.261
1.000
1.000
1.000
68.738
67.189
1.000
1.000
1.000
1.000
1.000
1.000
1.000
1.000
1.000
1.000
1.000
1.000
1.000
1.000
1.000
1.000
1.000
1.000
1.000
1.000
1.000
1.000
1.000
1.000
1.000
1.000
1.000
1.000
1.000
1.000
1.000
1.000
1.000
1.000
1.000
1.000
1.000
1.000
1.000
1.000
1.000
1.000
1.000
1.000
1.000
1.000
1.000
1.000
1.000
1.000
66.451
64.121
46.537
39.138
45.134
70.453
83.330
75.007
71.351
70.599
74.388
98.583
94.711
89.064
85.075
90.116
85.605
79.818
93.929
86.119
66.927
72.912
88.328
97.836
78.343
68.046
77.108
71.730
72.277
72.477
82.966
83.272
92.109
94.016
105.172
78.560
69.422
99.038
83.849
86.696
82.073
96.605
58.076
68.281
105.269
106.832
98.469
81.377
1.000
1.000
81.171
89.331
76.243
78.560
66.881
70.388
85.901
88.349
1.000
93.089
1.000
1.000
1.000
1.000
1.000
1.000
1.000
1.000
1.000
1.000
1.000
1.000
27.644
30.151
35.563
36.610
23.340
70.762
73.536
61.589
61.193
53.666
52.845
71.187
84.372
100.277
101.930
53.284
59.429
84.236
87.882
73.841
68.093
68.030
1.000
1.000
1.000
1.000
1.000
1.000
1.000
1.000
1.000
1.000
1.000
1.000
1.000
1.000
1.000
1.000
1.000
1.000
87.357
90.469
77.179
80.742
1.000
1.000
1.000
1.000
1.000
1.000
1.000
1.000
1.000
1.000
1.000
1.000
21.677
25.674
29.060
29.669
34.682
67.406
64.998
65.178
53.481
60.828
86.119
104.713
75.945
63.096
1.000
1.000
1.000
1.000
1.000
1.000
1.000
1.000
1.000
1.000
1.000
1.000
1.000
1.000
1.000
1.000
1.000
1.000
1.000
1.000
1.000
1.000
1.000
1.000
1.000
1.000
1.000
1.000
1.000
29.874
38.574
38.203
29.194
30.747
85.408
94.776
69.936
81.339
65.539
83.234
68.818
73.689
78.686
71.995
1.000
1.000
1.000
1.000
1.000
1.000
1.000
1.000
54.063
50.489
48.978
30.556
29.478
97.387
98.084
83.291
86.338
83.483
83.811
84.918
87.761
56.598
53.839
91.012
84.120
1.000
1.000
1.000
1.000
1.000
1.000
1.000
1.000
1.000
1.000
18.159
19.440
33.105
20.212
17.116
22.589
20.212
20.898
21.622
28.074
33.029
16.951
24.906
16.357
21.296
18.651
22.506
15.613
24.717
17.648
29.874
23.270
20.105
27.227
27.083
27.511
26.792
29.868
22.085
24.227
15.014
20.012
33.744
26.712
29.936
33.412
31.937
25.183
24.272
35.051
29.262
25.918
27.015
24.316
29.819
31.901
32.070
36.644
50.769
48.228
33.543
24.683
24.694
34.025
33.128
19.697
26.448
37.342
41.745
19.834
30.570
33.923
33.705
22.223
42.462
24.322
22.423
21.822
33.083
28.288
25.293
28.093
33.651
23.458
27.682
65.978
26.092
24.099
34.658
34.395
36.610
45.321
75.336
33.481
48.697
48.117
50.188
29.282
40.841
23.818
28.399
33.182
62.936
65.358
23.922
28.067
28.445
31.827
30.981
21.355
29.248
27.504
26.669
27.283
37.480
29.417
37.377
66.911
55.412
54.125
27.708
40.420
51.050
51.701
29.275
67.717
63.270
40.420
54.777
52.529
46.979
59.649
61.532
64.387
51.286
51.168
40.383
54.388
56.533
43.924
30.311
53.604
66.069
63.081
52.396
35.343
80.427
57.398
60.395
54.138
61.887
64.091
69.406
42.111
51.654
54.450
97.904
99.862
56.872
54.866
66.742
63.812
74.405
68.738
79.451
59.279
67.531
65.857
68.580
80.872
112.383
96.383
59.511
64.254
49.923
69.984
68.707
75.249
47.786
77.911
77.911
85.941
88.389
57.557
1.000
1.000
1.000
1.000
1.000
1.000
78.361
1.000
1.000
1.000
1.000
1.000
1.000
1.000
1.000
1.000
1.000
1.000
1.000
1.000
1.000
1.000
1.000
1.000
1.000
1.000
1.000
1.000
1.000
1.000
1.000
1.000
1.000
1.000
1.000
1.000
1.000
1.000
1.000
1.000
1.000
1.000
1.000
1.000
1.000
1.000
1.000
1.000
1.000
1.000
1.000
1.000
1.000
1.000
1.000
1.000
1.000
1.000
1.000
25.734
28.880
21.767
19.360
26.922
32.696
24.188
20.417
32.651
23.361
29.902
29.833
30.669
34.245
28.887
36.033
31.747
29.957
26.026
53.728
46.462
45.488
43.762
38.124
30.186
22.809
41.668
37.377
41.153
33.304
32.114
33.543
33.029
39.012
33.235
33.612
34.826
38.824
31.182
35.571
35.917
36.258
66.788
58.546
38.045
38.583
38.922
48.462
42.364
57.003
71.450
50.489
53.064
38.797
41.248
50.524
46.323
28.249
38.833
37.420
34.586
34.300
34.475
59.347
52.565
28.216
27.599
26.984
54.538
52.942
53.052
36.872
38.566
43.441
64.684
54.088
54.113
61.207
55.873
57.650
66.497
74.473
58.385
56.260
53.963
52.192
52.578
75.945
83.753
53.567
50.292
66.650
82.890
68.881
76.789
56.403
64.849
78.055
82.623
83.849
66.176
65.449
64.565
69.711
86.119
86.298
71.252
49.113
57.531
75.336
83.985
83.618
51.976
62.820
68.945
70.843
48.978
55.093
76.384
42.102
49.808
87.478
81.809
70.097
80.928
55.886
62.216
68.438
76.296
67.873
67.749
85.133
72.627
74.611
68.155
69.215
57.108
63.548
63.826
79.799
81.903
60.604
82.300
76.807
81.077
59.938
75.162
71.713
76.507
90.074
67.236
69.119
69.056
68.549
90.824
89.640
1.000
1.000
70.404
1.000
1.000
1.000
1.000
1.000
1.000
1.000
1.000
1.000
1.000
1.000
1.000
1.000
1.000
1.000
1.000
1.000
1.000
1.000
1.000
1.000
1.000
1.000
1.000
1.000
1.000
1.000
1.000
1.000
1.000
1.000
1.000
1.000
1.000
1.000
1.000
1.000
1.000
53.395
36.787
34.730
34.538
79.818
78.217
51.511
54.063
20.272
51.464
71.812
84.101
41.976
33.427
44.484
73.570
38.530
73.502
79.086
21.777
34.300
35.051
59.115
59.334
45.373
79.873
82.871
44.361
40.992
53.951
55.924
27.727
25.433
72.694
33.744
82.149
78.487
85.625
52.553
53.493
84.140
82.186
82.756
69.839
79.799
77.161
75.998
63.416
34.491
48.507
85.330
78.813
88.593
92.257
79.726
81.320
82.737
80.445
84.489
73.519
35.011
80.186
79.671
73.807
80.205
74.336
79.781
76.630
68.140
81.489
63.096
73.909
80.519
81.527
91.770
58.884
56.053
83.772
83.927
51.464
68.707
69.231
97.432
103.777
70.778
47.468
74.696
51.027
58.668
70.909
71.367
72.460
81.979
77.073
66.267
70.243
94.951
97.477
59.306
64.165
65.268
78.001
81.452
59.580
61.179
71.335
75.318
78.959
61.052
80.094
74.473
72.011
1.000
1.000
1.000
1.000
1.000
1.000
1.000
1.000
1.000
1.000
1.000
1.000
1.000
1.000
1.000
1.000
1.000
1.000
1.000
1.000
1.000
1.000
1.000
1.000
1.000
1.000
1.000
1.000
1.000
1.000
1.000
1.000
18.488
22.693
21.130
28.814
23.094
27.258
36.033
30.669
22.688
21.918
21.672
30.627
34.253
30.598
32.092
31.827
24.906
30.690
26.773
37.213
34.033
28.556
47.665
44.596
24.261
25.246
17.869
31.623
30.521
36.526
35.744
38.869
28.854
42.875
46.763
40.870
28.536
31.732
43.471
67.562
80.002
47.152
44.504
31.239
31.304
45.436
75.701
35.481
37.696
60.604
74.114
40.776
55.488
59.566
63.285
56.964
41.276
47.534
39.765
38.265
46.784
51.286
55.386
43.182
45.572
68.423
80.649
25.894
40.151
53.088
44.535
46.881
55.578
55.847
60.048
60.632
51.274
52.481
70.925
65.720
31.879
51.227
47.044
36.881
48.978
56.455
54.689
58.749
45.709
52.759
46.441
45.952
39.355
50.582
51.487
60.884
42.267
46.068
88.166
87.539
81.715
80.612
50.652
45.825
1.000
1.000
1.000
50.980
51.916
1.000
1.000
1.000
1.000
1.000
1.000
1.000
1.000
1.000
1.000
1.000
1.000
1.000
1.000
1.000
1.000
1.000
1.000
1.000
1.000
1.000
1.000
1.000
1.000
1.000
1.000
1.000
1.000
1.000
1.000
1.000
1.000
1.000
1.000
1.000
1.000
1.000
1.000
1.000
1.000
1.000
1.000
1.000
1.000
1.000
1.000
1.000
1.000
1.000
1.000
1.000
1.000
1.000
1.000
1.000
1.000
1.000
1.000
1.000
1.000
1.000
1.000
1.000
1.000
1.000
1.000
1.000
1.000
1.000
1.000
1.000
1.000
1.000
1.000
1.000
1.000
1.000
1.000
1.000
1.000
1.000
1.000
1.000
1.000
1.000
65.857
63.562
57.201
60.311
1.000
1.000
1.000
1.000
1.000
59.759
41.286
60.940
69.470
65.028
59.347
63.900
1.000
71.746
1.000
1.000
1.000
1.000
61.277
76.278
1.000
66.176
50.524
52.638
47.676
1.000
1.000
1.000
1.000
26.050
27.574
59.388
77.108
78.271
14.689
66.420
31.210
31.659
23.502
37.515
63.241
28.550
32.953
31.398
1.000
70.729
59.197
65.826
83.407
66.727
77.625
66.788
64.893
57.903
72.094
80.816
31.254
60.646
58.143
70.097
55.030
57.174
60.104
73.553
63.081
52.396
89.888
72.127
71.351
75.249
71.384
64.476
56.247
58.925
77.518
88.920
68.675
73.299
80.891
31.290
40.114
59.020
81.171
56.846
64.804
61.221
74.696
75.718
78.325
70.681
46.591
88.552
58.117
82.851
58.452
73.418
68.929
78.578
62.748
66.819
60.021
90.053
56.663
53.555
80.649
54.051
70.307
74.148
29.417
1.000
43.521
66.711
59.759
68.644
71.713
1.000
1.000
51.511
67.905
66.405
71.269
29.930
42.648
35.686
31.067
32.696
36.949
44.761
1.000
1.000
30.283
36.041
66.665
1.000
1.000
36.341
17.022
27.797
57.201
35.091
39.255
25.369
29.087
26.613
55.297
55.514
65.811
59.511
69.582
43.934
66.742
68.596
75.980
1.000
88.125
1.000
1.000
1.000
1.000
1.000
1.000
1.000
1.000
1.000
1.000
1.000
1.000
46.409
47.896
63.533
66.039
71.515
73.367
82.395
70.146
59.020
55.144
1.000
1.000
1.000
1.000
1.000
1.000
1.000
1.000
1.000
1.000
1.000
47.098
57.650
1.000
1.000
1.000
1.000
1.000
1.000
1.000
1.000
1.000
1.000
1.000
1.000
1.000
1.000
1.000
76.225
98.311
95.499
1.000
23.741
26.613
83.062
88.491
84.256
1.000
1.000
55.106
54.601
1.000
1.000
1.000
1.000
1.000
1.000
1.000
1.000
1.000
1.000
1.000
1.000
1.000
1.000
46.281
45.520
1.000
1.000
1.000
1.000
1.000
1.000
1.000
1.000
62.994
1.000
1.000
1.000
1.000
79.524
83.407
1.000
19.028
13.687
35.197
48.161
59.020
61.291
32.479
28.840
33.643
85.290
94.646
92.045
73.468
73.350
57.398
76.015
49.888
51.310
67.422
69.486
73.909
89.660
77.268
87.559
87.943
68.375
85.901
70.469
75.353
70.404
87.983
94.886
94.602
91.791
86.457
89.125
96.672
103.181
88.227
91.981
66.328
75.145
103.157
103.896
98.651
86.996
58.010
60.618
91.622
98.810
81.564
85.961
1.000
1.000
1.000
1.000
1.000
1.000
1.000
1.000
1.000
1.000
1.000
1.000
1.000
1.000
1.000
1.000
1.000
1.000
1.000
1.000
1.000
1.000
1.000
1.000
1.000
1.000
1.000
1.000
1.000
1.000
1.000
1.000
1.000
1.000
31.783
39.418
42.179
59.115
57.465
38.521
35.506
58.010
57.056
61.150
82.851
109.471
114.630
89.598
70.599
73.773
71.713
73.434
69.279
70.372
71.105
70.746
1.000
1.000
1.000
1.000
1.000
1.000
1.000
1.000
1.000
1.000
1.000
1.000
1.000
1.000
1.000
1.000
1.000
1.000
1.000
1.000
1.000
1.000
1.000
1.000
1.000
1.000
1.000
1.000
1.000
23.190
26.953
30.283
27.127
24.005
28.543
28.327
29.971
31.282
35.612
29.343
35.892
31.282
33.159
33.955
44.926
49.431
30.123
29.978
29.376
30.082
32.196
37.566
35.727
36.509
31.982
59.924
62.216
31.124
38.967
54.113
53.137
41.276
46.602
48.261
58.117
57.703
38.985
46.677
71.400
51.133
60.814
43.371
42.364
62.517
68.124
39.473
44.127
57.983
69.390
39.084
46.602
47.109
48.106
45.154
47.808
71.072
66.344
60.242
73.807
66.619
71.746
59.156
63.533
39.555
60.674
41.957
55.335
54.941
57.610
51.773
49.170
50.968
54.250
45.227
42.638
44.015
49.431
49.957
48.933
59.334
51.192
49.865
33.963
40.309
41.822
65.238
70.259
52.954
52.457
39.021
59.965
62.849
65.118
67.562
1.000
1.000
55.963
67.035
58.050
59.772
1.000
1.000
59.224
59.047
1.000
1.000
1.000
1.000
1.000
1.000
1.000
1.000
1.000
1.000
1.000
1.000
1.000
1.000
1.000
1.000
1.000
1.000
1.000
1.000
1.000
1.000
1.000
1.000
1.000
1.000
1.000
1.000
1.000
1.000
1.000
1.000
1.000
1.000
1.000
1.000
1.000
1.000
1.000
1.000
1.000
1.000
1.000
1.000
1.000
1.000
1.000
1.000
1.000
1.000
1.000
1.000
1.000
1.000
1.000
1.000
1.000
1.000
1.000
1.000
1.000
1.000
1.000
1.000
1.000
1.000
1.000
1.000
1.000
1.000
1.000
1.000
1.000
1.000
60.884
93.261
80.464
1.000
1.000
1.000
1.000
1.000
1.000
1.000
1.000
1.000
1.000
1.000
1.000
1.000
1.000
1.000
1.000
1.000
24.446
26.522
83.387
77.304
1.000
1.000
1.000
42.914
56.715
24.294
50.373
43.441
53.015
70.372
74.336
90.323
90.866
87.539
80.223
86.457
93.218
91.664
76.489
91.664
95.631
105.439
87.680
92.130
93.994
104.761
106.365
73.266
69.502
92.130
93.907
95.896
92.683
78.307
77.411
90.866
100.161
108.293
104.785
88.145
82.547
90.845
85.566
77.965
88.349
94.297
83.291
80.371
1.000
1.000
1.000
1.000
1.000
1.000
1.000
1.000
1.000
1.000
1.000
1.000
1.000
1.000
1.000
1.000
1.000
1.000
1.000
1.000
1.000
1.000
1.000
1.000
1.000
1.000
1.000
1.000
1.000
1.000
1.000
19.534
21.038
38.415
34.850
32.999
37.188
47.261
64.625
63.343
48.150
59.170
63.929
66.328
65.073
60.048
62.893
66.069
76.895
77.393
1.000
1.000
1.000
1.000
1.000
1.000
1.000
1.000
1.000
1.000
1.000
1.000
1.000
1.000
1.000
1.000
1.000
1.000
1.000
1.000
1.000
1.000
1.000
1.000
1.000
1.000
1.000
1.000
1.000
1.000
1.000
1.000
1.000
27.752
35.498
28.138
24.729
60.506
56.715
31.586
27.720
33.504
34.245
82.319
71.978
33.312
41.735
58.939
59.635
28.820
30.353
27.932
30.012
41.134
44.463
65.043
52.517
85.231
84.431
45.061
52.469
103.443
74.439
72.644
88.614
86.159
82.357
49.431
45.835
81.564
90.573
82.775
68.580
72.061
58.304
62.173
56.546
62.330
52.432
57.122
52.336
90.240
75.858
86.856
93.929
37.731
38.212
55.642
61.291
74.370
78.560
84.918
85.645
53.555
58.898
82.035
53.815
89.207
83.676
64.165
68.077
87.943
75.770
87.096
68.171
83.811
75.875
84.392
74.851
49.545
85.585
81.752
87.217
66.942
69.871
52.071
1.000
1.000
92.109
95.477
77.232
88.634
91.749
60.298
85.842
93.089
87.781
86.357
81.377
81.489
70.876
72.577
45.646
52.918
1.000
1.000
1.000
1.000
56.898
71.302
63.125
1.000
1.000
1.000
1.000
1.000
1.000
1.000
1.000
1.000
1.000
1.000
1.000
1.000
1.000
1.000
1.000
1.000
1.000
1.000
1.000
1.000
1.000
1.000
1.000
1.000
1.000
1.000
1.000
1.000
1.000
1.000
1.000
1.000
1.000
1.000
1.000
1.000
1.000
1.000
1.000
1.000
1.000
1.000
1.000
1.000
1.000
1.000
1.000
1.000
1.000
1.000
1.000
1.000
1.000
1.000
1.000
61.461
53.592
39.994
39.857
1.000
1.000
34.324
35.934
37.334
39.792
29.424
29.546
51.511
56.455
62.835
43.102
52.457
63.988
70.664
60.799
62.517
52.143
63.256
78.037
74.302
68.802
1.000
1.000
1.000
1.000
1.000
1.000
1.000
1.000
1.000
1.000
1.000
1.000
1.000
1.000
1.000
1.000
1.000
1.000
1.000
1.000
1.000
1.000
1.000
1.000
1.000
1.000
1.000
43.441
31.930
30.158
66.589
68.786
45.899
54.651
69.486
70.697
85.173
82.035
69.550
71.170
52.662
82.851
79.928
83.560
87.963
1.000
1.000
1.000
1.000
1.000
1.000
1.000
1.000
1.000
1.000
1.000
1.000
1.000
1.000
1.000
1.000
1.000
31.857
31.376
31.268
76.138
74.182
71.121
47.022
56.951
71.220
75.648
94.755
102.683
79.341
75.145
80.464
76.278
71.829
72.862
63.738
74.148
87.539
81.489
88.961
84.333
1.000
1.000
1.000
1.000
1.000
1.000
1.000
1.000
1.000
1.000
1.000
1.000
1.000
1.000
1.000
1.000
1.000
1.000
27.353
28.860
42.228
46.677
50.257
75.561
69.327
71.581
73.706
50.501
56.702
53.777
64.180
40.719
49.431
59.827
55.093
1.000
1.000
1.000
1.000
1.000
1.000
1.000
1.000
1.000
1.000
1.000
1.000
1.000
1.000
1.000
1.000
1.000
1.000
1.000
1.000
1.000
1.000
1.000
1.000
1.000
1.000
1.000
1.000
1.000
1.000
1.000
1.000
1.000
1.000
1.000
1.000
1.000
1.000
1.000
1.000
1.000
1.000
1.000
1.000
1.000
1.000
28.695
28.080
23.790
26.497
26.669
30.896
36.149
30.825
29.100
30.867
30.186
37.446
33.435
21.052
20.526
37.940
43.491
27.271
37.575
34.395
26.369
26.436
23.041
26.626
28.695
44.895
43.441
25.775
39.111
39.048
51.820
28.412
33.167
45.973
43.591
57.703
69.167
76.243
53.174
68.992
43.823
63.387
41.793
39.737
46.004
45.415
33.121
33.174
79.068
49.046
66.374
61.390
60.982
71.499
69.263
69.518
68.297
61.390
66.727
70.502
50.617
54.689
76.825
68.171
67.344
66.466
70.958
84.062
82.680
65.238
79.378
87.438
93.541
78.995
70.518
69.327
76.243
77.375
51.618
72.078
54.300
61.645
50.781
85.133
91.685
60.478
76.966
66.696
93.132
70.795
60.856
49.682
59.993
72.879
62.762
76.261
76.436
72.344
47.643
55.132
70.534
69.422
68.218
73.570
59.020
45.846
66.054
40.841
49.705
1.000
68.565
54.676
54.702
55.322
46.270
75.041
59.814
60.478
74.559
80.316
84.938
1.000
1.000
75.823
80.965
61.574
59.841
1.000
1.000
56.768
65.978
1.000
1.000
1.000
1.000
1.000
1.000
1.000
1.000
1.000
1.000
1.000
1.000
1.000
1.000
1.000
1.000
1.000
1.000
1.000
1.000
1.000
1.000
1.000
1.000
1.000
1.000
1.000
1.000
1.000
1.000
1.000
1.000
1.000
1.000
1.000
1.000
1.000
1.000
1.000
1.000
1.000
1.000
1.000
1.000
1.000
1.000
1.000
1.000
1.000
1.000
1.000
1.000
1.000
1.000
1.000
1.000
1.000
1.000
1.000
1.000
1.000
1.000
1.000
1.000
1.000
1.000
1.000
1.000
1.000
1.000
1.000
1.000
1.000
1.000
1.000
1.000
1.000
1.000
1.000
1.000
1.000
1.000
1.000
1.000
1.000
1.000
1.000
1.000
1.000
1.000
1.000
1.000
1.000
1.000
1.000
1.000
1.000
1.000
1.000
1.000
1.000
1.000
1.000
1.000
1.000
1.000
1.000
1.000
1.000
1.000
1.000
1.000
1.000
1.000
1.000
1.000
1.000
1.000
1.000
1.000
1.000
1.000
1.000
1.000
12.951
23.730
21.213
22.956
37.282
26.491
24.632
21.057
23.867
29.923
21.528
25.592
27.701
24.843
26.461
23.243
26.038
17.338
27.695
25.639
24.831
27.669
32.344
21.762
20.249
27.810
27.644
27.015
27.650
26.804
56.977
22.652
24.564
40.804
43.411
21.757
33.037
48.206
25.154
27.435
44.137
64.684
30.269
34.080
31.952
63.738
34.554
35.164
48.809
45.593
34.088
43.481
61.475
58.076
34.483
34.842
31.089
30.109
36.517
40.729
35.934
28.774
26.448
44.906
51.310
52.012
44.198
64.432
44.885
41.793
39.555
38.063
39.346
69.968
80.910
54.903
29.087
34.906
49.238
49.534
60.200
29.532
32.900
48.206
52.759
39.939
42.668
37.136
65.599
64.018
48.406
45.962
49.762
63.445
72.078
41.524
52.662
58.695
57.890
50.408
55.093
44.525
59.951
51.832
61.574
62.173
42.325
44.228
39.482
43.682
61.759
60.007
31.725
33.466
1.000
1.000
1.000
1.000
1.000
1.000
1.000
1.000
1.000
1.000
1.000
1.000
1.000
1.000
1.000
1.000
1.000
1.000
1.000
1.000
1.000
1.000
1.000
1.000
1.000
1.000
1.000
1.000
1.000
1.000
1.000
1.000
1.000
1.000
1.000
1.000
1.000
1.000
1.000
1.000
1.000
1.000
1.000
1.000
1.000
1.000
1.000
1.000
1.000
1.000
1.000
1.000
1.000
1.000
1.000
1.000
1.000
1.000
1.000
1.000
1.000
1.000
1.000
1.000
13.409
18.854
20.597
27.701
29.971
46.249
25.882
28.510
54.702
52.192
42.904
54.777
54.488
64.834
61.518
61.532
59.020
59.553
64.328
45.846
46.259
58.291
64.313
70.210
72.812
39.093
43.371
59.896
65.358
61.447
63.650
67.004
1.000
1.000
1.000
1.000
1.000
1.000
1.000
1.000
1.000
1.000
1.000
1.000
1.000
1.000
1.000
1.000
1.000
1.000
1.000
1.000
1.000
1.000
1.000
1.000
1.000
1.000
1.000
1.000
1.000
1.000
1.000
1.000
1.000
1.000
1.000
1.000
1.000
1.000
1.000
1.000
1.000
1.000
1.000
1.000
1.000
1.000
1.000
1.000
1.000
1.000
1.000
1.000
1.000
1.000
1.000
1.000
1.000
1.000
1.000
1.000
1.000
1.000
1.000
1.000
1.000
19.289
62.806
67.174
52.024
56.442
64.893
65.766
64.521
59.951
66.313
50.606
64.595
65.313
59.869
57.187
65.645
71.367
78.433
1.000
1.000
1.000
1.000
1.000
1.000
1.000
1.000
1.000
1.000
1.000
1.000
1.000
1.000
1.000
1.000
1.000
1.000
1.000
1.000
1.000
1.000
1.000
1.000
1.000
1.000
1.000
1.000
1.000
1.000
1.000
34.858
55.144
59.635
60.173
46.752
39.838
61.193
64.284
71.879
1.000
68.202
68.014
1.000
1.000
1.000
1.000
1.000
1.000
1.000
1.000
1.000
1.000
1.000
1.000
1.000
1.000
1.000
1.000
1.000
1.000
1.000
1.000
1.000
1.000
1.000
1.000
1.000
1.000
52.167
46.526
25.674
27.752
61.122
32.991
41.783
42.102
50.524
48.106
67.811
73.198
56.650
75.059
81.602
70.502
63.256
63.562
76.401
72.078
72.963
81.733
85.035
56.572
92.598
59.607
92.385
98.719
85.566
93.886
93.562
66.604
78.271
63.168
72.728
56.689
57.597
74.268
74.679
63.870
60.772
64.610
72.244
71.647
72.344
75.858
63.548
74.834
65.569
74.336
85.507
52.024
65.599
72.627
62.893
61.830
1.000
1.000
1.000
1.000
1.000
1.000
1.000
1.000
1.000
1.000
1.000
1.000
1.000
1.000
1.000
1.000
1.000
1.000
1.000
1.000
1.000
1.000
1.000
1.000
1.000
1.000
1.000
1.000
1.000
1.000
1.000
1.000
1.000
1.000
1.000
1.000
1.000
1.000
1.000
1.000
1.000
1.000
1.000
1.000
1.000
1.000
1.000
1.000
1.000
1.000
1.000
1.000
1.000
1.000
1.000
1.000
25.090
27.052
30.704
56.689
31.139
20.375
25.457
38.646
24.429
25.686
65.103
63.343
63.183
64.328
70.275
42.619
39.021
69.359
76.068
83.138
73.047
64.195
58.735
76.560
52.036
55.783
80.002
85.842
79.928
78.995
71.796
73.892
103.944
92.491
68.501
65.343
72.327
81.979
76.595
67.952
71.961
74.559
63.606
76.366
78.777
75.648
76.577
59.061
66.039
88.410
88.900
1.000
1.000
1.000
1.000
1.000
1.000
1.000
1.000
1.000
1.000
1.000
1.000
1.000
1.000
1.000
1.000
1.000
1.000
1.000
1.000
1.000
1.000
1.000
1.000
1.000
1.000
1.000
1.000
1.000
1.000
1.000
1.000
1.000
1.000
1.000
1.000
1.000
1.000
1.000
1.000
1.000
1.000
1.000
1.000
1.000
19.306
27.290
35.318
43.092
65.796
66.850
54.916
29.895
33.327
74.903
83.695
71.154
40.738
42.766
77.161
82.851
90.095
63.329
61.716
72.210
91.876
72.460
77.589
78.777
76.948
71.846
84.353
71.269
77.822
85.349
83.272
81.003
82.149
72.577
77.535
85.016
56.169
72.744
67.174
71.565
70.194
86.040
85.310
81.096
75.405
72.344
78.922
84.256
81.583
82.947
87.016
86.338
1.000
1.000
1.000
1.000
1.000
1.000
1.000
1.000
1.000
1.000
1.000
1.000
1.000
1.000
1.000
1.000
1.000
1.000
1.000
1.000
1.000
1.000
1.000
1.000
1.000
1.000
1.000
1.000
1.000
1.000
1.000
1.000
1.000
1.000
1.000
1.000
1.000
1.000
1.000
1.000
1.000
1.000
1.000
1.000
1.000
1.000
1.000
1.000
1.000
1.000
1.000
1.000
1.000
1.000
1.000
1.000
1.000
1.000
20.999
35.465
45.258
50.606
70.033
78.904
54.727
32.900
40.701
70.615
74.131
68.360
46.903
48.933
72.078
85.035
92.939
69.072
68.423
63.489
88.491
72.979
84.606
74.559
77.250
81.283
92.491
81.752
90.908
63.139
81.246
77.304
80.575
68.565
69.663
75.701
67.905
71.335
64.893
71.351
84.723
75.492
68.738
75.509
75.110
67.639
77.055
69.904
79.305
81.903
75.875
80.057
74.645
1.000
1.000
1.000
1.000
1.000
1.000
1.000
1.000
1.000
1.000
1.000
1.000
1.000
1.000
1.000
1.000
1.000
1.000
1.000
1.000
1.000
1.000
1.000
1.000
1.000
1.000
1.000
1.000
1.000
1.000
1.000
1.000
1.000
1.000
1.000
1.000
1.000
1.000
1.000
1.000
1.000
1.000
1.000
1.000
1.000
1.000
1.000
1.000
1.000
1.000
1.000
1.000
1.000
1.000
1.000
1.000
1.000
1.000
1.000
19.884
25.433
21.276
32.063
92.130
88.288
63.183
78.959
41.286
41.553
63.694
66.865
61.973
63.592
80.519
89.640
95.896
63.856
76.419
76.103
96.294
84.062
85.035
91.096
86.080
81.546
77.482
76.155
76.243
85.842
86.457
81.339
81.040
69.823
70.033
74.046
79.543
69.839
64.343
70.000
77.822
84.547
84.684
61.844
77.732
82.680
84.217
87.640
1.000
1.000
1.000
1.000
1.000
1.000
1.000
1.000
1.000
1.000
1.000
1.000
1.000
1.000
1.000
1.000
1.000
1.000
1.000
1.000
1.000
1.000
1.000
1.000
1.000
1.000
1.000
1.000
1.000
1.000
1.000
1.000
1.000
1.000
1.000
1.000
1.000
1.000
1.000
1.000
1.000
1.000
1.000
1.000
1.000
1.000
1.000
1.000
1.000
1.000
1.000
1.000
1.000
1.000
1.000
1.000
1.000
1.000
1.000
1.000
1.000
1.000
1.000
62.835
1.000
1.000
1.000
45.196
54.979
72.678
88.736
48.184
1.000
1.000
1.000
31.813
32.802
73.013
1.000
1.000
1.000
1.000
1.000
42.894
32.681
52.445
80.223
79.433
46.666
1.000
1.000
1.000
1.000
40.907
39.165
19.342
23.643
35.818
33.986
46.709
79.415
68.549
67.174
55.808
74.302
44.279
1.000
1.000
1.000
1.000
1.000
1.000
1.000
1.000
1.000
1.000
1.000
1.000
1.000
30.269
28.268
37.923
66.374
28.314
41.572
52.300
72.744
69.263
72.344
86.278
59.197
64.580
57.056
1.000
1.000
1.000
1.000
29.971
34.308
1.000
1.000
27.983
32.719
22.584
28.236
24.992
31.652
36.728
42.111
41.706
53.064
1.000
1.000
51.964
56.403
53.346
61.348
59.827
71.945
1.000
1.000
1.000
1.000
1.000
1.000
1.000
1.000
1.000
1.000
1.000
83.387
96.895
1.000
1.000
1.000
1.000
1.000
1.000
1.000
50.524
54.601
54.438
65.796
63.768
87.297
56.794
69.422
77.232
57.756
64.239
1.000
1.000
1.000
1.000
1.000
1.000
1.000
1.000
1.000
1.000
12.924
68.171
29.161
55.911
69.247
89.331
94.798
1.000
1.000
1.000
27.246
30.339
23.222
32.704
30.768
42.579
37.836
68.234
39.066
55.195
50.350
53.914
72.761
78.813
70.162
69.167
61.731
61.475
1.000
1.000
59.361
1.000
1.000
1.000
1.000
1.000
1.000
1.000
1.000
1.000
1.000
20.907
91.580
91.749
1.000
50.664
68.014
66.696
73.131
75.128
70.664
59.402
45.888
45.656
58.358
57.187
1.000
1.000
1.000
1.000
1.000
1.000
1.000
1.000
1.000
41.191
49.694
63.270
76.190
34.316
1.000
1.000
1.000
1.000
1.000
1.000
1.000
28.854
26.382
26.260
25.757
32.561
58.735
55.335
44.988
62.560
70.097
53.113
50.957
67.655
66.206
61.094
57.783
76.050
72.477
44.422
66.466
57.810
50.478
1.000
1.000
1.000
1.000
1.000
1.000
1.000
1.000
1.000
1.000
1.000
1.000
1.000
1.000
52.348
69.936
65.811
66.328
59.965
67.733
68.423
39.039
55.501
40.068
1.000
1.000
1.000
1.000
1.000
1.000
1.000
1.000
1.000
1.000
1.000
1.000
1.000
1.000
1.000
1.000
1.000
1.000
63.110
52.602
1.000
1.000
1.000
1.000
1.000
1.000
1.000
1.000
1.000
1.000
1.000
47.676
49.023
1.000
1.000
1.000
67.406
69.679
1.000
1.000
1.000
1.000
1.000
1.000
55.654
59.279
41.793
47.228
1.000
1.000
1.000
1.000
1.000
60.674
1.000
1.000
1.000
1.000
1.000
42.228
36.141
66.313
54.088
57.876
60.076
89.146
82.604
1.000
1.000
1.000
1.000
1.000
1.000
1.000
1.000
1.000
1.000
1.000
1.000
1.000
1.000
1.000
39.147
52.107
27.816
1.000
58.546
45.583
25.763
51.940
53.211
40.570
64.789
1.000
1.000
1.000
1.000
1.000
58.371
61.348
68.375
71.713
79.141
81.677
72.094
70.762
97.342
88.471
53.150
80.612
49.317
51.582
1.000
1.000
1.000
1.000
1.000
1.000
1.000
1.000
1.000
1.000
1.000
1.000
1.000
1.000
1.000
1.000
66.024
65.088
1.000
1.000
1.000
1.000
1.000
1.000
1.000
1.000
1.000
1.000
1.000
1.000
44.885
1.000
1.000
1.000
1.000
1.000
1.000
1.000
1.000
1.000
1.000
43.914
52.457
1.000
1.000
1.000
1.000
1.000
1.000
1.000
1.000
1.000
1.000
1.000
1.000
1.000
1.000
1.000
1.000
1.000
1.000
1.000
1.000
1.000
69.952
62.791
1.000
1.000
1.000
1.000
1.000
1.000
1.000
1.000
1.000
1.000
1.000
1.000
1.000
70.599
1.000
1.000
1.000
1.000
1.000
1.000
1.000
1.000
1.000
1.000
56.053
54.777
1.000
1.000
1.000
47.555
1.000
1.000
63.227
1.000
1.000
1.000
95.808
71.812
48.831
53.740
1.000
1.000
1.000
1.000
1.000
1.000
1.000
1.000
1.000
76.878
72.094
1.000
1.000
1.000
1.000
1.000
1.000
1.000
1.000
1.000
1.000
1.000
75.631
45.551
1.000
1.000
1.000
1.000
1.000
84.645
83.138
36.408
93.025
85.803
1.000
1.000
57.346
65.238
1.000
39.994
38.833
62.618
1.000
1.000
1.000
1.000
1.000
1.000
1.000
40.031
39.346
62.762
71.170
1.000
1.000
1.000
1.000
1.000
1.000
1.000
1.000
1.000
1.000
1.000
1.000
40.514
1.000
1.000
1.000
1.000
1.000
1.000
1.000
1.000
1.000
25.194
64.595
72.427
92.982
86.557
1.000
70.291
60.674
72.078
45.583
58.762
1.000
1.000
1.000
1.000
1.000
1.000
1.000
1.000
1.000
1.000
31.791
81.979
78.741
1.000
25.763
84.120
86.756
95.697
93.843
79.396
77.428
1.000
1.000
1.000
1.000
1.000
1.000
1.000
1.000
1.000
1.000
1.000
20.272
21.370
1.000
23.286
71.829
71.730
46.015
83.830
1.000
65.509
53.839
87.458
1.000
1.000
25.805
27.321
31.369
26.516
27.772
27.964
35.612
31.594
27.353
35.011
42.394
69.088
66.650
53.150
67.081
58.979
62.015
59.156
72.594
79.836
60.772
85.625
86.338
74.989
78.723
68.612
71.581
66.696
65.464
83.753
1.000
1.000
1.000
1.000
1.000
1.000
1.000
1.000
1.000
1.000
1.000
1.000
1.000
1.000
1.000
1.000
56.027
31.543
37.740
65.313
86.179
93.498
1.000
1.000
1.000
1.000
1.000
26.128
83.965
97.118
58.560
1.000
1.000
21.311
60.464
78.307
74.938
71.532
76.366
81.452
62.460
1.000
1.000
1.000
1.000
27.829
71.746
72.510
1.000
66.911
62.647
77.804
27.378
51.475
60.492
61.660
61.987
56.299
73.519
86.756
82.985
1.000
1.000
66.696
1.000
36.291
58.466
60.954
54.075
76.313
45.436
45.227
55.399
59.525
59.061
61.291
57.504
70.162
1.000
1.000
1.000
1.000
1.000
1.000
1.000
1.000
1.000
39.201
84.781
1.000
1.000
1.000
1.000
1.000
20.507
30.095
30.416
28.451
24.912
25.486
38.637
31.304
38.744
40.983
29.669
48.697
35.958
39.030
62.287
68.786
73.978
73.536
50.431
38.159
46.720
41.658
39.756
66.558
72.111
70.323
63.680
63.870
54.275
60.339
82.947
81.583
74.336
78.614
82.680
72.477
75.770
72.996
71.796
69.135
76.560
63.081
68.202
1.000
1.000
62.589
58.952
1.000
1.000
1.000
1.000
1.000
1.000
1.000
1.000
1.000
1.000
1.000
1.000
1.000
1.000
1.000
1.000
21.538
37.740
36.517
33.083
23.752
27.791
40.654
39.274
30.311
45.061
41.124
65.403
48.674
77.500
32.330
39.912
38.441
49.946
55.911
69.936
75.249
66.115
68.124
75.561
78.632
86.040
74.046
64.180
73.553
87.237
60.298
78.073
76.296
63.198
86.557
60.982
68.454
1.000
1.000
1.000
1.000
1.000
1.000
1.000
1.000
1.000
1.000
1.000
1.000
38.672
31.960
73.232
65.539
76.595
24.350
23.599
48.350
47.599
16.831
80.649
53.567
69.727
44.106
45.994
66.665
66.435
42.540
50.200
53.976
57.730
59.498
64.032
47.940
60.940
53.988
56.663
60.799
65.872
1.000
1.000
1.000
1.000
1.000
1.000
1.000
1.000
1.000
1.000
1.000
1.000
1.000
1.000
1.000
1.000
1.000
1.000
1.000
1.000
1.000
1.000
1.000
1.000
1.000
1.000
1.000
1.000
1.000
71.862
41.783
35.229
70.275
72.327
39.967
38.028
55.898
65.857
49.980
66.344
61.193
70.275
59.034
65.826
64.774
67.282
48.161
67.158
61.207
59.224
53.753
64.610
58.790
65.013
58.830
66.619
60.786
61.645
1.000
1.000
1.000
1.000
1.000
1.000
1.000
1.000
1.000
1.000
1.000
1.000
1.000
1.000
1.000
1.000
1.000
1.000
1.000
1.000
1.000
1.000
1.000
1.000
1.000
1.000
1.000
1.000
26.742
38.115
57.823
73.299
74.886
52.192
28.927
79.214
81.077
45.614
52.083
1.000
1.000
1.000
1.000
1.000
1.000
1.000
1.000
30.416
30.137
58.184
70.372
66.497
55.360
37.575
46.036
84.957
92.278
44.015
48.295
1.000
1.000
1.000
1.000
1.000
1.000
1.000
1.000
77.321
84.333
88.859
93.584
1.000
1.000
1.000
1.000
72.477
81.059
96.427
102.259
1.000
1.000
1.000
1.000
1.000
1.000
24.883
30.479
76.384
74.869
72.678
70.065
114.209
102.991
67.298
1.000
1.000
1.000
1.000
1.000
1.000
60.173
66.497
1.000
1.000
1.000
1.000
1.000
23.862
29.553
26.558
23.599
23.351
20.616
36.442
37.316
25.194
27.296
22.223
23.195
45.625
42.267
29.751
31.864
71.236
59.896
36.216
32.524
33.698
37.377
24.643
25.107
25.474
40.663
40.402
27.970
33.574
35.156
34.017
32.018
61.731
62.560
64.106
70.356
43.843
50.107
71.763
67.282
98.424
95.852
63.592
73.909
84.586
70.567
78.668
73.926
77.589
62.791
69.984
84.256
85.467
61.589
68.423
73.316
46.377
51.204
63.241
63.592
84.062
79.561
65.088
72.394
81.040
69.679
76.560
77.786
72.979
76.931
77.055
88.328
70.974
68.234
1.000
1.000
1.000
1.000
1.000
1.000
1.000
1.000
1.000
1.000
1.000
1.000
1.000
1.000
1.000
1.000
1.000
1.000
1.000
1.000
56.938
74.370
29.847
30.514
41.879
40.327
75.110
77.179
67.733
71.978
67.344
65.103
1.000
1.000
78.795
83.811
1.000
1.000
1.000
1.000
1.000
1.000
1.000
1.000
1.000
1.000
1.000
1.000
1.000
1.000
1.000
1.000
1.000
1.000
1.000
1.000
1.000
1.000
20.347
23.131
26.860
25.710
32.681
26.315
29.971
25.188
31.160
24.666
33.916
39.628
45.071
54.790
39.692
40.757
54.714
60.187
45.331
45.973
34.451
39.847
41.908
28.530
28.281
50.652
60.926
58.871
45.625
48.674
44.147
48.406
1.000
1.000
36.484
41.658
1.000
1.000
49.181
49.181
1.000
1.000
1.000
1.000
1.000
1.000
1.000
1.000
1.000
1.000
1.000
1.000
1.000
1.000
1.000
1.000
1.000
1.000
1.000
1.000
1.000
1.000
1.000
34.151
36.166
25.627
34.498
37.688
38.380
36.593
34.995
40.383
35.900
29.861
29.275
51.940
66.481
68.834
69.711
64.091
52.276
51.665
59.827
65.857
50.933
52.784
65.238
66.283
70.453
70.178
81.527
93.756
64.998
74.012
75.405
80.408
84.372
93.605
73.689
70.307
66.252
66.773
68.754
76.384
66.420
59.457
61.859
72.728
67.811
74.063
76.966
80.390
81.658
81.941
73.367
76.683
1.000
1.000
1.000
1.000
1.000
1.000
1.000
1.000
1.000
1.000
1.000
1.000
1.000
1.000
1.000
1.000
1.000
1.000
1.000
1.000
1.000
1.000
1.000
43.541
48.518
87.539
86.656
54.388
55.629
66.252
61.787
84.159
90.053
82.947
76.931
1.000
1.000
1.000
1.000
1.000
1.000
1.000
1.000
1.000
1.000
1.000
1.000
1.000
1.000
1.000
1.000
1.000
1.000
31.506
36.050
27.378
26.062
38.583
30.867
32.900
23.195
22.542
34.914
33.527
22.532
35.408
26.461
27.663
21.832
22.116
30.276
26.424
60.464
67.267
63.885
65.479
37.308
36.889
61.376
69.582
53.199
37.923
38.344
65.720
70.583
67.795
71.515
79.947
74.388
79.433
67.749
32.151
29.724
58.010
61.504
54.588
54.313
54.225
57.943
79.305
86.916
68.628
99.931
97.544
45.311
41.505
81.208
86.696
96.872
63.885
58.103
74.473
78.109
53.137
57.095
67.035
62.273
90.887
85.114
77.357
85.566
81.077
82.813
71.862
70.632
86.000
90.511
1.000
1.000
1.000
1.000
1.000
1.000
1.000
1.000
1.000
1.000
1.000
1.000
1.000
1.000
1.000
1.000
1.000
1.000
1.000
1.000
1.000
1.000
1.000
1.000
1.000
1.000
1.000
1.000
1.000
1.000
20.380
23.340
29.054
28.100
32.908
26.430
30.402
24.479
26.345
60.618
59.211
53.333
46.946
48.865
63.518
66.527
63.929
62.777
65.857
50.629
58.993
50.015
77.002
74.456
58.197
53.150
60.828
63.023
61.489
64.491
70.681
71.713
1.000
1.000
1.000
1.000
1.000
1.000
1.000
1.000
1.000
1.000
1.000
1.000
1.000
1.000
1.000
1.000
1.000
1.000
1.000
1.000
1.000
1.000
1.000
1.000
1.000
1.000
23.561
30.917
35.245
44.249
57.663
55.043
69.727
59.115
60.437
55.796
58.157
1.000
1.000
1.000
1.000
1.000
1.000
1.000
1.000
1.000
24.071
23.588
50.898
65.902
56.247
63.343
73.655
75.805
1.000
1.000
1.000
1.000
1.000
1.000
1.000
1.000
1.000
1.000
1.000
1.000
74.473
1.000
1.000
1.000
57.003
57.293
76.984
68.030
62.230
60.926
69.263
65.933
67.764
69.215
1.000
1.000
1.000
1.000
1.000
1.000
1.000
1.000
1.000
1.000
1.000
1.000
1.000
30.697
31.557
32.546
32.263
55.976
55.911
41.286
41.467
48.686
54.026
43.782
42.501
54.752
67.081
1.000
1.000
1.000
1.000
1.000
1.000
1.000
1.000
1.000
1.000
1.000
1.000
1.000
1.000
1.000
1.000
1.000
1.000
1.000
1.000
1.000
1.000
1.000
1.000
1.000
1.000
1.000
1.000
1.000
1.000
1.000
1.000
1.000
1.000
1.000
1.000
1.000
1.000
1.000
1.000
39.820
38.054
82.794
88.941
72.828
71.713
39.473
40.729
82.167
89.084
74.114
72.294
79.965
77.073
75.232
82.243
82.775
77.411
92.961
95.631
1.000
1.000
1.000
1.000
1.000
1.000
1.000
1.000
1.000
1.000
1.000
1.000
1.000
1.000
1.000
1.000
1.000
1.000
1.000
1.000
1.000
1.000
