18.876
30.047
42.540
16.573
1.000
1.000
1.000
1.000
1.000
1.000
1.000
1.000
19.797
19.788
20.692
24.429
26.953
19.647
37.523
41.764
43.391
39.737
36.124
37.705
26.369
26.891
44.586
26.878
40.907
28.158
32.681
39.210
46.217
57.425
41.687
51.098
51.109
49.591
56.118
37.601
46.153
1.000
1.000
1.000
1.000
1.000
1.000
1.000
1.000
1.000
1.000
1.000
1.000
1.000
1.000
1.000
1.000
1.000
1.000
1.000
1.000
1.000
1.000
1.000
1.000
1.000
1.000
1.000
1.000
1.000
1.000
1.000
1.000
1.000
1.000
1.000
1.000
1.000
1.000
1.000
57.943
1.000
1.000
1.000
1.000
1.000
1.000
1.000
1.000
57.214
1.000
1.000
1.000
1.000
1.000
1.000
1.000
29.874
28.662
35.711
89.619
82.756
51.725
53.420
52.396
60.926
1.000
1.000
1.000
1.000
1.000
1.000
1.000
1.000
1.000
1.000
1.000
1.000
1.000
1.000
1.000
1.000
1.000
1.000
1.000
1.000
27.759
17.726
32.908
23.578
40.225
28.249
21.602
29.121
42.894
32.900
31.536
21.938
23.094
22.423
59.279
31.521
34.111
29.134
1.000
1.000
1.000
1.000
1.000
1.000
1.000
1.000
1.000
1.000
1.000
1.000
1.000
1.000
1.000
1.000
1.000
1.000
1.000
1.000
1.000
1.000
1.000
1.000
1.000
1.000
1.000
1.000
1.000
1.000
1.000
16.990
76.120
50.910
44.371
55.744
53.641
43.172
45.051
60.478
80.631
80.928
88.369
86.040
1.000
1.000
1.000
1.000
1.000
1.000
1.000
1.000
1.000
1.000
1.000
1.000
1.000
1.000
1.000
1.000
1.000
1.000
1.000
1.000
1.000
1.000
1.000
1.000
1.000
1.000
1.000
1.000
1.000
1.000
1.000
1.000
1.000
1.000
1.000
1.000
1.000
1.000
1.000
1.000
1.000
1.000
1.000
1.000
24.615
63.460
65.509
1.000
1.000
1.000
1.000
1.000
1.000
1.000
1.000
1.000
1.000
1.000
1.000
1.000
1.000
1.000
1.000
1.000
24.491
25.061
21.257
28.177
21.052
21.682
19.656
24.446
24.143
30.960
45.248
26.050
26.829
47.984
41.995
47.863
49.888
40.635
52.820
57.478
44.566
70.469
48.967
73.824
49.227
48.719
76.225
29.444
29.985
49.488
51.004
61.122
35.172
45.846
49.636
51.701
71.631
90.845
62.116
71.121
44.157
49.682
34.898
38.628
96.028
55.310
110.611
101.251
97.140
67.019
79.616
74.989
79.050
72.244
1.000
78.995
79.232
83.196
98.628
1.000
1.000
1.000
1.000
1.000
1.000
1.000
1.000
1.000
1.000
1.000
1.000
1.000
1.000
1.000
1.000
1.000
1.000
1.000
1.000
1.000
1.000
1.000
1.000
1.000
1.000
1.000
1.000
1.000
1.000
1.000
31.311
66.466
76.966
43.013
45.667
61.688
56.338
1.000
1.000
1.000
1.000
1.000
1.000
1.000
1.000
1.000
1.000
1.000
1.000
1.000
1.000
1.000
1.000
1.000
1.000
1.000
1.000
1.000
1.000
1.000
1.000
1.000
35.205
1.000
1.000
1.000
1.000
1.000
1.000
1.000
1.000
1.000
1.000
1.000
1.000
46.227
40.374
46.580
47.808
45.625
51.310
1.000
1.000
1.000
1.000
1.000
1.000
1.000
1.000
1.000
1.000
1.000
1.000
1.000
1.000
1.000
1.000
30.620
41.822
42.423
51.074
60.437
1.000
1.000
1.000
1.000
1.000
1.000
1.000
1.000
1.000
1.000
1.000
1.000
1.000
1.000
1.000
1.000
1.000
1.000
1.000
1.000
1.000
1.000
1.000
1.000
1.000
1.000
1.000
45.248
1.000
1.000
1.000
1.000
1.000
1.000
1.000
1.000
1.000
22.756
25.369
24.356
40.124
39.811
36.686
36.949
52.180
66.834
67.702
93.476
1.000
1.000
1.000
1.000
1.000
1.000
1.000
1.000
1.000
1.000
1.000
1.000
1.000
1.000
1.000
1.000
1.000
1.000
1.000
1.000
1.000
16.986
16.188
27.441
34.395
36.991
40.216
33.151
37.923
33.189
60.716
63.256
60.632
63.650
78.289
85.448
87.720
82.585
61.475
69.024
64.402
69.518
1.000
1.000
1.000
1.000
1.000
1.000
1.000
1.000
1.000
1.000
1.000
1.000
1.000
1.000
1.000
1.000
1.000
1.000
1.000
1.000
1.000
1.000
1.000
1.000
1.000
18.505
21.687
30.521
26.134
36.358
28.074
55.590
42.452
30.075
33.527
48.585
72.161
39.582
53.027
58.830
71.631
84.217
82.092
87.902
60.968
62.849
63.724
60.478
74.199
81.922
1.000
1.000
1.000
1.000
1.000
1.000
1.000
1.000
1.000
1.000
1.000
1.000
1.000
1.000
1.000
1.000
1.000
1.000
1.000
1.000
1.000
25.966
19.494
17.787
21.478
23.983
31.046
30.967
20.720
27.315
28.190
26.491
22.746
23.763
34.300
28.787
30.095
24.837
38.574
33.690
31.311
42.316
25.480
30.206
25.621
24.177
29.689
32.292
32.188
36.442
32.969
28.177
31.703
33.212
24.221
29.567
25.136
22.156
33.566
35.580
32.855
43.092
24.638
40.262
28.035
27.663
22.172
22.893
37.931
30.641
40.495
35.286
26.430
38.985
35.416
29.840
35.408
30.818
38.238
34.995
77.983
22.295
28.197
31.232
26.552
26.194
56.442
28.035
28.675
44.957
57.280
30.019
59.841
35.555
35.124
78.001
59.334
50.431
86.338
84.508
35.124
37.775
37.256
50.769
57.412
53.370
45.300
41.562
83.522
52.517
71.499
46.452
91.559
82.186
84.062
92.982
50.073
86.298
53.420
82.433
62.936
87.016
86.099
75.318
70.388
63.885
59.607
67.127
58.884
77.393
57.108
60.842
61.759
77.019
58.641
58.966
55.873
76.771
77.857
67.050
72.310
36.058
80.928
33.067
43.964
55.157
93.476
39.564
47.217
50.757
38.107
83.138
72.929
72.627
59.279
39.192
65.660
71.023
77.286
76.366
58.533
65.479
85.075
42.247
64.461
60.912
70.599
93.304
81.452
76.613
74.886
75.007
52.905
60.604
57.043
88.941
68.960
61.859
69.231
62.073
45.572
73.536
80.242
59.252
84.703
40.841
78.668
49.272
65.103
71.515
100.809
47.951
51.689
54.125
60.786
75.614
66.069
59.965
97.994
93.864
63.621
41.543
69.343
76.718
60.716
83.676
74.851
56.364
86.517
71.598
99.312
73.299
50.165
63.256
35.408
48.708
51.310
97.477
97.096
69.422
90.761
78.904
82.452
65.298
73.232
79.013
72.895
68.171
60.660
49.980
65.842
81.171
79.855
66.405
49.046
71.236
1.000
1.000
80.316
65.615
1.000
1.000
80.482
1.000
1.000
1.000
1.000
1.000
1.000
1.000
1.000
1.000
1.000
1.000
1.000
1.000
1.000
1.000
1.000
1.000
1.000
1.000
1.000
1.000
1.000
1.000
1.000
1.000
1.000
1.000
1.000
1.000
1.000
1.000
1.000
1.000
1.000
1.000
1.000
1.000
1.000
1.000
1.000
1.000
1.000
1.000
1.000
1.000
1.000
1.000
1.000
1.000
1.000
1.000
1.000
1.000
1.000
1.000
1.000
1.000
1.000
1.000
1.000
1.000
1.000
1.000
1.000
32.757
27.816
1.000
41.476
55.132
1.000
40.954
1.000
14.887
53.951
77.786
1.000
54.828
1.000
46.313
68.124
1.000
70.404
60.674
19.733
53.567
43.995
30.598
50.408
82.054
1.000
1.000
1.000
1.000
1.000
1.000
1.000
1.000
1.000
1.000
1.000
1.000
1.000
1.000
1.000
1.000
1.000
1.000
1.000
1.000
1.000
1.000
1.000
1.000
1.000
1.000
1.000
20.109
20.980
38.797
33.566
26.020
25.787
20.821
17.258
19.182
17.701
18.047
20.328
32.270
18.310
14.993
17.758
16.842
65.524
36.568
28.933
46.302
41.668
33.075
24.288
34.198
41.181
67.983
35.416
42.442
36.652
32.464
44.340
41.400
42.550
21.657
37.627
38.194
43.752
25.433
22.315
31.218
24.871
41.879
45.688
39.003
36.383
27.302
32.300
52.119
54.263
34.451
38.194
21.953
25.468
23.933
28.229
52.264
56.221
62.633
62.951
23.999
69.647
72.327
1.000
1.000
1.000
1.000
1.000
1.000
1.000
1.000
1.000
1.000
1.000
1.000
1.000
1.000
1.000
1.000
1.000
1.000
1.000
1.000
1.000
1.000
1.000
1.000
1.000
1.000
1.000
1.000
1.000
1.000
1.000
1.000
1.000
1.000
1.000
1.000
1.000
1.000
1.000
1.000
1.000
1.000
1.000
1.000
1.000
1.000
1.000
1.000
1.000
1.000
1.000
1.000
1.000
1.000
1.000
1.000
1.000
1.000
1.000
1.000
1.000
1.000
1.000
1.000
1.000
1.000
1.000
1.000
1.000
1.000
1.000
1.000
1.000
1.000
1.000
1.000
1.000
1.000
1.000
1.000
1.000
1.000
1.000
1.000
1.000
1.000
1.000
1.000
1.000
1.000
1.000
1.000
1.000
1.000
1.000
23.681
1.000
1.000
31.835
24.049
19.351
27.152
35.670
30.903
83.291
68.155
54.001
74.216
59.293
42.179
1.000
1.000
1.000
1.000
1.000
1.000
26.940
28.728
28.504
1.000
1.000
26.971
26.357
22.914
19.638
1.000
1.000
66.298
78.777
109.522
110.713
1.000
1.000
1.000
1.000
1.000
1.000
16.077
20.300
40.374
16.327
17.414
21.184
36.669
31.053
46.036
45.154
39.820
39.737
22.459
22.914
34.245
19.226
20.668
45.994
1.000
1.000
1.000
1.000
1.000
1.000
1.000
1.000
1.000
1.000
1.000
1.000
1.000
1.000
1.000
1.000
1.000
1.000
1.000
1.000
1.000
1.000
1.000
1.000
1.000
1.000
1.000
1.000
1.000
1.000
1.000
1.000
1.000
1.000
1.000
1.000
1.000
25.492
22.584
24.446
73.232
62.345
70.146
77.339
71.680
64.461
79.836
89.310
69.888
77.286
1.000
1.000
1.000
1.000
1.000
1.000
1.000
1.000
1.000
1.000
1.000
27.435
29.242
24.536
30.648
56.911
56.079
57.095
66.405
68.596
46.806
67.936
74.114
58.681
59.429
29.888
30.939
45.290
45.698
56.053
63.782
47.011
46.871
48.697
1.000
1.000
1.000
1.000
1.000
1.000
1.000
1.000
1.000
1.000
1.000
1.000
1.000
1.000
1.000
1.000
1.000
1.000
1.000
1.000
1.000
1.000
1.000
1.000
1.000
1.000
1.000
1.000
1.000
1.000
1.000
1.000
1.000
1.000
1.000
1.000
1.000
1.000
1.000
1.000
23.345
36.008
50.863
90.657
98.537
67.174
73.451
83.081
79.855
78.379
73.384
79.396
79.891
1.000
1.000
1.000
1.000
1.000
1.000
1.000
1.000
1.000
1.000
1.000
1.000
1.000
1.000
1.000
1.000
1.000
1.000
1.000
1.000
1.000
1.000
1.000
37.085
42.727
22.172
24.077
35.441
36.099
53.703
43.291
25.674
28.016
37.975
45.175
38.601
45.051
44.999
65.751
51.109
58.210
45.061
49.238
45.835
51.916
45.071
35.744
38.583
59.690
48.350
48.195
44.978
46.968
35.522
52.167
40.031
47.370
52.312
52.954
67.422
63.067
1.000
1.000
1.000
1.000
1.000
1.000
1.000
1.000
1.000
1.000
1.000
1.000
1.000
1.000
1.000
1.000
1.000
1.000
1.000
1.000
1.000
1.000
1.000
1.000
1.000
1.000
1.000
1.000
1.000
1.000
1.000
1.000
1.000
1.000
1.000
1.000
1.000
30.033
38.335
24.372
21.038
38.994
38.468
53.186
48.798
30.381
36.199
37.205
37.068
44.106
65.494
53.186
55.847
42.973
50.874
46.720
56.364
53.963
36.208
46.377
67.050
51.892
47.250
31.813
38.107
35.967
49.854
51.618
71.713
1.000
1.000
1.000
1.000
1.000
1.000
1.000
1.000
1.000
1.000
1.000
1.000
1.000
1.000
1.000
1.000
1.000
1.000
1.000
1.000
1.000
1.000
1.000
1.000
1.000
1.000
1.000
1.000
1.000
1.000
1.000
1.000
1.000
1.000
1.000
1.000
1.000
1.000
1.000
1.000
1.000
1.000
57.584
1.000
68.644
1.000
1.000
1.000
1.000
49.454
1.000
1.000
1.000
1.000
1.000
1.000
1.000
1.000
1.000
1.000
1.000
1.000
60.618
57.253
68.328
67.468
1.000
1.000
1.000
1.000
1.000
58.830
65.148
1.000
1.000
1.000
30.047
30.444
48.674
55.450
56.611
60.159
50.652
38.931
44.269
52.312
51.322
66.100
1.000
1.000
1.000
1.000
1.000
1.000
1.000
1.000
1.000
1.000
1.000
1.000
1.000
1.000
1.000
1.000
1.000
1.000
1.000
1.000
1.000
22.961
37.471
39.301
50.362
63.650
56.390
57.597
61.944
1.000
1.000
1.000
1.000
1.000
1.000
1.000
1.000
1.000
1.000
1.000
1.000
1.000
1.000
1.000
1.000
1.000
1.000
1.000
1.000
1.000
1.000
1.000
1.000
1.000
1.000
1.000
28.003
43.702
35.744
42.121
29.587
30.726
40.272
39.829
42.082
52.240
37.515
49.329
50.769
45.551
49.477
42.668
49.843
52.893
56.507
62.864
63.577
59.566
37.897
44.269
62.849
43.621
60.758
44.596
45.825
38.628
48.051
1.000
1.000
1.000
1.000
1.000
1.000
1.000
1.000
1.000
1.000
1.000
1.000
1.000
1.000
1.000
1.000
1.000
1.000
1.000
1.000
1.000
1.000
1.000
1.000
1.000
18.476
20.022
35.473
43.013
35.221
34.135
55.590
54.979
41.134
42.374
44.055
44.844
55.719
54.954
46.838
58.884
60.451
60.090
67.749
68.093
72.394
45.835
53.543
57.863
49.934
64.106
49.306
49.351
66.130
55.399
68.659
47.424
47.370
58.939
60.270
1.000
1.000
1.000
1.000
1.000
1.000
1.000
1.000
1.000
1.000
1.000
1.000
1.000
1.000
1.000
1.000
1.000
1.000
1.000
1.000
1.000
1.000
1.000
1.000
1.000
1.000
1.000
1.000
1.000
38.318
29.710
16.432
53.420
32.315
34.293
29.992
53.777
32.486
21.707
19.226
32.840
32.026
20.347
21.822
42.238
33.358
32.322
69.582
60.926
45.888
58.103
55.310
43.652
38.133
46.068
34.778
38.371
53.493
55.590
54.903
61.759
45.269
50.327
63.959
53.852
60.534
78.487
71.912
46.526
1.000
1.000
49.591
49.739
49.716
46.666
55.578
1.000
1.000
1.000
1.000
1.000
1.000
1.000
1.000
1.000
1.000
1.000
1.000
1.000
1.000
1.000
1.000
1.000
1.000
1.000
1.000
1.000
1.000
1.000
1.000
1.000
1.000
1.000
1.000
1.000
1.000
1.000
1.000
1.000
1.000
1.000
1.000
1.000
1.000
1.000
1.000
1.000
1.000
1.000
1.000
1.000
1.000
1.000
1.000
1.000
1.000
1.000
1.000
1.000
1.000
1.000
1.000
1.000
1.000
1.000
1.000
1.000
1.000
1.000
1.000
1.000
48.217
60.702
70.243
61.859
77.144
59.293
63.460
60.898
69.968
46.655
68.897
1.000
1.000
1.000
1.000
1.000
1.000
1.000
1.000
1.000
1.000
1.000
17.527
19.351
22.977
25.241
33.947
47.918
45.290
45.677
57.385
57.122
60.159
54.840
62.676
40.851
50.722
56.885
50.269
41.562
43.642
67.983
69.888
49.843
48.989
68.155
68.202
63.856
68.960
77.911
68.945
60.034
55.603
61.207
66.039
93.046
88.349
63.139
70.518
75.527
66.435
42.063
45.878
1.000
1.000
1.000
1.000
1.000
1.000
1.000
1.000
1.000
1.000
1.000
1.000
1.000
1.000
1.000
1.000
1.000
1.000
1.000
1.000
1.000
1.000
1.000
1.000
1.000
1.000
1.000
1.000
1.000
1.000
1.000
1.000
1.000
1.000
1.000
1.000
1.000
1.000
1.000
1.000
1.000
1.000
1.000
1.000
1.000
1.000
1.000
1.000
1.000
1.000
1.000
1.000
1.000
1.000
1.000
1.000
1.000
1.000
1.000
1.000
1.000
1.000
1.000
1.000
1.000
1.000
1.000
55.565
20.207
23.233
43.003
37.897
34.618
44.340
43.072
41.324
44.045
58.573
62.532
58.519
56.014
26.656
26.620
38.247
39.418
52.893
71.154
58.479
59.883
60.464
50.455
56.846
44.679
48.865
49.511
68.218
67.717
47.512
46.720
81.715
74.748
35.958
62.719
57.890
70.259
71.846
1.000
1.000
1.000
1.000
1.000
1.000
1.000
1.000
1.000
1.000
1.000
1.000
1.000
1.000
1.000
1.000
1.000
1.000
1.000
1.000
1.000
1.000
1.000
1.000
1.000
1.000
1.000
1.000
1.000
1.000
1.000
1.000
1.000
1.000
1.000
1.000
1.000
1.000
1.000
1.000
1.000
1.000
1.000
1.000
1.000
1.000
1.000
1.000
1.000
1.000
1.000
1.000
1.000
1.000
1.000
1.000
22.192
25.334
53.988
62.980
69.119
62.951
73.790
77.589
73.198
52.432
55.348
1.000
1.000
1.000
1.000
1.000
1.000
1.000
1.000
1.000
1.000
1.000
1.000
1.000
1.000
26.534
40.495
31.901
28.171
28.940
26.534
26.497
30.711
27.265
33.144
32.004
33.473
26.540
32.878
33.113
26.146
27.938
51.535
54.601
60.646
51.004
59.662
46.079
48.507
50.142
47.424
49.579
61.504
58.251
63.518
54.325
58.331
52.517
38.806
56.689
68.218
1.000
1.000
1.000
1.000
1.000
1.000
1.000
1.000
1.000
1.000
1.000
1.000
1.000
1.000
1.000
1.000
1.000
1.000
1.000
1.000
1.000
1.000
1.000
1.000
1.000
1.000
1.000
1.000
1.000
1.000
1.000
1.000
1.000
1.000
1.000
1.000
1.000
1.000
1.000
1.000
1.000
23.988
25.882
45.175
32.885
31.160
32.026
79.506
88.227
94.254
61.745
71.056
1.000
1.000
1.000
1.000
1.000
1.000
1.000
1.000
1.000
1.000
1.000
1.000
1.000
1.000
1.000
1.000
1.000
1.000
1.000
1.000
1.000
1.000
1.000
1.000
1.000
1.000
1.000
1.000
1.000
1.000
1.000
1.000
1.000
1.000
1.000
1.000
1.000
30.818
31.536
49.295
58.560
57.850
59.170
71.417
69.550
62.532
70.909
1.000
1.000
1.000
1.000
1.000
1.000
1.000
1.000
1.000
1.000
59.416
58.277
62.259
65.208
53.852
88.389
89.598
94.929
1.000
1.000
1.000
1.000
1.000
1.000
1.000
1.000
1.000
45.899
55.526
42.325
49.431
72.963
71.450
60.632
84.178
83.714
86.537
1.000
1.000
1.000
1.000
1.000
1.000
1.000
1.000
19.738
28.794
19.284
23.089
20.123
38.344
19.235
21.370
26.333
27.447
25.834
21.483
22.100
25.592
25.751
23.308
23.372
22.428
25.562
71.862
34.578
43.541
42.005
58.318
67.795
71.631
42.687
45.930
58.762
76.454
48.899
52.384
57.306
18.971
36.737
81.115
84.586
42.628
43.823
64.610
69.759
50.269
32.554
47.709
51.892
90.594
91.876
53.469
54.238
1.000
1.000
1.000
1.000
1.000
1.000
1.000
1.000
1.000
1.000
1.000
1.000
1.000
1.000
1.000
1.000
1.000
1.000
1.000
1.000
1.000
1.000
1.000
1.000
1.000
1.000
1.000
1.000
1.000
1.000
1.000
1.000
1.000
1.000
1.000
1.000
1.000
1.000
1.000
1.000
1.000
1.000
1.000
1.000
1.000
1.000
1.000
1.000
1.000
1.000
1.000
1.000
1.000
1.000
1.000
1.000
1.000
1.000
1.000
1.000
1.000
1.000
1.000
1.000
1.000
1.000
1.000
1.000
1.000
1.000
1.000
1.000
60.576
61.901
1.000
1.000
1.000
24.406
43.501
59.566
63.431
31.974
30.803
26.792
40.041
40.105
34.135
68.407
64.224
73.350
47.119
51.773
50.096
56.002
68.423
68.802
63.023
75.910
67.717
61.362
80.316
84.431
67.174
67.686
60.744
66.435
95.345
95.192
72.979
76.454
62.922
59.993
72.078
63.139
64.774
68.014
85.724
56.598
62.460
65.163
86.537
85.862
77.286
75.024
84.295
1.000
1.000
1.000
1.000
1.000
1.000
1.000
1.000
1.000
1.000
1.000
1.000
1.000
1.000
1.000
1.000
1.000
1.000
1.000
1.000
1.000
1.000
1.000
1.000
1.000
1.000
1.000
1.000
1.000
1.000
1.000
1.000
1.000
1.000
1.000
1.000
1.000
1.000
1.000
1.000
1.000
1.000
1.000
35.011
23.421
20.701
21.979
22.993
24.940
39.884
72.845
64.372
66.681
74.662
73.926
74.593
75.422
97.477
69.072
76.577
61.447
61.603
77.250
75.614
60.562
64.610
87.801
86.776
1.000
67.127
71.779
76.666
78.542
1.000
1.000
1.000
1.000
1.000
1.000
1.000
1.000
1.000
1.000
1.000
1.000
1.000
1.000
1.000
1.000
1.000
1.000
1.000
1.000
1.000
1.000
1.000
1.000
1.000
1.000
1.000
1.000
1.000
1.000
1.000
1.000
1.000
1.000
1.000
1.000
38.247
32.772
22.434
41.210
38.019
56.442
55.654
41.976
23.665
45.614
40.216
29.874
22.824
39.409
78.109
74.851
75.474
17.980
49.980
52.893
21.767
29.356
27.435
32.077
31.326
74.456
81.358
55.144
60.799
25.462
71.138
81.470
84.996
93.605
78.163
105.706
74.903
81.190
81.264
69.135
80.057
80.984
71.302
70.162
79.524
60.284
86.099
92.491
64.091
76.085
65.615
77.804
72.044
68.265
50.026
45.051
72.761
68.218
55.757
55.860
73.468
74.182
46.334
54.113
81.433
70.469
89.351
86.796
77.286
72.327
63.096
64.536
77.875
79.524
61.066
61.122
1.000
1.000
70.097
70.534
69.727
75.059
53.407
56.898
1.000
1.000
1.000
1.000
1.000
1.000
1.000
1.000
1.000
1.000
1.000
1.000
1.000
1.000
1.000
1.000
1.000
1.000
1.000
1.000
1.000
1.000
1.000
1.000
1.000
1.000
1.000
1.000
1.000
1.000
1.000
20.086
23.169
22.182
24.316
22.782
26.638
26.884
32.337
50.234
55.924
36.149
29.060
52.759
41.030
39.591
46.602
28.675
29.526
25.556
24.423
66.711
59.252
41.352
35.810
35.270
44.300
49.102
41.181
39.829
49.946
57.650
50.269
53.592
58.237
59.827
68.707
61.745
65.826
73.080
82.186
89.084
82.186
80.854
83.599
69.518
74.628
78.542
57.983
62.130
64.729
76.384
81.133
78.668
65.268
75.770
61.787
68.675
52.565
55.693
64.491
62.791
61.873
66.435
76.366
73.587
57.890
56.598
99.197
63.812
63.358
71.548
73.097
69.279
73.013
79.726
70.437
69.679
69.231
64.461
68.171
1.000
1.000
75.041
76.913
1.000
1.000
1.000
1.000
1.000
1.000
1.000
1.000
1.000
1.000
1.000
1.000
1.000
1.000
1.000
1.000
1.000
1.000
1.000
1.000
1.000
1.000
1.000
28.582
27.593
44.792
47.391
51.086
56.325
59.143
66.009
1.000
1.000
1.000
1.000
1.000
1.000
1.000
1.000
1.000
1.000
1.000
1.000
1.000
1.000
1.000
1.000
1.000
1.000
1.000
1.000
1.000
1.000
36.991
38.001
66.222
65.449
70.323
81.377
80.057
86.437
48.206
61.010
55.437
62.777
66.881
59.334
66.865
1.000
1.000
1.000
1.000
1.000
1.000
1.000
1.000
1.000
1.000
1.000
71.302
72.845
1.000
1.000
50.992
58.210
73.553
76.825
65.902
78.505
103.039
83.503
80.984
76.103
1.000
1.000
1.000
1.000
1.000
1.000
1.000
1.000
1.000
1.000
1.000
20.531
71.995
70.372
66.405
95.280
92.790
108.793
82.167
84.684
84.528
1.000
1.000
1.000
1.000
1.000
1.000
1.000
1.000
26.212
20.663
36.299
32.166
31.820
33.098
30.690
34.064
28.347
31.608
20.797
36.652
25.445
31.842
33.389
45.248
23.099
23.818
38.637
48.006
21.994
30.803
33.473
26.823
43.642
42.766
53.889
55.132
37.128
42.325
41.773
44.361
68.612
70.502
30.227
50.886
28.029
28.392
29.641
62.173
52.493
56.820
37.566
41.400
45.488
51.773
70.729
72.812
53.456
57.717
55.284
41.077
51.916
58.681
46.989
46.174
65.073
70.178
54.714
53.137
1.000
1.000
1.000
1.000
1.000
1.000
1.000
1.000
1.000
1.000
1.000
1.000
1.000
1.000
1.000
1.000
1.000
1.000
1.000
1.000
1.000
1.000
1.000
1.000
1.000
1.000
1.000
1.000
1.000
1.000
1.000
1.000
1.000
1.000
1.000
1.000
1.000
1.000
1.000
1.000
1.000
1.000
1.000
1.000
1.000
1.000
1.000
1.000
1.000
1.000
1.000
1.000
1.000
1.000
40.588
34.285
41.629
30.416
26.044
29.121
49.648
30.472
28.893
26.485
25.433
38.851
32.011
73.722
36.083
40.907
36.233
45.457
42.579
77.411
57.703
62.994
54.979
50.292
58.533
47.588
45.899
48.989
51.511
67.562
77.625
52.300
49.659
62.907
63.577
71.631
80.575
73.756
76.931
61.716
68.250
55.860
64.032
50.362
58.210
72.544
74.765
73.333
69.823
79.214
82.395
54.138
58.184
62.922
67.936
77.250
65.283
1.000
1.000
1.000
1.000
1.000
1.000
1.000
1.000
1.000
1.000
1.000
1.000
1.000
1.000
1.000
1.000
1.000
1.000
1.000
1.000
1.000
1.000
1.000
1.000
1.000
1.000
1.000
1.000
1.000
1.000
1.000
1.000
1.000
1.000
1.000
1.000
1.000
1.000
1.000
1.000
1.000
1.000
1.000
1.000
1.000
1.000
1.000
1.000
1.000
1.000
1.000
1.000
1.000
1.000
1.000
1.000
1.000
1.000
1.000
63.768
48.261
44.668
48.095
1.000
1.000
1.000
1.000
1.000
1.000
1.000
1.000
1.000
1.000
1.000
1.000
1.000
1.000
29.322
79.763
79.013
89.002
83.927
96.028
100.600
1.000
1.000
1.000
1.000
1.000
1.000
1.000
1.000
1.000
1.000
1.000
1.000
1.000
1.000
1.000
27.906
22.090
55.821
51.928
41.889
45.994
65.826
65.766
59.306
60.688
48.787
63.665
62.777
86.377
78.469
1.000
1.000
1.000
1.000
1.000
1.000
1.000
1.000
1.000
1.000
1.000
1.000
1.000
1.000
22.444
31.930
34.810
45.009
49.046
58.385
72.644
69.247
70.388
1.000
1.000
1.000
1.000
1.000
1.000
1.000
1.000
1.000
1.000
1.000
1.000
1.000
1.000
1.000
1.000
60.021
46.036
54.113
1.000
1.000
1.000
1.000
1.000
1.000
1.000
1.000
1.000
1.000
1.000
1.000
82.319
54.051
54.777
71.285
1.000
1.000
1.000
1.000
1.000
1.000
1.000
1.000
1.000
1.000
1.000
22.428
16.928
33.258
32.441
27.447
26.339
41.020
34.072
41.668
44.198
45.206
71.450
57.280
76.718
75.858
1.000
1.000
1.000
1.000
1.000
1.000
1.000
1.000
1.000
1.000
1.000
1.000
1.000
1.000
1.000
1.000
1.000
58.722
56.118
72.644
1.000
1.000
1.000
1.000
1.000
1.000
1.000
1.000
1.000
1.000
1.000
1.000
1.000
1.000
1.000
1.000
1.000
1.000
1.000
1.000
73.232
1.000
1.000
1.000
1.000
1.000
1.000
1.000
67.842
61.094
1.000
1.000
1.000
1.000
1.000
1.000
1.000
1.000
1.000
1.000
20.835
27.271
26.792
39.582
46.709
38.001
40.766
33.067
30.860
61.716
48.798
72.778
60.284
95.433
95.918
65.073
70.795
1.000
1.000
1.000
1.000
1.000
1.000
1.000
1.000
1.000
1.000
1.000
1.000
1.000
1.000
1.000
1.000
57.332
58.466
1.000
1.000
1.000
1.000
1.000
1.000
1.000
1.000
1.000
1.000
1.000
1.000
1.000
16.331
30.200
30.451
40.124
44.658
59.224
50.980
49.317
51.856
37.060
54.038
64.210
73.232
71.598
66.191
70.033
1.000
1.000
1.000
1.000
1.000
1.000
1.000
1.000
1.000
1.000
1.000
1.000
1.000
1.000
26.891
22.584
31.031
30.528
36.745
40.964
40.142
46.591
56.794
34.443
59.416
68.218
61.404
68.265
1.000
1.000
1.000
1.000
1.000
1.000
1.000
1.000
1.000
1.000
1.000
1.000
1.000
1.000
44.648
43.401
79.451
67.983
66.024
47.654
57.703
58.560
66.191
77.144
1.000
1.000
1.000
1.000
1.000
1.000
1.000
1.000
1.000
1.000
1.000
1.000
1.000
35.851
58.036
60.618
74.148
79.653
66.742
79.763
72.011
82.224
60.940
69.888
77.571
1.000
1.000
1.000
1.000
1.000
1.000
1.000
1.000
1.000
1.000
1.000
1.000
1.000
1.000
1.000
1.000
1.000
1.000
1.000
29.087
26.841
31.268
49.911
34.395
34.754
64.447
86.557
82.338
56.807
63.329
82.243
62.001
69.135
1.000
1.000
1.000
1.000
1.000
1.000
1.000
1.000
1.000
1.000
1.000
1.000
1.000
1.000
1.000
1.000
1.000
1.000
1.000
1.000
1.000
1.000
1.000
1.000
1.000
1.000
1.000
1.000
1.000
1.000
1.000
1.000
1.000
1.000
52.808
48.820
51.654
51.677
63.724
60.982
49.046
61.560
60.437
83.541
82.357
1.000
1.000
1.000
1.000
1.000
1.000
1.000
1.000
1.000
1.000
1.000
1.000
1.000
1.000
1.000
26.188
29.682
32.931
53.976
61.674
1.000
1.000
1.000
47.000
53.555
1.000
1.000
1.000
1.000
1.000
1.000
1.000
1.000
1.000
1.000
1.000
1.000
1.000
1.000
40.532
40.504
58.076
53.444
55.667
66.958
1.000
1.000
1.000
1.000
1.000
1.000
1.000
1.000
1.000
1.000
1.000
1.000
1.000
1.000
49.488
48.967
1.000
1.000
1.000
1.000
1.000
1.000
1.000
1.000
1.000
1.000
1.000
1.000
1.000
1.000
19.747
19.006
24.866
35.670
21.164
22.085
31.427
26.638
26.810
25.680
21.582
22.988
25.781
28.556
35.229
41.077
40.300
63.915
36.872
45.994
52.662
48.384
50.269
26.236
27.416
25.954
29.215
38.690
56.507
63.139
49.694
46.784
29.950
35.490
51.654
51.749
65.388
66.604
60.744
52.348
70.941
75.336
1.000
1.000
1.000
1.000
1.000
1.000
1.000
1.000
1.000
1.000
1.000
1.000
1.000
1.000
1.000
1.000
1.000
1.000
1.000
1.000
1.000
1.000
1.000
1.000
1.000
1.000
1.000
1.000
1.000
1.000
1.000
1.000
1.000
1.000
1.000
1.000
1.000
1.000
1.000
1.000
1.000
1.000
1.000
1.000
1.000
1.000
1.000
1.000
1.000
1.000
1.000
1.000
1.000
1.000
1.000
1.000
1.000
28.635
36.208
54.038
29.007
40.022
42.766
35.229
40.992
34.151
45.909
29.573
38.779
46.026
53.592
59.896
54.840
50.559
50.304
53.666
67.593
1.000
1.000
1.000
1.000
1.000
1.000
1.000
1.000
1.000
1.000
1.000
1.000
27.435
28.333
30.846
35.351
51.582
45.709
52.481
50.548
58.546
80.519
1.000
1.000
1.000
1.000
1.000
1.000
1.000
1.000
1.000
1.000
1.000
1.000
1.000
1.000
1.000
1.000
55.565
25.787
26.977
25.264
24.350
34.056
32.969
34.451
32.307
25.972
26.146
33.908
28.913
59.347
63.227
67.515
73.232
43.732
45.384
55.847
63.052
46.774
55.259
46.079
55.450
39.683
50.594
52.529
48.451
53.125
55.463
61.066
63.724
67.499
65.751
48.250
57.517
59.745
57.069
81.884
77.839
64.759
69.566
67.484
60.954
48.764
61.038
78.505
54.038
58.210
65.630
63.299
65.358
76.577
57.451
53.137
52.276
45.804
42.894
1.000
1.000
1.000
1.000
1.000
1.000
1.000
1.000
1.000
1.000
1.000
1.000
1.000
1.000
1.000
1.000
1.000
1.000
1.000
1.000
1.000
1.000
1.000
1.000
1.000
1.000
1.000
1.000
1.000
1.000
1.000
1.000
1.000
1.000
56.964
50.863
47.381
57.956
1.000
1.000
1.000
1.000
1.000
1.000
1.000
1.000
1.000
1.000
1.000
1.000
1.000
1.000
1.000
1.000
1.000
1.000
1.000
1.000
1.000
1.000
1.000
1.000
1.000
1.000
1.000
22.274
35.645
32.092
30.109
30.472
27.033
29.000
45.488
56.938
24.188
46.957
57.996
66.039
73.943
36.208
65.584
33.760
33.037
46.752
56.520
82.985
80.724
1.000
1.000
1.000
1.000
1.000
1.000
1.000
1.000
1.000
1.000
1.000
1.000
1.000
1.000
1.000
1.000
1.000
1.000
1.000
1.000
1.000
1.000
1.000
1.000
1.000
1.000
1.000
1.000
1.000
1.000
1.000
1.000
1.000
1.000
1.000
1.000
1.000
48.899
27.530
27.359
25.328
43.752
42.638
49.125
56.273
41.822
45.019
36.983
43.311
47.973
61.688
70.243
87.297
81.452
71.252
71.302
1.000
1.000
1.000
1.000
1.000
1.000
1.000
1.000
1.000
1.000
1.000
1.000
1.000
1.000
1.000
1.000
1.000
1.000
59.580
71.351
45.405
48.730
57.943
54.866
56.325
65.058
69.183
1.000
1.000
1.000
1.000
1.000
1.000
1.000
1.000
1.000
1.000
1.000
1.000
1.000
1.000
1.000
1.000
1.000
46.047
50.443
52.071
56.286
62.073
73.858
74.800
68.407
70.307
63.870
64.595
49.125
60.926
66.481
79.855
1.000
1.000
1.000
1.000
1.000
1.000
1.000
1.000
1.000
1.000
1.000
1.000
1.000
1.000
1.000
1.000
1.000
1.000
1.000
1.000
1.000
1.000
57.122
59.539
60.898
1.000
1.000
1.000
1.000
1.000
1.000
1.000
1.000
1.000
1.000
1.000
1.000
1.000
1.000
1.000
1.000
64.284
65.720
71.466
85.743
81.283
79.068
76.296
1.000
1.000
1.000
1.000
1.000
1.000
1.000
1.000
17.927
21.232
37.975
26.853
33.067
47.929
32.961
39.400
33.489
35.498
42.238
55.119
49.534
43.642
64.595
69.647
85.981
81.828
76.173
86.278
78.505
63.929
67.220
70.259
71.532
65.811
73.790
62.748
71.499
76.595
69.839
71.105
81.208
82.566
105.293
91.369
85.684
91.833
69.663
75.596
63.110
74.405
77.857
72.946
62.015
63.038
77.786
80.742
76.507
59.375
66.988
68.265
59.717
65.705
80.094
78.127
53.015
62.158
74.525
74.182
79.396
73.841
1.000
1.000
1.000
1.000
1.000
1.000
1.000
1.000
1.000
1.000
1.000
1.000
1.000
1.000
1.000
1.000
1.000
1.000
1.000
1.000
1.000
1.000
1.000
1.000
1.000
1.000
1.000
1.000
1.000
1.000
1.000
1.000
1.000
1.000
1.000
1.000
1.000
1.000
1.000
1.000
1.000
23.174
23.747
27.378
17.033
22.070
23.020
50.315
30.549
27.397
27.606
29.669
30.811
31.982
32.719
32.218
32.546
35.019
25.281
27.829
26.996
38.967
47.544
27.855
33.853
24.272
24.479
24.491
21.667
33.281
42.433
45.909
49.227
59.800
45.300
58.533
65.569
42.374
47.381
42.413
50.246
48.040
52.723
49.854
59.814
55.157
63.826
56.156
51.027
71.384
38.424
42.964
67.920
65.736
42.452
47.250
61.816
65.163
37.601
60.898
75.041
57.030
56.053
62.259
61.631
80.984
79.250
57.810
58.546
1.000
1.000
70.033
71.945
58.722
56.781
1.000
1.000
1.000
1.000
1.000
1.000
1.000
1.000
1.000
1.000
1.000
1.000
1.000
1.000
1.000
1.000
1.000
1.000
1.000
1.000
1.000
1.000
1.000
1.000
1.000
1.000
1.000
1.000
1.000
1.000
1.000
1.000
1.000
1.000
1.000
1.000
1.000
1.000
1.000
1.000
1.000
1.000
1.000
1.000
1.000
1.000
1.000
1.000
1.000
1.000
1.000
1.000
1.000
1.000
1.000
1.000
1.000
1.000
1.000
1.000
1.000
1.000
1.000
1.000
1.000
1.000
1.000
1.000
1.000
1.000
1.000
1.000
23.458
1.000
1.000
1.000
1.000
1.000
1.000
1.000
1.000
1.000
1.000
1.000
60.242
40.346
1.000
1.000
1.000
1.000
1.000
1.000
1.000
1.000
46.100
45.920
1.000
1.000
1.000
1.000
1.000
1.000
1.000
1.000
1.000
1.000
1.000
1.000
1.000
1.000
1.000
1.000
1.000
1.000
1.000
32.412
67.608
57.996
1.000
1.000
1.000
1.000
1.000
1.000
1.000
1.000
1.000
1.000
1.000
1.000
1.000
1.000
1.000
1.000
1.000
35.132
35.859
56.611
58.560
1.000
1.000
1.000
1.000
1.000
1.000
1.000
1.000
1.000
1.000
1.000
1.000
1.000
1.000
1.000
1.000
1.000
1.000
1.000
28.464
27.561
29.751
31.254
48.596
49.969
61.759
54.338
50.839
60.576
67.624
81.527
1.000
1.000
1.000
1.000
1.000
1.000
1.000
1.000
1.000
1.000
1.000
1.000
1.000
1.000
1.000
1.000
1.000
1.000
1.000
1.000
1.000
1.000
1.000
1.000
1.000
1.000
1.000
1.000
1.000
1.000
1.000
1.000
34.986
38.098
51.168
52.107
84.898
99.266
1.000
1.000
1.000
1.000
1.000
1.000
1.000
1.000
1.000
1.000
1.000
1.000
1.000
1.000
1.000
1.000
1.000
1.000
1.000
1.000
37.731
37.801
34.229
36.116
41.572
63.797
63.797
69.151
65.373
70.876
61.830
69.231
59.993
72.144
1.000
1.000
1.000
1.000
1.000
1.000
1.000
1.000
1.000
1.000
1.000
1.000
1.000
1.000
1.000
1.000
1.000
1.000
1.000
1.000
1.000
1.000
1.000
1.000
1.000
1.000
1.000
1.000
1.000
1.000
1.000
24.740
25.728
30.179
34.826
42.082
53.988
68.707
32.159
33.527
35.367
28.425
31.820
41.096
50.257
1.000
1.000
1.000
1.000
1.000
1.000
1.000
1.000
1.000
1.000
1.000
1.000
1.000
1.000
1.000
1.000
1.000
1.000
1.000
1.000
1.000
1.000
1.000
1.000
1.000
1.000
1.000
1.000
1.000
1.000
1.000
1.000
1.000
1.000
1.000
1.000
1.000
1.000
1.000
1.000
1.000
1.000
1.000
24.060
31.739
32.077
28.255
42.179
39.075
40.309
62.922
32.999
60.409
60.576
48.978
91.243
27.008
44.473
44.137
30.924
37.077
54.828
56.364
61.362
61.518
60.478
28.262
48.742
56.833
57.690
73.249
31.901
45.509
42.697
71.236
92.024
52.687
43.331
75.945
63.110
62.994
66.024
23.518
82.149
83.387
48.018
45.604
64.387
76.138
76.595
79.983
75.180
84.236
71.236
81.283
58.291
56.754
81.433
88.491
49.705
56.520
55.068
58.345
80.891
81.246
71.879
55.539
82.718
83.618
71.730
90.136
88.879
77.929
94.384
88.920
68.423
68.913
85.704
69.231
71.779
69.679
78.723
80.316
90.033
81.283
57.930
65.584
92.982
87.036
85.330
87.056
73.350
88.145
52.578
94.646
96.472
73.807
86.338
75.998
55.233
60.062
73.638
86.199
1.000
1.000
94.537
93.111
76.313
1.000
1.000
1.000
1.000
1.000
1.000
1.000
1.000
1.000
1.000
1.000
1.000
1.000
1.000
1.000
1.000
1.000
1.000
1.000
1.000
1.000
1.000
1.000
1.000
1.000
1.000
1.000
1.000
1.000
1.000
1.000
1.000
1.000
1.000
1.000
1.000
1.000
1.000
1.000
1.000
1.000
1.000
1.000
1.000
1.000
1.000
1.000
1.000
1.000
1.000
1.000
1.000
1.000
1.000
1.000
1.000
1.000
1.000
1.000
1.000
1.000
1.000
1.000
1.000
1.000
1.000
1.000
1.000
1.000
1.000
1.000
1.000
1.000
1.000
1.000
1.000
1.000
1.000
1.000
1.000
1.000
1.000
1.000
1.000
1.000
1.000
1.000
1.000
1.000
1.000
1.000
1.000
1.000
1.000
1.000
1.000
1.000
1.000
1.000
1.000
1.000
1.000
1.000
1.000
1.000
1.000
1.000
1.000
1.000
1.000
1.000
1.000
1.000
1.000
1.000
1.000
1.000
1.000
1.000
1.000
1.000
1.000
1.000
1.000
1.000
1.000
1.000
26.218
81.733
56.351
50.489
47.995
54.263
48.820
53.839
68.171
68.628
73.655
1.000
1.000
1.000
1.000
1.000
1.000
1.000
1.000
1.000
1.000
1.000
1.000
1.000
1.000
1.000
1.000
1.000
52.131
68.612
81.246
1.000
1.000
1.000
1.000
1.000
1.000
1.000
1.000
1.000
1.000
65.313
74.714
1.000
1.000
1.000
1.000
1.000
1.000
1.000
73.824
77.019
1.000
1.000
1.000
1.000
1.000
1.000
1.000
1.000
1.000
1.000
1.000
1.000
1.000
1.000
1.000
1.000
1.000
1.000
1.000
1.000
1.000
1.000
1.000
1.000
1.000
1.000
1.000
1.000
43.003
52.493
1.000
1.000
1.000
1.000
51.796
54.088
67.952
79.506
1.000
1.000
1.000
1.000
27.258
23.137
59.102
50.130
76.507
82.186
89.681
44.875
55.017
71.945
80.020
44.844
49.602
56.053
66.009
32.063
31.623
65.720
71.647
37.437
56.520
50.443
73.978
56.951
59.320
65.103
1.000
1.000
1.000
1.000
1.000
1.000
1.000
1.000
1.000
1.000
1.000
1.000
1.000
1.000
1.000
1.000
1.000
1.000
1.000
1.000
1.000
1.000
1.000
1.000
1.000
1.000
1.000
1.000
1.000
1.000
1.000
1.000
1.000
1.000
1.000
27.435
31.160
62.158
68.265
68.549
48.641
50.957
55.514
58.452
81.246
90.573
63.856
59.786
62.359
73.080
54.425
55.719
40.253
44.504
75.007
71.285
59.020
74.234
75.301
1.000
1.000
1.000
1.000
1.000
1.000
1.000
1.000
1.000
1.000
1.000
1.000
1.000
1.000
1.000
1.000
1.000
1.000
1.000
1.000
1.000
1.000
22.983
23.356
69.279
60.786
66.512
80.223
79.122
79.104
95.830
63.900
72.477
69.486
83.081
72.678
78.596
45.793
43.511
60.076
52.747
61.447
49.762
53.740
54.225
76.984
77.215
62.777
69.823
1.000
1.000
1.000
1.000
1.000
1.000
1.000
1.000
1.000
1.000
1.000
1.000
1.000
1.000
1.000
1.000
1.000
1.000
1.000
1.000
1.000
1.000
1.000
1.000
1.000
1.000
1.000
1.000
1.000
1.000
1.000
1.000
1.000
1.000
1.000
32.041
27.816
29.936
59.883
39.967
76.173
60.242
63.358
85.114
78.578
61.645
69.454
77.947
68.281
56.768
62.445
50.061
49.431
53.395
56.364
67.453
72.277
52.360
50.957
60.034
63.227
60.758
1.000
1.000
1.000
1.000
1.000
1.000
1.000
1.000
1.000
1.000
1.000
1.000
1.000
1.000
1.000
1.000
1.000
1.000
1.000
1.000
1.000
1.000
1.000
1.000
1.000
1.000
1.000
1.000
1.000
1.000
1.000
1.000
1.000
1.000
1.000
27.422
30.033
33.620
54.626
57.003
67.967
81.414
84.411
68.707
68.533
78.343
78.614
62.316
74.319
61.038
56.624
80.057
81.960
49.682
44.351
37.993
73.875
47.098
53.889
1.000
1.000
1.000
1.000
1.000
1.000
1.000
1.000
1.000
1.000
1.000
1.000
1.000
1.000
1.000
1.000
1.000
1.000
1.000
1.000
1.000
1.000
1.000
1.000
1.000
1.000
1.000
1.000
1.000
1.000
1.000
1.000
1.000
1.000
1.000
1.000
1.000
24.980
30.241
27.021
50.130
74.490
90.157
94.102
79.250
79.598
75.093
74.920
55.693
58.050
73.536
79.360
60.339
59.951
66.958
74.679
47.709
73.047
52.857
61.859
53.592
58.090
1.000
1.000
1.000
1.000
1.000
1.000
1.000
1.000
1.000
1.000
1.000
1.000
1.000
1.000
1.000
1.000
1.000
1.000
1.000
1.000
1.000
1.000
1.000
1.000
1.000
1.000
1.000
1.000
1.000
1.000
1.000
1.000
1.000
1.000
1.000
1.000
1.000
1.000
1.000
1.000
1.000
1.000
1.000
1.000
35.213
34.300
29.635
34.056
60.104
61.645
67.298
69.679
76.384
78.977
62.187
68.565
53.740
57.836
46.259
45.144
71.007
76.648
49.488
44.525
61.447
49.865
56.040
63.256
69.183
51.156
59.855
1.000
1.000
1.000
1.000
1.000
1.000
1.000
1.000
1.000
1.000
1.000
1.000
1.000
1.000
1.000
1.000
1.000
1.000
1.000
1.000
1.000
1.000
1.000
1.000
1.000
1.000
1.000
1.000
1.000
1.000
1.000
1.000
1.000
1.000
1.000
1.000
1.000
1.000
1.000
1.000
1.000
22.662
19.262
54.588
57.030
55.693
64.595
47.424
59.704
70.518
80.464
61.277
1.000
1.000
1.000
1.000
1.000
1.000
1.000
1.000
1.000
1.000
1.000
1.000
1.000
1.000
1.000
1.000
1.000
1.000
1.000
1.000
1.000
1.000
1.000
1.000
1.000
1.000
1.000
1.000
1.000
1.000
1.000
1.000
1.000
29.765
26.188
58.857
56.338
42.954
57.916
67.952
63.110
59.007
64.878
54.213
60.870
68.992
68.093
71.089
71.581
1.000
1.000
1.000
1.000
1.000
1.000
1.000
1.000
1.000
1.000
1.000
1.000
25.445
23.297
26.681
31.901
33.916
45.258
49.477
42.286
43.152
45.061
47.468
50.992
54.664
46.741
39.591
44.999
48.686
56.559
66.328
56.572
64.759
60.590
46.345
53.518
51.416
60.870
68.202
46.398
61.631
53.248
54.250
45.761
59.676
1.000
58.519
1.000
1.000
1.000
1.000
1.000
1.000
1.000
1.000
1.000
1.000
1.000
1.000
1.000
1.000
1.000
1.000
1.000
1.000
1.000
1.000
1.000
31.103
27.804
41.879
43.561
42.267
60.940
91.201
85.231
65.103
68.549
74.834
75.805
76.261
81.960
69.422
72.912
1.000
1.000
1.000
1.000
1.000
1.000
1.000
1.000
1.000
1.000
1.000
1.000
1.000
1.000
1.000
1.000
1.000
1.000
1.000
1.000
1.000
1.000
1.000
1.000
1.000
66.619
73.739
1.000
1.000
1.000
1.000
12.975
29.329
23.643
43.893
50.524
28.288
25.328
44.351
45.793
40.133
42.638
37.558
30.634
40.532
50.746
52.408
24.462
47.676
58.492
53.604
52.650
62.273
66.973
80.260
77.304
74.182
78.163
59.088
66.650
86.776
91.264
69.295
68.093
57.240
58.668
68.281
73.824
68.723
77.571
70.990
47.457
48.933
70.974
65.103
77.232
75.162
48.787
49.091
72.494
1.000
1.000
79.836
1.000
44.076
53.346
1.000
1.000
1.000
1.000
1.000
1.000
1.000
1.000
1.000
1.000
1.000
1.000
1.000
1.000
1.000
1.000
1.000
1.000
1.000
1.000
1.000
1.000
1.000
1.000
1.000
1.000
1.000
1.000
1.000
1.000
1.000
1.000
1.000
1.000
1.000
1.000
1.000
1.000
1.000
1.000
1.000
1.000
1.000
1.000
1.000
1.000
1.000
1.000
1.000
1.000
1.000
1.000
1.000
1.000
1.000
1.000
1.000
1.000
1.000
1.000
1.000
27.568
25.264
27.784
29.161
27.441
32.419
30.283
39.976
44.813
42.825
43.231
42.141
41.639
36.593
46.430
55.157
64.863
55.322
33.358
39.219
52.288
37.731
61.773
75.145
46.473
55.030
36.568
40.272
48.944
50.548
46.153
59.061
76.860
1.000
1.000
1.000
1.000
1.000
1.000
1.000
1.000
1.000
1.000
1.000
1.000
1.000
1.000
1.000
1.000
1.000
1.000
1.000
1.000
1.000
1.000
1.000
1.000
1.000
80.519
80.872
86.596
87.478
91.138
88.004
61.419
65.358
81.677
75.631
82.947
81.658
1.000
1.000
1.000
1.000
1.000
1.000
1.000
1.000
1.000
1.000
1.000
1.000
1.000
1.000
1.000
1.000
1.000
1.000
1.000
1.000
1.000
1.000
1.000
1.000
1.000
1.000
1.000
1.000
1.000
25.316
24.712
37.179
30.465
28.294
57.663
37.119
35.818
53.469
62.951
62.965
39.728
40.151
54.714
55.924
57.451
54.651
52.942
57.043
45.227
47.523
50.304
67.019
74.336
80.910
55.565
60.007
60.395
1.000
1.000
1.000
1.000
1.000
1.000
1.000
1.000
1.000
1.000
1.000
1.000
1.000
1.000
1.000
1.000
1.000
1.000
1.000
1.000
1.000
1.000
1.000
1.000
1.000
1.000
1.000
1.000
1.000
1.000
1.000
1.000
18.806
23.955
19.976
26.835
18.621
33.970
18.484
19.962
42.737
35.441
63.782
66.359
34.041
32.307
32.674
46.752
49.374
37.827
60.870
67.205
64.953
33.396
44.968
62.015
66.973
46.784
58.036
61.716
68.517
71.285
1.000
1.000
1.000
1.000
1.000
1.000
1.000
1.000
1.000
1.000
1.000
1.000
1.000
1.000
1.000
1.000
1.000
1.000
1.000
1.000
1.000
1.000
1.000
1.000
1.000
1.000
1.000
1.000
1.000
1.000
1.000
1.000
1.000
1.000
1.000
1.000
1.000
1.000
1.000
1.000
1.000
1.000
1.000
1.000
1.000
1.000
1.000
1.000
1.000
1.000
1.000
29.235
31.718
83.637
90.136
80.649
86.816
55.106
70.146
1.000
1.000
1.000
1.000
1.000
1.000
1.000
1.000
1.000
1.000
23.856
79.598
82.035
51.404
52.614
90.469
92.683
1.000
1.000
1.000
1.000
1.000
1.000
1.000
1.000
1.000
1.000
1.000
1.000
1.000
1.000
1.000
1.000
1.000
1.000
1.000
1.000
1.000
82.471
84.236
55.322
57.174
51.844
67.827
1.000
1.000
1.000
1.000
1.000
1.000
1.000
1.000
1.000
1.000
1.000
1.000
1.000
1.000
1.000
31.031
55.335
63.081
54.125
56.377
78.741
85.842
1.000
1.000
1.000
1.000
1.000
1.000
1.000
1.000
1.000
1.000
1.000
1.000
1.000
1.000
1.000
1.000
1.000
1.000
1.000
1.000
23.335
88.410
86.238
63.270
61.419
64.313
80.445
91.348
1.000
1.000
1.000
1.000
1.000
1.000
1.000
1.000
1.000
1.000
1.000
1.000
1.000
1.000
1.000
1.000
1.000
24.808
69.791
66.711
47.457
63.038
72.761
81.283
86.298
94.515
1.000
1.000
1.000
1.000
1.000
1.000
1.000
1.000
1.000
1.000
1.000
1.000
1.000
1.000
1.000
66.619
1.000
1.000
1.000
1.000
59.143
59.539
51.464
49.193
70.941
72.444
78.199
73.401
67.952
76.366
60.660
63.460
78.977
84.820
78.019
1.000
1.000
1.000
1.000
1.000
1.000
1.000
1.000
1.000
1.000
1.000
1.000
1.000
1.000
1.000
1.000
1.000
1.000
1.000
1.000
1.000
1.000
1.000
32.270
27.334
29.635
59.772
56.572
72.410
70.713
76.472
88.085
67.686
66.512
66.374
54.450
48.328
40.244
56.195
67.749
68.423
46.774
53.358
51.642
55.348
77.002
62.015
62.015
56.105
58.184
43.601
50.026
1.000
1.000
1.000
1.000
1.000
1.000
1.000
1.000
1.000
1.000
1.000
1.000
1.000
1.000
1.000
1.000
1.000
1.000
1.000
1.000
1.000
1.000
1.000
1.000
1.000
1.000
1.000
1.000
1.000
1.000
1.000
1.000
1.000
1.000
1.000
1.000
1.000
1.000
1.000
1.000
1.000
29.943
34.127
29.000
29.363
31.225
34.834
63.738
60.786
40.917
46.774
51.050
61.787
50.548
57.970
1.000
1.000
1.000
1.000
1.000
1.000
1.000
1.000
1.000
1.000
1.000
1.000
31.754
34.562
48.006
85.290
85.862
59.361
60.590
70.681
72.260
67.127
59.143
66.237
65.615
70.941
70.729
67.686
75.980
62.922
69.167
59.924
76.261
1.000
1.000
1.000
1.000
1.000
1.000
1.000
1.000
1.000
1.000
1.000
1.000
1.000
1.000
1.000
1.000
1.000
1.000
1.000
1.000
1.000
1.000
1.000
1.000
1.000
1.000
26.534
28.517
65.615
66.054
65.645
74.593
77.268
75.093
79.433
1.000
1.000
1.000
1.000
1.000
1.000
1.000
1.000
1.000
1.000
1.000
1.000
24.820
27.644
36.058
41.077
52.432
60.187
69.679
71.007
86.020
86.258
74.182
67.329
58.506
56.169
68.565
58.036
63.548
68.108
62.116
66.161
69.343
69.904
65.811
79.287
60.007
79.910
61.816
68.818
68.644
1.000
1.000
1.000
1.000
1.000
1.000
1.000
1.000
1.000
1.000
1.000
1.000
1.000
1.000
1.000
1.000
1.000
1.000
1.000
1.000
1.000
1.000
1.000
1.000
1.000
1.000
83.253
80.242
77.714
75.631
62.330
52.918
65.464
75.945
72.694
59.511
66.604
62.980
80.816
92.193
95.039
1.000
1.000
1.000
1.000
1.000
1.000
1.000
1.000
1.000
1.000
1.000
1.000
1.000
1.000
1.000
1.000
1.000
1.000
21.086
22.279
83.081
83.830
69.008
68.596
89.764
86.179
75.928
80.854
1.000
1.000
1.000
1.000
1.000
1.000
1.000
1.000
32.041
36.224
50.664
57.783
62.633
78.723
57.161
57.398
60.786
48.618
55.911
50.142
55.043
1.000
1.000
1.000
1.000
1.000
1.000
1.000
1.000
1.000
1.000
1.000
1.000
1.000
1.000
1.000
1.000
1.000
1.000
1.000
1.000
1.000
1.000
1.000
1.000
1.000
1.000
1.000
1.000
1.000
1.000
1.000
28.913
28.953
54.866
52.590
52.048
63.988
75.998
53.827
64.239
57.743
63.665
1.000
1.000
1.000
1.000
1.000
1.000
1.000
1.000
1.000
1.000
1.000
1.000
1.000
1.000
1.000
1.000
1.000
1.000
1.000
1.000
1.000
1.000
1.000
1.000
1.000
22.935
25.305
43.361
43.571
33.597
70.404
40.672
39.591
46.968
51.464
26.841
23.889
64.269
66.359
45.238
50.617
54.676
57.930
40.644
52.857
43.581
51.642
43.152
48.250
52.796
46.591
45.499
50.699
43.281
51.369
1.000
1.000
1.000
1.000
1.000
1.000
1.000
1.000
1.000
1.000
1.000
1.000
1.000
1.000
1.000
1.000
1.000
1.000
1.000
1.000
1.000
1.000
1.000
1.000
1.000
1.000
29.492
31.427
30.655
23.692
24.038
27.765
28.980
39.319
31.952
32.711
29.007
30.026
74.012
75.405
35.441
42.993
49.545
47.896
76.068
61.404
64.313
83.580
82.224
81.639
87.862
60.926
67.329
76.895
51.499
55.898
88.614
79.122
89.475
71.912
75.059
58.063
110.053
107.820
73.114
70.615
77.500
79.159
83.215
79.488
83.869
58.790
62.130
76.683
81.059
74.336
75.474
68.707
72.344
72.061
67.360
93.843
93.562
1.000
1.000
1.000
1.000
80.501
1.000
1.000
1.000
1.000
1.000
1.000
1.000
1.000
1.000
1.000
1.000
1.000
1.000
1.000
1.000
1.000
1.000
1.000
1.000
1.000
1.000
1.000
1.000
1.000
1.000
1.000
1.000
1.000
1.000
1.000
1.000
1.000
1.000
1.000
1.000
1.000
1.000
1.000
1.000
1.000
26.712
25.900
24.969
26.798
55.373
63.694
78.578
78.055
52.954
50.234
61.745
68.913
42.355
48.967
1.000
1.000
1.000
1.000
1.000
1.000
1.000
1.000
27.372
58.036
53.790
1.000
1.000
1.000
1.000
1.000
1.000
1.000
1.000
1.000
1.000
1.000
1.000
1.000
1.000
48.250
50.211
59.772
66.635
1.000
1.000
1.000
1.000
1.000
1.000
1.000
1.000
1.000
1.000
1.000
1.000
1.000
1.000
1.000
57.056
61.574
60.632
74.439
1.000
1.000
1.000
1.000
1.000
1.000
1.000
1.000
1.000
1.000
1.000
1.000
1.000
1.000
60.159
57.517
63.694
68.077
1.000
1.000
1.000
1.000
1.000
1.000
1.000
1.000
1.000
1.000
1.000
1.000
1.000
1.000
27.378
29.655
51.369
55.821
1.000
1.000
1.000
1.000
1.000
1.000
1.000
1.000
1.000
1.000
1.000
1.000
1.000
1.000
1.000
1.000
1.000
35.310
60.982
65.736
1.000
1.000
1.000
1.000
1.000
1.000
1.000
1.000
1.000
1.000
1.000
1.000
1.000
1.000
48.697
47.457
1.000
1.000
1.000
1.000
1.000
1.000
1.000
1.000
1.000
1.000
1.000
1.000
1.000
36.116
33.251
31.492
33.690
26.632
30.395
31.340
31.739
36.350
29.322
32.689
32.734
28.132
30.026
28.576
30.437
54.026
56.964
60.646
54.450
49.136
52.300
38.806
47.054
46.612
52.360
44.198
55.770
53.358
48.787
58.264
59.883
45.499
56.624
67.749
1.000
1.000
1.000
1.000
1.000
1.000
1.000
1.000
1.000
1.000
1.000
1.000
1.000
1.000
1.000
1.000
1.000
1.000
1.000
1.000
1.000
1.000
1.000
1.000
1.000
1.000
1.000
1.000
1.000
1.000
1.000
1.000
1.000
1.000
1.000
1.000
1.000
1.000
1.000
1.000
1.000
1.000
43.261
22.274
29.499
30.563
27.077
24.655
27.033
30.220
30.054
57.810
26.534
27.657
44.432
50.257
35.326
26.134
44.937
42.796
33.504
46.047
45.541
43.873
60.339
28.418
35.580
39.591
35.229
36.762
54.815
65.948
47.424
53.469
55.208
36.551
60.117
60.940
61.859
52.288
59.020
65.978
52.759
63.709
63.256
1.000
1.000
1.000
1.000
1.000
1.000
1.000
1.000
1.000
1.000
1.000
1.000
1.000
1.000
1.000
1.000
1.000
1.000
1.000
1.000
1.000
1.000
1.000
1.000
1.000
1.000
1.000
1.000
1.000
1.000
1.000
1.000
1.000
1.000
1.000
1.000
1.000
1.000
1.000
1.000
1.000
1.000
1.000
1.000
1.000
1.000
1.000
1.000
1.000
1.000
1.000
23.884
27.008
24.110
23.480
20.549
24.769
24.016
25.206
26.436
28.184
27.759
30.402
26.866
32.374
34.658
35.571
32.011
30.304
34.348
22.065
40.486
31.754
35.760
44.025
37.111
38.221
47.643
55.488
32.509
36.058
44.045
46.537
48.284
52.036
38.753
44.720
33.304
41.639
49.261
31.261
38.054
34.842
40.523
45.614
44.289
68.375
1.000
1.000
1.000
1.000
1.000
1.000
1.000
1.000
1.000
1.000
1.000
1.000
1.000
1.000
1.000
1.000
1.000
1.000
1.000
1.000
1.000
1.000
1.000
1.000
1.000
1.000
1.000
1.000
1.000
1.000
1.000
1.000
1.000
1.000
1.000
1.000
1.000
1.000
1.000
1.000
1.000
1.000
1.000
1.000
1.000
1.000
1.000
1.000
1.000
1.000
1.000
1.000
1.000
1.000
1.000
1.000
1.000
33.620
34.730
40.973
43.182
57.438
59.621
60.954
61.702
59.143
60.173
1.000
1.000
1.000
1.000
1.000
1.000
1.000
1.000
1.000
1.000
33.667
36.737
46.206
58.776
60.898
68.754
67.251
79.177
60.898
64.893
1.000
1.000
1.000
1.000
1.000
1.000
1.000
1.000
1.000
1.000
35.213
34.995
34.356
42.433
67.531
69.088
64.968
66.727
67.050
72.344
1.000
1.000
1.000
1.000
1.000
1.000
1.000
1.000
1.000
1.000
19.107
18.985
45.520
43.944
67.733
73.961
56.092
69.599
54.954
67.531
60.968
65.118
51.263
52.445
1.000
1.000
1.000
1.000
1.000
1.000
1.000
1.000
1.000
1.000
1.000
1.000
1.000
1.000
1.000
1.000
16.025
30.179
63.387
64.908
52.784
63.988
71.384
36.991
28.530
31.383
70.388
85.704
59.649
62.560
62.849
87.257
64.759
74.405
63.870
72.111
63.314
69.199
61.179
64.417
68.929
68.470
80.039
89.125
1.000
1.000
1.000
1.000
1.000
1.000
1.000
1.000
1.000
1.000
1.000
1.000
1.000
1.000
1.000
1.000
1.000
1.000
1.000
1.000
1.000
1.000
1.000
1.000
1.000
1.000
1.000
1.000
1.000
1.000
75.666
72.996
1.000
1.000
1.000
1.000
1.000
1.000
1.000
1.000
1.000
1.000
1.000
1.000
1.000
1.000
49.648
54.225
69.279
59.979
55.081
64.239
1.000
1.000
1.000
1.000
1.000
1.000
1.000
1.000
1.000
1.000
1.000
1.000
1.000
1.000
1.000
1.000
55.693
57.214
1.000
1.000
1.000
1.000
1.000
1.000
1.000
1.000
1.000
1.000
1.000
1.000
1.000
1.000
1.000
1.000
1.000
1.000
1.000
1.000
1.000
34.938
32.137
1.000
1.000
1.000
1.000
1.000
1.000
1.000
1.000
1.000
49.728
45.888
49.283
1.000
1.000
1.000
1.000
1.000
1.000
1.000
1.000
1.000
1.000
1.000
1.000
1.000
1.000
48.831
50.828
46.079
50.734
53.864
63.768
1.000
1.000
1.000
1.000
1.000
1.000
1.000
1.000
1.000
1.000
1.000
1.000
1.000
1.000
1.000
1.000
35.188
34.850
60.898
67.298
67.905
64.136
1.000
1.000
1.000
1.000
1.000
1.000
1.000
1.000
1.000
1.000
1.000
1.000
1.000
1.000
1.000
1.000
45.488
40.514
61.958
70.713
72.527
73.536
1.000
1.000
1.000
1.000
1.000
1.000
1.000
1.000
1.000
1.000
1.000
1.000
1.000
1.000
1.000
1.000
33.151
34.962
48.607
57.970
66.788
74.869
1.000
1.000
1.000
1.000
1.000
1.000
1.000
1.000
1.000
1.000
37.801
38.230
57.214
64.565
64.521
68.976
1.000
1.000
1.000
1.000
1.000
1.000
1.000
1.000
1.000
1.000
1.000
1.000
1.000
1.000
1.000
1.000
42.589
67.422
59.457
1.000
1.000
1.000
1.000
1.000
1.000
1.000
1.000
1.000
1.000
1.000
1.000
52.180
51.773
71.056
69.534
71.335
1.000
1.000
1.000
1.000
1.000
1.000
1.000
1.000
1.000
51.773
64.476
1.000
1.000
1.000
1.000
1.000
1.000
1.000
1.000
1.000
1.000
25.293
27.121
35.760
42.102
32.569
35.506
38.967
29.648
31.117
38.806
49.238
38.397
39.437
31.139
34.411
38.309
49.397
38.221
31.864
37.688
76.155
41.783
53.629
57.996
49.477
62.330
61.944
68.802
50.933
47.348
62.705
58.587
87.257
86.537
62.474
56.624
53.926
56.079
62.044
45.920
55.757
63.314
46.860
48.306
53.150
64.774
51.204
51.928
95.455
57.531
69.839
53.420
44.005
65.013
75.474
65.343
40.701
70.518
70.876
1.000
1.000
1.000
1.000
1.000
1.000
1.000
1.000
1.000
1.000
1.000
1.000
1.000
1.000
1.000
1.000
1.000
1.000
1.000
1.000
1.000
1.000
1.000
1.000
1.000
1.000
1.000
1.000
1.000
1.000
1.000
1.000
1.000
1.000
1.000
1.000
1.000
1.000
1.000
1.000
1.000
1.000
1.000
1.000
1.000
1.000
1.000
1.000
1.000
1.000
1.000
1.000
1.000
34.578
35.662
37.497
41.879
31.427
39.337
52.845
43.222
45.394
52.662
57.584
69.582
64.461
90.866
44.320
46.516
73.621
70.534
53.186
59.607
44.586
69.743
81.302
50.501
60.048
1.000
1.000
65.013
1.000
1.000
1.000
1.000
1.000
1.000
1.000
1.000
1.000
1.000
1.000
1.000
1.000
1.000
1.000
1.000
1.000
1.000
1.000
1.000
1.000
1.000
1.000
1.000
1.000
1.000
1.000
1.000
1.000
1.000
1.000
1.000
1.000
1.000
1.000
1.000
1.000
1.000
1.000
1.000
1.000
1.000
1.000
1.000
1.000
34.348
32.330
44.361
40.992
45.772
48.607
56.066
56.846
46.612
42.433
54.651
59.115
67.983
90.719
51.015
50.257
56.507
65.720
50.828
59.429
43.652
71.697
79.561
50.096
59.074
1.000
1.000
1.000
1.000
1.000
1.000
1.000
1.000
1.000
1.000
1.000
1.000
1.000
1.000
1.000
1.000
1.000
1.000
1.000
1.000
1.000
1.000
1.000
1.000
1.000
1.000
1.000
1.000
1.000
1.000
1.000
1.000
1.000
1.000
1.000
1.000
1.000
1.000
1.000
1.000
1.000
1.000
1.000
1.000
1.000
1.000
28.119
28.708
15.631
19.806
24.300
26.442
27.816
22.641
18.823
24.541
24.266
26.406
20.151
23.110
18.720
27.158
29.000
32.129
28.314
30.430
29.471
27.027
28.688
43.491
43.441
46.634
47.984
24.769
56.872
69.406
26.309
26.182
65.118
73.350
30.451
28.301
72.127
36.008
58.210
51.440
55.271
38.566
44.494
75.388
64.774
67.453
58.587
60.520
76.472
60.048
84.062
90.740
60.786
64.447
55.093
69.502
45.227
45.740
70.404
74.989
59.717
63.518
56.338
60.996
67.282
48.507
53.530
60.437
58.345
41.115
43.561
61.987
56.781
59.020
58.425
61.702
77.215
70.210
50.839
52.024
58.439
56.156
36.796
42.199
57.003
55.310
58.871
76.489
77.518
1.000
1.000
1.000
1.000
1.000
1.000
1.000
1.000
1.000
1.000
1.000
1.000
1.000
1.000
1.000
1.000
1.000
1.000
1.000
1.000
1.000
1.000
1.000
1.000
1.000
1.000
1.000
1.000
1.000
1.000
1.000
1.000
1.000
1.000
1.000
62.777
62.044
1.000
1.000
1.000
1.000
1.000
1.000
1.000
1.000
1.000
1.000
1.000
1.000
55.322
55.590
57.187
1.000
1.000
1.000
1.000
1.000
1.000
1.000
1.000
1.000
52.036
1.000
1.000
1.000
1.000
1.000
41.181
55.731
60.242
60.478
59.388
60.353
67.282
80.593
1.000
1.000
1.000
1.000
1.000
1.000
1.000
1.000
58.668
49.946
40.262
75.788
1.000
1.000
1.000
1.000
1.000
1.000
1.000
1.000
1.000
1.000
1.000
1.000
1.000
1.000
1.000
1.000
50.559
48.854
1.000
1.000
1.000
1.000
1.000
1.000
1.000
74.216
77.179
66.359
1.000
56.533
56.299
1.000
1.000
1.000
1.000
1.000
56.442
52.674
1.000
1.000
1.000
1.000
26.583
47.588
48.585
65.403
50.676
49.283
1.000
1.000
1.000
1.000
1.000
1.000
1.000
1.000
1.000
1.000
1.000
1.000
1.000
1.000
55.950
53.506
64.239
59.951
1.000
1.000
1.000
1.000
1.000
1.000
1.000
1.000
1.000
1.000
1.000
1.000
1.000
56.768
42.316
55.860
61.645
42.247
52.252
1.000
1.000
1.000
1.000
1.000
1.000
1.000
1.000
1.000
1.000
1.000
1.000
1.000
1.000
1.000
1.000
1.000
1.000
63.504
60.646
60.062
1.000
1.000
1.000
1.000
1.000
1.000
1.000
1.000
1.000
1.000
52.784
45.405
49.068
51.547
55.399
51.796
61.193
59.566
74.456
79.524
1.000
1.000
1.000
1.000
1.000
1.000
1.000
1.000
1.000
1.000
1.000
52.772
52.626
1.000
1.000
1.000
1.000
1.000
1.000
58.157
49.602
46.452
53.150
54.739
63.738
81.377
69.534
76.243
1.000
1.000
1.000
1.000
1.000
1.000
1.000
1.000
1.000
1.000
1.000
1.000
1.000
1.000
1.000
1.000
23.009
45.804
41.314
40.004
34.562
57.187
66.896
71.335
74.817
1.000
1.000
1.000
1.000
1.000
1.000
1.000
1.000
1.000
1.000
1.000
1.000
1.000
1.000
1.000
1.000
87.700
57.385
54.967
66.405
51.393
71.697
1.000
1.000
1.000
1.000
1.000
1.000
1.000
1.000
1.000
1.000
1.000
1.000
1.000
1.000
1.000
1.000
1.000
1.000
1.000
1.000
1.000
1.000
1.000
1.000
1.000
1.000
1.000
1.000
66.451
66.711
1.000
1.000
1.000
1.000
1.000
1.000
51.357
52.264
67.905
70.162
68.565
75.457
1.000
1.000
1.000
1.000
1.000
1.000
1.000
1.000
1.000
1.000
1.000
1.000
1.000
1.000
1.000
1.000
1.000
1.000
63.577
57.056
56.833
60.884
59.306
64.372
54.576
75.509
64.744
73.995
70.453
1.000
1.000
1.000
1.000
1.000
1.000
1.000
1.000
1.000
1.000
1.000
1.000
1.000
1.000
1.000
1.000
1.000
1.000
1.000
40.644
40.973
72.560
69.151
65.133
75.266
70.146
67.686
1.000
1.000
1.000
1.000
1.000
1.000
1.000
1.000
1.000
1.000
1.000
1.000
1.000
1.000
1.000
1.000
61.645
62.936
67.236
65.358
61.844
72.260
79.068
73.249
55.886
77.090
60.131
76.878
81.715
1.000
1.000
1.000
1.000
1.000
1.000
1.000
1.000
1.000
1.000
1.000
1.000
1.000
1.000
1.000
1.000
1.000
1.000
1.000
1.000
1.000
19.779
31.879
37.558
51.168
60.284
57.306
30.542
86.656
57.663
58.425
54.300
57.916
49.923
73.875
56.885
62.690
67.499
69.375
71.581
1.000
1.000
1.000
1.000
1.000
1.000
1.000
1.000
1.000
1.000
1.000
1.000
1.000
1.000
1.000
1.000
1.000
1.000
22.014
23.507
31.930
34.253
43.421
35.530
59.993
57.637
74.920
74.593
62.647
64.506
1.000
1.000
1.000
1.000
1.000
1.000
1.000
1.000
1.000
1.000
1.000
1.000
1.000
1.000
1.000
1.000
61.094
1.000
1.000
1.000
1.000
1.000
1.000
1.000
1.000
1.000
1.000
41.143
31.124
32.441
64.003
47.852
55.654
58.844
53.678
45.342
52.930
62.777
68.187
59.896
61.433
50.816
58.143
58.197
1.000
1.000
1.000
1.000
1.000
1.000
1.000
1.000
1.000
1.000
1.000
1.000
1.000
1.000
1.000
1.000
1.000
1.000
39.528
37.008
46.291
53.914
48.820
49.442
57.135
61.066
58.036
71.779
1.000
81.828
76.278
1.000
1.000
1.000
1.000
1.000
1.000
1.000
1.000
1.000
1.000
1.000
1.000
1.000
1.000
38.089
40.495
24.694
26.278
28.582
33.558
48.284
52.228
40.785
44.699
72.360
68.881
1.000
1.000
1.000
1.000
1.000
1.000
1.000
1.000
1.000
1.000
1.000
1.000
1.000
1.000
1.000
1.000
1.000
1.000
1.000
1.000
1.000
1.000
1.000
28.582
23.878
23.834
41.831
35.629
48.284
53.592
1.000
1.000
1.000
1.000
1.000
1.000
1.000
1.000
1.000
1.000
1.000
1.000
1.000
1.000
1.000
1.000
29.662
41.572
37.454
75.336
82.566
57.663
70.065
71.400
1.000
1.000
1.000
1.000
1.000
1.000
1.000
1.000
1.000
1.000
1.000
1.000
1.000
23.730
26.705
35.367
39.003
41.457
46.644
36.983
42.044
50.038
51.630
54.651
67.499
61.802
1.000
1.000
57.783
57.082
1.000
1.000
1.000
1.000
1.000
1.000
1.000
1.000
1.000
1.000
1.000
1.000
1.000
1.000
1.000
1.000
1.000
1.000
1.000
1.000
1.000
1.000
1.000
1.000
1.000
1.000
1.000
1.000
1.000
1.000
1.000
1.000
1.000
1.000
1.000
1.000
25.615
26.388
37.291
40.523
29.054
29.074
49.659
52.747
55.501
54.954
58.090
55.233
48.854
61.660
60.646
62.201
64.774
1.000
1.000
1.000
1.000
1.000
1.000
1.000
1.000
1.000
1.000
1.000
1.000
1.000
1.000
1.000
1.000
1.000
1.000
1.000
1.000
1.000
1.000
1.000
63.504
66.298
45.772
43.823
50.015
57.624
60.423
65.253
57.504
70.469
75.197
1.000
1.000
1.000
1.000
1.000
1.000
1.000
1.000
1.000
1.000
1.000
1.000
1.000
1.000
1.000
1.000
1.000
40.272
43.985
47.852
44.968
31.089
31.798
56.507
60.828
72.427
70.843
55.757
73.961
72.544
82.756
82.985
1.000
1.000
1.000
1.000
1.000
1.000
1.000
1.000
1.000
1.000
1.000
1.000
1.000
1.000
1.000
1.000
1.000
1.000
1.000
1.000
1.000
46.313
44.116
44.473
39.138
29.141
32.218
58.762
57.836
72.996
70.567
64.328
47.599
71.170
84.625
84.275
75.336
1.000
1.000
1.000
1.000
1.000
1.000
1.000
1.000
1.000
1.000
1.000
1.000
1.000
1.000
1.000
1.000
1.000
1.000
1.000
1.000
1.000
1.000
1.000
42.131
43.531
39.093
37.870
41.343
50.536
65.554
58.251
56.494
65.208
76.595
58.884
65.690
75.893
1.000
1.000
1.000
1.000
1.000
1.000
1.000
1.000
1.000
1.000
1.000
1.000
1.000
1.000
1.000
1.000
1.000
1.000
1.000
1.000
1.000
1.000
1.000
43.172
47.370
1.000
1.000
1.000
1.000
1.000
1.000
1.000
1.000
1.000
1.000
1.000
56.429
43.782
29.930
30.200
1.000
1.000
1.000
1.000
38.300
39.264
1.000
1.000
42.924
1.000
1.000
1.000
1.000
1.000
1.000
1.000
1.000
39.967
52.060
27.964
30.796
34.104
43.003
45.646
66.834
76.507
57.970
63.168
69.743
69.151
56.195
71.351
1.000
1.000
1.000
1.000
1.000
1.000
1.000
1.000
1.000
1.000
1.000
1.000
1.000
1.000
1.000
1.000
1.000
1.000
1.000
1.000
1.000
1.000
1.000
1.000
1.000
1.000
1.000
26.345
57.970
58.560
71.269
70.599
60.492
48.843
55.132
53.951
70.681
80.928
57.372
62.748
85.743
76.454
77.947
71.056
85.566
66.283
69.088
1.000
1.000
1.000
1.000
1.000
1.000
1.000
1.000
1.000
1.000
1.000
1.000
1.000
1.000
1.000
1.000
1.000
38.282
43.501
1.000
1.000
1.000
1.000
1.000
1.000
1.000
1.000
1.000
1.000
1.000
33.304
1.000
1.000
54.488
50.176
1.000
1.000
1.000
1.000
1.000
1.000
1.000
1.000
1.000
1.000
1.000
1.000
57.770
43.873
40.486
27.816
61.094
58.790
54.001
56.559
1.000
1.000
1.000
1.000
1.000
1.000
1.000
1.000
1.000
1.000
1.000
1.000
1.000
1.000
25.645
28.268
32.307
55.501
48.040
54.891
65.948
62.560
69.759
48.473
56.885
50.234
65.766
62.762
91.285
81.602
1.000
1.000
1.000
1.000
1.000
1.000
1.000
1.000
1.000
1.000
1.000
1.000
1.000
1.000
1.000
1.000
1.000
1.000
1.000
25.686
26.872
30.627
38.654
39.120
67.952
68.501
51.582
60.576
48.876
60.104
70.437
44.895
54.263
62.676
41.966
53.248
37.966
43.964
57.003
51.523
1.000
1.000
1.000
1.000
1.000
1.000
1.000
1.000
1.000
1.000
1.000
1.000
1.000
1.000
1.000
1.000
1.000
1.000
1.000
1.000
1.000
1.000
1.000
1.000
1.000
1.000
1.000
1.000
1.000
1.000
1.000
1.000
1.000
1.000
1.000
1.000
1.000
1.000
1.000
1.000
1.000
1.000
1.000
1.000
1.000
1.000
1.000
1.000
1.000
1.000
79.396
1.000
1.000
1.000
57.201
54.765
46.516
54.051
71.252
75.788
81.470
90.427
63.343
72.377
47.808
54.676
1.000
1.000
1.000
1.000
1.000
1.000
1.000
1.000
1.000
1.000
1.000
1.000
1.000
1.000
1.000
1.000
1.000
1.000
1.000
1.000
1.000
1.000
1.000
1.000
1.000
1.000
1.000
1.000
1.000
1.000
1.000
1.000
1.000
34.866
40.514
28.622
28.281
37.196
34.658
54.463
59.883
56.572
58.130
62.259
71.483
36.058
36.274
1.000
1.000
1.000
1.000
1.000
1.000
1.000
1.000
1.000
1.000
1.000
1.000
1.000
1.000
63.052
68.187
65.313
87.640
85.822
1.000
1.000
1.000
1.000
1.000
1.000
1.000
1.000
1.000
58.010
48.206
1.000
1.000
1.000
1.000
1.000
1.000
1.000
1.000
1.000
1.000
1.000
65.872
62.144
1.000
1.000
1.000
1.000
1.000
1.000
1.000
1.000
1.000
1.000
1.000
1.000
1.000
1.000
26.242
52.469
42.983
41.400
47.206
50.571
51.868
57.280
58.090
77.144
42.894
44.566
62.893
66.711
53.641
66.359
52.469
51.156
81.828
80.556
61.589
68.644
1.000
1.000
1.000
1.000
1.000
1.000
1.000
1.000
1.000
1.000
1.000
1.000
1.000
1.000
1.000
1.000
1.000
1.000
1.000
1.000
1.000
1.000
1.000
1.000
38.672
41.658
70.567
61.094
64.670
1.000
1.000
1.000
1.000
1.000
1.000
1.000
1.000
1.000
1.000
1.000
1.000
1.000
1.000
1.000
1.000
1.000
1.000
32.711
26.321
27.714
24.010
29.404
25.246
28.635
26.194
27.701
30.542
33.243
27.127
24.305
30.507
32.847
42.335
46.387
37.584
55.399
27.893
24.906
29.363
38.922
38.949
48.440
44.957
37.905
39.875
35.522
57.438
32.449
35.777
39.811
39.255
59.320
38.681
48.865
37.342
43.904
50.304
47.863
50.130
70.762
53.333
56.247
69.823
78.505
70.860
48.686
48.417
54.500
63.067
66.283
73.198
44.730
47.523
70.113
62.302
62.503
66.451
61.916
50.396
68.723
71.995
50.933
62.488
63.929
54.967
56.273
63.900
32.539
41.620
66.742
73.502
73.384
64.968
76.771
54.929
64.447
75.701
57.003
66.973
104.930
105.196
73.097
54.150
60.173
70.356
68.628
74.731
75.232
73.384
39.301
55.081
50.513
56.911
81.546
87.177
59.143
66.727
36.233
77.804
67.655
75.893
83.004
86.060
1.000
1.000
64.372
1.000
1.000
78.127
75.145
1.000
1.000
1.000
1.000
1.000
1.000
1.000
1.000
1.000
1.000
1.000
1.000
1.000
1.000
1.000
1.000
1.000
1.000
1.000
1.000
1.000
1.000
1.000
1.000
1.000
1.000
1.000
1.000
1.000
1.000
1.000
1.000
1.000
1.000
1.000
1.000
1.000
1.000
1.000
1.000
1.000
1.000
1.000
1.000
1.000
1.000
1.000
1.000
1.000
1.000
1.000
1.000
1.000
1.000
1.000
1.000
1.000
1.000
1.000
1.000
1.000
1.000
1.000
24.116
22.325
27.804
16.873
23.567
27.542
24.638
25.363
32.539
38.424
27.202
25.604
26.662
28.787
29.641
30.946
30.711
32.651
42.511
29.007
22.615
25.924
33.869
34.245
42.540
68.423
33.304
33.266
40.170
55.860
42.825
53.186
49.934
49.023
58.385
49.397
66.850
57.743
66.466
54.513
48.084
73.148
58.237
45.846
64.417
67.920
62.474
55.360
51.880
57.956
57.306
43.361
43.231
71.928
55.770
71.961
83.004
70.437
75.701
65.615
64.269
48.117
71.367
75.197
65.705
28.171
40.124
56.066
57.930
68.770
77.553
87.398
52.420
54.601
66.804
50.769
56.195
96.516
111.815
75.405
60.534
70.941
62.936
68.375
53.666
58.143
49.012
53.728
59.511
68.738
70.648
56.182
39.646
72.227
86.816
91.117
1.000
1.000
93.778
92.576
1.000
1.000
1.000
1.000
1.000
1.000
1.000
1.000
1.000
1.000
1.000
1.000
1.000
1.000
1.000
1.000
1.000
1.000
1.000
1.000
1.000
1.000
1.000
1.000
1.000
1.000
1.000
1.000
1.000
1.000
1.000
1.000
1.000
1.000
1.000
1.000
1.000
1.000
1.000
1.000
1.000
1.000
1.000
1.000
1.000
1.000
1.000
1.000
1.000
1.000
1.000
1.000
1.000
1.000
1.000
1.000
1.000
1.000
20.040
51.333
29.228
62.259
42.082
76.542
74.903
52.204
60.298
48.395
60.200
64.077
51.239
85.212
72.795
70.827
56.169
69.183
77.786
76.666
70.323
75.249
75.007
83.676
73.519
73.943
59.047
70.550
78.037
85.921
1.000
1.000
1.000
1.000
1.000
1.000
1.000
1.000
1.000
1.000
1.000
1.000
1.000
1.000
1.000
1.000
1.000
1.000
1.000
1.000
1.000
17.378
22.080
42.102
29.451
47.195
60.311
54.488
56.938
57.438
58.304
91.496
58.492
60.660
74.783
66.727
67.050
1.000
1.000
1.000
1.000
1.000
1.000
1.000
1.000
1.000
1.000
1.000
1.000
1.000
1.000
16.144
17.951
31.304
44.228
44.300
47.523
51.665
81.941
37.119
46.259
60.076
66.313
71.532
67.546
70.081
75.701
67.035
71.614
78.217
71.713
69.888
61.916
65.569
67.236
80.168
71.730
82.243
1.000
1.000
1.000
1.000
1.000
1.000
1.000
1.000
1.000
1.000
1.000
1.000
1.000
1.000
1.000
1.000
1.000
1.000
1.000
1.000
1.000
1.000
1.000
1.000
1.000
1.000
37.558
13.527
30.123
59.034
63.782
72.828
71.796
52.493
47.534
59.211
55.834
64.269
46.730
84.450
66.742
76.984
58.695
64.789
67.920
63.870
66.635
67.097
75.370
77.411
62.503
72.327
83.311
80.464
87.337
1.000
1.000
1.000
1.000
1.000
1.000
1.000
1.000
1.000
1.000
1.000
1.000
1.000
1.000
1.000
1.000
1.000
1.000
1.000
1.000
1.000
17.350
22.284
23.534
44.596
34.308
45.941
54.739
39.792
48.989
66.100
84.101
49.374
59.814
52.036
81.470
84.528
72.394
74.234
77.696
86.457
75.858
102.094
84.333
62.560
82.224
78.650
78.542
85.526
86.557
1.000
1.000
1.000
1.000
1.000
1.000
1.000
1.000
1.000
1.000
1.000
1.000
1.000
1.000
1.000
1.000
1.000
1.000
1.000
1.000
34.253
16.421
25.978
35.035
55.924
54.815
70.697
61.475
61.702
61.859
54.300
86.916
78.343
63.038
68.865
64.328
77.983
76.913
81.884
82.471
79.634
69.008
74.645
89.125
99.038
1.000
1.000
1.000
1.000
1.000
1.000
1.000
1.000
1.000
1.000
1.000
1.000
1.000
1.000
1.000
1.000
1.000
1.000
1.000
1.000
23.426
19.534
23.955
28.080
54.513
36.830
61.263
28.847
65.073
62.144
60.562
60.534
64.789
72.044
85.941
65.283
79.415
82.243
76.243
92.257
84.333
89.105
82.661
83.695
61.660
64.121
95.104
98.152
1.000
1.000
1.000
1.000
1.000
1.000
1.000
1.000
1.000
1.000
1.000
1.000
1.000
1.000
1.000
1.000
1.000
1.000
1.000
1.000
1.000
18.138
23.372
46.946
54.588
62.560
42.825
82.794
68.360
56.247
82.985
64.343
59.388
74.628
85.684
59.088
95.719
113.501
67.220
74.834
89.743
76.366
78.686
1.000
1.000
1.000
1.000
1.000
1.000
1.000
1.000
1.000
1.000
1.000
1.000
1.000
1.000
1.000
1.000
1.000
1.000
1.000
1.000
24.044
21.592
27.593
26.577
26.996
27.669
27.121
28.504
30.304
33.947
39.829
43.944
31.477
49.946
45.909
32.644
30.158
39.994
36.141
41.039
41.476
27.574
33.220
29.208
43.053
44.586
44.443
44.504
51.416
48.029
72.544
42.973
55.757
67.936
74.319
51.976
72.627
77.929
60.562
66.237
60.884
65.645
54.626
65.028
66.298
58.197
72.979
57.043
62.058
62.173
56.938
54.450
52.071
54.438
60.814
66.435
64.491
67.858
66.237
75.788
75.284
66.819
71.928
52.180
79.341
86.656
47.830
62.517
76.931
78.271
70.356
69.024
84.295
58.277
81.208
71.763
62.259
62.417
61.390
66.834
71.023
72.078
48.128
51.677
89.536
90.012
68.549
55.886
75.875
45.635
48.574
61.080
70.259
72.344
1.000
1.000
56.442
72.845
46.957
83.464
68.786
75.041
1.000
1.000
1.000
1.000
81.960
75.736
1.000
1.000
1.000
1.000
1.000
1.000
1.000
1.000
1.000
1.000
1.000
1.000
1.000
1.000
1.000
1.000
1.000
1.000
1.000
1.000
1.000
1.000
1.000
1.000
1.000
1.000
1.000
1.000
1.000
1.000
1.000
1.000
1.000
1.000
1.000
1.000
1.000
1.000
1.000
1.000
1.000
1.000
1.000
1.000
1.000
1.000
1.000
1.000
1.000
1.000
1.000
1.000
1.000
1.000
1.000
1.000
1.000
1.000
24.238
28.596
24.831
22.756
20.759
41.899
41.429
24.740
31.131
41.106
73.638
43.591
58.749
40.272
47.370
40.823
50.524
55.068
35.547
40.458
55.937
37.515
47.250
57.359
36.501
54.601
44.443
50.003
1.000
1.000
1.000
1.000
1.000
1.000
1.000
1.000
1.000
1.000
1.000
1.000
1.000
1.000
1.000
1.000
1.000
1.000
1.000
1.000
1.000
1.000
1.000
1.000
1.000
1.000
1.000
1.000
1.000
1.000
1.000
1.000
1.000
1.000
1.000
1.000
1.000
1.000
1.000
1.000
1.000
1.000
1.000
1.000
1.000
1.000
1.000
1.000
1.000
1.000
1.000
1.000
1.000
1.000
1.000
1.000
1.000
1.000
1.000
1.000
1.000
1.000
1.000
1.000
1.000
1.000
1.000
1.000
1.000
1.000
1.000
1.000
1.000
33.830
32.636
32.100
35.108
22.496
27.214
39.391
57.451
42.579
49.181
53.297
59.306
43.231
50.816
47.852
57.122
56.846
67.251
44.771
50.652
54.413
59.539
69.359
44.228
38.761
44.730
41.802
56.925
57.810
61.489
54.438
57.214
46.817
48.967
56.014
57.930
49.317
55.475
1.000
1.000
1.000
1.000
41.400
50.910
1.000
1.000
1.000
1.000
1.000
1.000
1.000
1.000
1.000
1.000
1.000
1.000
1.000
1.000
1.000
1.000
1.000
1.000
1.000
1.000
1.000
1.000
1.000
1.000
1.000
1.000
1.000
1.000
1.000
1.000
1.000
1.000
1.000
1.000
1.000
1.000
1.000
1.000
1.000
1.000
1.000
1.000
1.000
1.000
1.000
1.000
1.000
1.000
1.000
1.000
1.000
1.000
1.000
1.000
1.000
1.000
1.000
1.000
1.000
1.000
1.000
1.000
1.000
1.000
1.000
1.000
1.000
1.000
1.000
1.000
1.000
1.000
30.200
32.278
65.268
1.000
1.000
1.000
1.000
1.000
1.000
1.000
1.000
1.000
1.000
59.621
63.533
46.355
42.954
48.384
55.233
66.911
60.604
64.136
69.952
58.318
82.433
68.265
70.081
43.985
49.774
58.010
57.504
52.869
68.754
85.684
64.565
69.647
46.957
59.211
44.106
75.318
60.632
74.783
68.423
40.476
51.761
40.747
46.784
1.000
1.000
60.062
52.626
1.000
1.000
1.000
1.000
1.000
60.884
65.343
1.000
1.000
1.000
1.000
1.000
1.000
1.000
1.000
1.000
1.000
1.000
1.000
1.000
1.000
1.000
1.000
1.000
1.000
1.000
1.000
1.000
1.000
1.000
1.000
1.000
1.000
1.000
1.000
1.000
1.000
1.000
1.000
1.000
1.000
1.000
1.000
1.000
1.000
1.000
1.000
1.000
1.000
1.000
1.000
1.000
1.000
1.000
1.000
1.000
1.000
1.000
1.000
1.000
1.000
1.000
1.000
1.000
1.000
1.000
1.000
1.000
1.000
1.000
1.000
1.000
1.000
1.000
1.000
1.000
1.000
56.416
60.159
59.007
63.577
82.756
59.088
57.253
61.546
1.000
1.000
1.000
1.000
1.000
1.000
1.000
1.000
1.000
1.000
1.000
1.000
16.304
33.674
32.742
23.041
25.375
24.395
21.493
37.316
37.497
22.803
20.427
22.563
49.614
22.372
36.771
27.498
23.265
24.429
26.200
25.769
23.020
31.791
18.540
18.180
29.689
46.925
57.187
67.952
36.720
41.134
37.308
38.362
51.820
50.746
46.827
53.617
46.914
51.725
27.271
49.351
52.808
35.777
41.716
45.352
55.924
40.551
40.355
65.675
66.604
52.192
51.428
37.428
44.576
51.844
45.867
46.763
47.479
39.921
72.761
68.707
47.033
45.051
1.000
1.000
1.000
1.000
1.000
1.000
1.000
1.000
1.000
1.000
1.000
1.000
1.000
1.000
1.000
1.000
1.000
1.000
1.000
1.000
1.000
1.000
1.000
1.000
1.000
1.000
1.000
1.000
1.000
1.000
1.000
1.000
1.000
1.000
1.000
1.000
1.000
1.000
1.000
1.000
1.000
1.000
1.000
1.000
1.000
1.000
1.000
1.000
1.000
1.000
1.000
1.000
1.000
1.000
1.000
1.000
1.000
1.000
1.000
1.000
1.000
1.000
1.000
1.000
67.391
72.011
47.709
42.638
51.393
75.893
57.544
63.168
72.227
67.952
77.643
89.002
91.264
79.232
82.642
93.111
89.867
84.275
84.236
89.536
74.834
79.232
86.636
92.066
76.542
77.535
75.910
65.479
73.824
68.218
69.119
80.260
90.782
108.818
98.742
80.094
68.802
88.206
88.430
83.445
89.991
99.060
1.000
1.000
102.707
104.544
102.047
76.261
1.000
1.000
83.522
91.770
80.947
83.100
1.000
1.000
1.000
1.000
1.000
1.000
1.000
1.000
1.000
1.000
1.000
1.000
1.000
1.000
1.000
1.000
1.000
1.000
24.519
27.460
40.757
42.433
21.004
64.744
69.920
49.408
53.877
53.753
57.056
70.534
67.749
100.902
99.518
52.881
54.903
90.678
93.584
65.539
75.318
70.697
1.000
1.000
1.000
1.000
1.000
1.000
1.000
1.000
1.000
1.000
1.000
1.000
1.000
1.000
1.000
1.000
1.000
1.000
88.450
88.410
1.000
1.000
1.000
1.000
1.000
1.000
1.000
1.000
1.000
1.000
1.000
1.000
1.000
1.000
21.047
23.137
29.840
30.627
36.274
66.804
59.034
60.926
47.566
53.248
1.000
1.000
1.000
1.000
1.000
1.000
1.000
1.000
1.000
1.000
1.000
1.000
1.000
1.000
1.000
1.000
1.000
1.000
1.000
1.000
1.000
1.000
1.000
1.000
1.000
1.000
1.000
1.000
1.000
1.000
1.000
1.000
1.000
28.197
35.188
35.416
32.114
37.540
84.217
80.668
81.283
77.965
77.144
83.599
1.000
1.000
1.000
1.000
1.000
1.000
1.000
1.000
1.000
1.000
1.000
1.000
49.820
55.937
45.238
39.528
48.607
82.890
87.277
65.358
81.171
88.675
89.331
1.000
1.000
1.000
1.000
1.000
1.000
1.000
1.000
1.000
1.000
1.000
1.000
1.000
1.000
1.000
1.000
17.430
19.289
31.254
18.850
16.259
21.597
21.169
19.879
19.994
26.860
35.975
17.108
27.428
16.715
20.568
18.557
21.732
16.734
23.094
16.823
23.845
23.410
21.468
27.315
22.346
23.361
24.894
29.505
21.893
22.527
14.900
21.772
28.781
27.214
29.363
31.967
32.026
23.030
26.002
29.054
26.406
25.586
25.823
23.556
30.591
29.971
26.644
27.283
46.677
49.408
32.742
22.177
24.210
32.426
32.915
18.897
21.893
34.570
50.851
19.665
33.412
29.329
31.053
23.719
35.392
26.026
23.243
20.654
27.416
28.609
21.707
28.061
31.203
22.177
44.127
58.130
40.290
23.895
32.531
33.581
33.986
36.796
78.109
53.211
53.015
65.509
61.447
48.944
66.313
41.543
28.074
43.581
68.675
70.323
23.961
24.837
25.375
30.528
27.246
35.678
27.701
23.785
25.457
22.925
33.090
29.689
59.334
61.221
52.662
55.911
44.116
37.077
64.047
60.884
43.391
71.614
67.717
40.504
54.601
45.009
53.370
58.277
70.795
67.143
43.662
39.437
37.914
59.704
70.534
45.751
34.594
54.488
68.786
66.100
53.543
36.526
80.779
68.596
69.183
60.618
67.499
63.724
65.163
41.438
50.968
49.351
91.918
107.424
66.267
56.273
74.285
71.614
67.795
76.472
65.857
67.639
69.871
72.161
81.171
71.417
101.461
87.378
49.923
1.000
47.261
1.000
1.000
1.000
41.305
83.387
89.826
1.000
1.000
1.000
1.000
1.000
1.000
1.000
1.000
1.000
1.000
1.000
1.000
1.000
1.000
1.000
1.000
1.000
1.000
1.000
1.000
1.000
1.000
1.000
1.000
1.000
1.000
1.000
1.000
1.000
1.000
1.000
1.000
1.000
1.000
1.000
1.000
1.000
1.000
1.000
1.000
1.000
1.000
1.000
1.000
1.000
1.000
1.000
1.000
1.000
1.000
1.000
1.000
1.000
1.000
1.000
1.000
1.000
1.000
1.000
1.000
1.000
1.000
24.446
27.530
23.249
19.489
29.322
30.507
21.587
18.802
32.976
23.073
25.229
30.627
27.842
31.827
27.561
34.277
28.602
29.215
22.735
50.385
43.601
55.132
50.664
40.616
29.621
22.699
43.642
33.713
36.417
34.111
35.408
33.297
30.740
38.486
31.945
37.558
38.274
39.464
29.343
31.761
38.681
54.350
64.983
68.849
56.611
58.063
61.024
77.126
70.307
51.976
66.834
57.890
57.148
39.328
37.256
40.133
45.772
48.697
44.844
36.475
32.033
31.131
36.855
60.954
59.470
26.915
23.179
27.752
75.474
75.648
63.841
70.178
68.675
66.665
67.019
70.746
68.061
50.524
51.701
45.051
71.945
80.334
95.543
75.474
82.737
81.358
49.181
80.854
78.289
51.050
51.452
62.922
70.210
72.661
67.717
56.156
62.316
72.895
80.149
91.243
68.849
65.720
62.503
68.644
83.407
90.803
77.482
54.026
62.791
70.323
86.616
83.580
46.174
53.113
64.491
64.819
49.946
50.362
67.468
41.200
53.629
96.294
96.694
81.339
78.001
58.506
64.998
83.560
84.820
75.527
80.891
89.846
72.828
76.613
68.140
75.076
53.530
61.010
62.259
86.517
77.839
55.886
91.685
88.125
85.901
68.501
1.000
1.000
1.000
1.000
1.000
1.000
1.000
1.000
1.000
1.000
1.000
1.000
1.000
1.000
1.000
1.000
1.000
1.000
1.000
1.000
1.000
1.000
1.000
1.000
1.000
1.000
1.000
1.000
1.000
1.000
1.000
1.000
1.000
1.000
1.000
1.000
1.000
1.000
1.000
1.000
1.000
1.000
1.000
1.000
1.000
1.000
1.000
1.000
1.000
1.000
1.000
56.053
37.077
37.958
34.245
76.524
76.842
48.730
45.467
19.006
54.038
70.941
79.488
40.430
35.326
43.222
75.648
32.749
72.510
74.542
22.439
33.420
34.818
56.611
59.910
41.106
79.469
82.585
42.491
39.528
63.329
60.145
26.681
23.812
80.501
32.674
73.232
73.655
83.560
48.273
47.272
75.666
86.477
73.536
72.963
72.946
74.903
74.542
68.360
34.419
49.329
76.807
71.040
75.718
85.783
82.966
80.334
79.287
71.072
68.360
86.338
32.666
75.318
79.031
81.302
78.001
78.922
66.298
73.215
73.519
73.519
56.598
85.842
81.452
76.015
79.122
56.585
48.686
86.576
84.023
50.617
71.236
67.577
94.081
95.367
63.856
49.454
84.742
57.970
59.525
74.234
72.577
70.356
88.695
83.330
70.097
78.723
1.000
1.000
67.035
65.705
60.395
1.000
1.000
1.000
1.000
1.000
1.000
1.000
1.000
1.000
1.000
1.000
1.000
1.000
1.000
1.000
1.000
1.000
1.000
1.000
1.000
1.000
1.000
1.000
1.000
1.000
1.000
1.000
1.000
1.000
1.000
1.000
1.000
1.000
1.000
1.000
1.000
1.000
1.000
1.000
1.000
1.000
1.000
1.000
18.281
23.884
19.834
28.688
21.812
25.533
38.869
29.458
24.660
21.953
23.747
32.938
31.153
30.075
31.139
30.563
23.873
30.061
29.874
36.283
35.229
30.381
60.520
56.938
31.196
27.196
20.644
36.983
39.747
41.976
59.649
57.135
29.370
42.267
40.096
34.802
25.817
32.946
53.223
72.560
79.671
47.185
45.941
32.855
31.630
42.825
72.895
35.810
41.352
62.705
67.422
47.163
47.786
50.385
60.660
50.281
44.710
43.883
34.356
38.905
46.655
54.601
56.781
35.768
37.179
54.992
59.951
29.363
39.912
49.556
48.018
61.165
63.988
49.431
58.170
51.701
55.847
62.001
65.660
64.136
32.946
63.475
66.451
39.174
44.627
50.443
1.000
1.000
1.000
1.000
1.000
1.000
1.000
1.000
1.000
1.000
1.000
1.000
1.000
1.000
1.000
1.000
1.000
1.000
1.000
1.000
1.000
1.000
1.000
1.000
1.000
1.000
1.000
1.000
1.000
1.000
1.000
1.000
1.000
1.000
1.000
1.000
1.000
1.000
1.000
1.000
1.000
1.000
1.000
1.000
1.000
1.000
1.000
1.000
1.000
1.000
1.000
1.000
1.000
1.000
1.000
1.000
1.000
1.000
1.000
1.000
1.000
1.000
1.000
1.000
1.000
1.000
1.000
1.000
1.000
1.000
1.000
1.000
1.000
1.000
1.000
1.000
1.000
1.000
1.000
1.000
1.000
1.000
1.000
1.000
1.000
1.000
1.000
1.000
1.000
1.000
1.000
1.000
1.000
1.000
1.000
1.000
1.000
1.000
1.000
1.000
1.000
1.000
1.000
1.000
1.000
1.000
1.000
1.000
61.024
68.738
60.954
62.791
1.000
1.000
1.000
1.000
1.000
50.153
34.435
53.802
65.933
64.461
80.408
69.502
1.000
71.170
1.000
1.000
1.000
1.000
62.777
69.215
1.000
56.872
63.606
65.343
1.000
1.000
1.000
1.000
1.000
24.261
26.285
47.885
75.301
73.198
20.086
66.927
30.227
27.416
15.191
27.441
60.786
27.240
32.659
26.321
1.000
73.468
54.551
70.615
72.795
68.454
70.340
73.519
68.360
53.753
64.313
91.411
54.001
59.607
61.291
74.525
50.687
57.637
47.293
79.524
39.591
57.043
88.389
76.754
58.695
69.582
66.727
55.924
66.497
62.087
80.186
83.541
56.846
1.000
77.768
26.194
54.375
56.637
63.431
60.814
58.197
79.488
71.978
74.834
76.173
85.625
57.531
85.704
63.241
66.176
60.062
57.069
68.818
84.256
63.841
66.497
67.717
92.045
61.179
62.244
75.076
51.725
62.994
74.319
33.060
1.000
50.362
66.451
61.150
69.151
45.677
1.000
1.000
60.325
71.879
71.367
69.199
29.971
44.658
33.022
27.970
32.569
33.281
39.183
1.000
1.000
30.641
34.261
69.040
1.000
1.000
36.016
15.545
29.971
55.093
35.148
35.286
22.840
24.182
48.529
51.192
57.398
63.636
53.150
59.896
47.479
69.534
66.942
1.000
1.000
1.000
1.000
1.000
1.000
1.000
1.000
1.000
1.000
1.000
1.000
1.000
1.000
1.000
38.072
52.942
59.498
57.996
54.613
64.521
80.556
1.000
1.000
1.000
1.000
1.000
1.000
1.000
1.000
1.000
1.000
1.000
1.000
1.000
1.000
1.000
1.000
1.000
1.000
1.000
1.000
1.000
1.000
1.000
1.000
1.000
1.000
1.000
1.000
1.000
1.000
1.000
76.630
1.000
1.000
1.000
21.994
28.973
75.980
1.000
1.000
1.000
1.000
54.916
61.263
1.000
1.000
1.000
1.000
1.000
1.000
1.000
1.000
1.000
1.000
1.000
1.000
1.000
1.000
47.577
43.122
1.000
1.000
1.000
1.000
1.000
1.000
1.000
1.000
1.000
1.000
1.000
1.000
1.000
78.850
79.928
1.000
20.314
14.184
32.307
47.654
60.409
63.445
27.002
31.203
32.397
81.152
96.962
93.951
69.327
73.097
57.943
73.013
54.338
67.686
64.447
76.155
78.941
94.558
79.104
95.918
96.361
64.908
84.645
82.224
67.453
60.284
80.965
76.754
100.046
93.390
76.842
78.941
87.619
86.060
88.654
91.390
83.483
71.450
1.000
1.000
1.000
1.000
1.000
1.000
1.000
1.000
1.000
1.000
1.000
1.000
1.000
1.000
1.000
1.000
1.000
1.000
1.000
1.000
1.000
1.000
1.000
1.000
1.000
1.000
1.000
1.000
1.000
1.000
1.000
1.000
1.000
1.000
1.000
1.000
1.000
1.000
1.000
1.000
1.000
1.000
1.000
1.000
32.426
44.813
44.906
60.506
60.325
34.222
35.867
63.973
47.457
57.637
79.818
105.390
102.707
84.742
69.968
74.405
73.384
66.604
70.453
1.000
1.000
1.000
1.000
1.000
1.000
1.000
1.000
1.000
1.000
1.000
1.000
1.000
1.000
1.000
1.000
1.000
1.000
1.000
1.000
1.000
1.000
1.000
1.000
1.000
1.000
1.000
1.000
1.000
1.000
1.000
1.000
26.116
27.746
26.485
25.775
23.648
26.375
25.918
26.528
26.940
34.182
25.900
29.471
30.620
31.485
43.944
54.100
58.157
24.963
31.131
28.445
39.555
31.268
45.279
39.346
36.274
33.628
62.661
63.096
33.884
41.486
59.800
54.828
48.161
49.215
51.880
52.336
60.104
45.467
48.462
74.525
42.257
49.351
38.036
39.509
73.807
68.407
44.895
60.076
69.231
71.978
44.895
51.145
44.771
53.543
39.437
41.030
63.038
63.241
49.636
63.183
68.014
67.967
59.498
62.259
48.753
61.348
37.905
44.545
51.630
54.765
50.304
43.642
50.050
65.963
46.784
1.000
1.000
1.000
1.000
1.000
1.000
1.000
1.000
1.000
1.000
1.000
1.000
1.000
1.000
1.000
1.000
1.000
1.000
1.000
1.000
1.000
1.000
1.000
1.000
1.000
1.000
1.000
1.000
1.000
1.000
1.000
1.000
1.000
1.000
1.000
1.000
1.000
1.000
1.000
1.000
1.000
1.000
1.000
1.000
1.000
1.000
1.000
1.000
1.000
1.000
1.000
1.000
1.000
1.000
1.000
1.000
1.000
1.000
1.000
1.000
1.000
1.000
1.000
1.000
1.000
1.000
1.000
1.000
1.000
1.000
1.000
1.000
1.000
1.000
1.000
1.000
1.000
1.000
1.000
1.000
1.000
1.000
1.000
1.000
1.000
1.000
1.000
1.000
1.000
1.000
1.000
1.000
1.000
1.000
1.000
1.000
1.000
1.000
1.000
1.000
1.000
1.000
1.000
1.000
1.000
1.000
1.000
1.000
1.000
1.000
1.000
1.000
1.000
1.000
1.000
1.000
1.000
1.000
1.000
1.000
1.000
1.000
1.000
1.000
25.142
24.820
1.000
1.000
1.000
1.000
1.000
42.894
53.864
26.669
56.118
40.917
47.929
59.129
80.445
89.413
90.887
88.675
75.197
69.984
92.534
91.054
82.490
89.702
92.172
97.769
87.599
86.119
83.695
99.701
98.719
76.771
74.817
82.642
95.280
82.243
88.206
79.506
83.464
89.681
93.089
1.000
1.000
1.000
1.000
100.949
85.961
1.000
1.000
1.000
1.000
1.000
1.000
1.000
1.000
1.000
1.000
1.000
1.000
1.000
1.000
1.000
1.000
1.000
1.000
1.000
1.000
1.000
1.000
1.000
1.000
1.000
1.000
1.000
1.000
1.000
1.000
1.000
1.000
1.000
1.000
1.000
1.000
18.836
19.507
35.051
38.583
32.367
35.318
57.056
56.079
62.748
55.757
66.988
55.386
50.863
51.192
63.212
49.034
59.938
72.427
1.000
1.000
1.000
1.000
1.000
1.000
1.000
1.000
1.000
1.000
1.000
1.000
1.000
1.000
1.000
1.000
1.000
1.000
1.000
1.000
1.000
1.000
1.000
1.000
1.000
1.000
1.000
1.000
1.000
1.000
1.000
1.000
1.000
1.000
28.900
34.451
25.811
25.751
65.524
62.216
31.645
25.686
29.978
32.516
77.446
64.595
29.916
35.547
68.580
74.336
30.402
31.053
26.589
31.470
39.875
51.039
61.094
66.865
82.756
73.063
42.209
54.026
102.424
80.297
83.234
86.000
83.330
77.911
49.728
55.424
78.632
77.589
78.109
71.335
79.947
55.526
66.313
62.460
58.143
52.954
57.425
56.585
90.991
72.996
87.781
91.918
39.701
45.541
54.463
58.627
73.418
72.778
77.893
82.092
59.566
64.047
75.561
56.325
87.862
80.039
69.183
74.285
95.984
72.560
75.875
73.672
77.678
77.607
71.466
79.763
48.787
91.496
90.074
99.312
77.304
82.737
57.890
1.000
1.000
91.770
83.157
1.000
1.000
1.000
68.202
74.508
1.000
89.146
95.017
91.243
90.866
88.838
89.310
1.000
1.000
1.000
1.000
1.000
1.000
1.000
1.000
1.000
1.000
1.000
1.000
1.000
1.000
1.000
1.000
1.000
1.000
1.000
1.000
1.000
1.000
1.000
1.000
1.000
1.000
1.000
1.000
1.000
1.000
1.000
1.000
1.000
1.000
1.000
1.000
1.000
1.000
1.000
1.000
1.000
1.000
1.000
1.000
1.000
1.000
1.000
1.000
1.000
1.000
1.000
1.000
1.000
1.000
1.000
1.000
1.000
1.000
1.000
1.000
1.000
1.000
1.000
1.000
1.000
45.405
44.988
55.360
54.891
1.000
1.000
34.427
35.818
35.180
36.509
28.054
28.794
52.650
54.225
52.857
55.578
49.716
64.968
66.696
63.168
68.046
1.000
1.000
1.000
1.000
1.000
1.000
1.000
1.000
1.000
1.000
1.000
1.000
1.000
1.000
1.000
1.000
1.000
1.000
1.000
1.000
1.000
1.000
1.000
1.000
1.000
1.000
1.000
1.000
1.000
1.000
1.000
1.000
41.601
31.901
32.629
67.251
72.394
57.717
57.135
61.830
75.145
83.234
74.234
84.431
90.053
65.088
1.000
1.000
1.000
1.000
1.000
1.000
1.000
1.000
1.000
1.000
1.000
1.000
1.000
1.000
1.000
1.000
1.000
1.000
1.000
1.000
1.000
29.526
36.266
34.159
76.138
77.357
61.461
44.566
51.145
62.187
74.972
84.450
101.719
80.705
84.392
85.271
76.033
75.631
1.000
1.000
1.000
1.000
1.000
1.000
1.000
1.000
1.000
1.000
1.000
1.000
1.000
1.000
1.000
1.000
1.000
1.000
1.000
1.000
1.000
1.000
1.000
1.000
1.000
25.787
26.218
46.979
47.272
50.315
80.872
63.738
54.450
61.193
49.102
56.911
55.514
61.419
42.658
44.957
49.854
53.333
1.000
1.000
1.000
1.000
1.000
1.000
1.000
1.000
1.000
1.000
1.000
1.000
1.000
1.000
1.000
1.000
1.000
1.000
1.000
1.000
1.000
1.000
1.000
1.000
1.000
1.000
1.000
1.000
1.000
1.000
1.000
1.000
1.000
1.000
1.000
1.000
1.000
1.000
1.000
1.000
1.000
1.000
1.000
1.000
1.000
1.000
27.618
27.114
24.638
25.206
22.080
29.465
44.535
33.258
27.271
26.552
28.648
31.871
29.902
21.033
21.953
40.813
41.524
28.721
36.568
33.543
24.672
24.808
22.574
23.340
29.485
43.904
44.473
23.448
33.535
36.898
62.878
32.719
29.573
47.984
60.228
55.005
61.844
80.445
61.108
74.268
42.687
60.730
42.121
38.001
42.668
47.720
39.958
38.028
72.778
53.740
65.675
65.887
57.783
63.358
64.536
76.454
64.551
60.353
70.307
70.307
48.228
55.488
73.468
69.056
69.359
74.525
74.783
90.636
91.432
57.983
65.509
78.560
81.021
77.750
57.043
64.432
78.109
73.553
46.612
71.598
55.144
62.015
45.436
100.046
101.088
66.911
83.445
65.811
1.000
1.000
1.000
47.841
53.211
1.000
1.000
63.915
74.336
78.922
62.431
65.811
1.000
1.000
1.000
1.000
1.000
1.000
1.000
1.000
1.000
1.000
1.000
1.000
1.000
1.000
1.000
1.000
1.000
1.000
1.000
1.000
1.000
1.000
1.000
1.000
1.000
1.000
1.000
1.000
1.000
1.000
1.000
1.000
1.000
1.000
1.000
1.000
1.000
1.000
1.000
1.000
1.000
1.000
1.000
1.000
1.000
1.000
1.000
1.000
1.000
1.000
1.000
1.000
1.000
1.000
1.000
1.000
1.000
1.000
1.000
1.000
1.000
1.000
1.000
1.000
1.000
1.000
1.000
1.000
1.000
1.000
1.000
1.000
1.000
1.000
1.000
1.000
1.000
1.000
1.000
1.000
1.000
1.000
1.000
1.000
1.000
1.000
1.000
1.000
1.000
1.000
1.000
1.000
1.000
1.000
1.000
1.000
1.000
1.000
1.000
1.000
1.000
1.000
1.000
1.000
1.000
1.000
1.000
1.000
1.000
1.000
1.000
1.000
1.000
1.000
1.000
1.000
1.000
1.000
1.000
1.000
1.000
1.000
1.000
1.000
1.000
1.000
1.000
1.000
1.000
1.000
1.000
1.000
1.000
1.000
1.000
1.000
1.000
1.000
1.000
1.000
1.000
1.000
1.000
1.000
1.000
1.000
1.000
1.000
1.000
1.000
1.000
1.000
1.000
1.000
1.000
13.596
21.762
19.834
21.345
34.395
24.300
23.020
19.588
21.086
29.161
21.772
21.077
26.742
23.823
21.682
23.276
24.803
19.418
22.814
27.058
26.632
27.378
27.977
24.969
21.717
30.733
31.427
22.756
25.793
28.582
57.531
29.641
37.411
41.495
43.371
21.291
32.441
40.992
27.727
26.922
45.804
65.645
30.172
40.992
33.884
73.756
45.499
42.560
50.200
50.130
37.188
45.248
63.709
71.978
34.041
33.963
33.297
34.850
30.606
36.400
40.059
27.240
31.886
42.914
46.957
53.003
42.209
65.163
37.627
41.822
38.388
37.610
46.881
69.056
77.108
50.921
27.606
33.007
36.949
41.524
57.030
25.073
29.194
56.611
55.552
34.017
41.400
56.663
63.314
70.486
52.505
46.784
49.420
55.081
54.651
43.043
54.954
57.069
53.777
1.000
1.000
45.973
1.000
1.000
1.000
1.000
1.000
1.000
1.000
1.000
1.000
1.000
1.000
1.000
1.000
1.000
1.000
1.000
1.000
1.000
1.000
1.000
1.000
1.000
1.000
1.000
1.000
1.000
1.000
1.000
1.000
1.000
1.000
1.000
1.000
1.000
1.000
1.000
1.000
1.000
1.000
1.000
1.000
1.000
1.000
1.000
1.000
1.000
1.000
1.000
1.000
1.000
1.000
1.000
1.000
1.000
1.000
1.000
1.000
1.000
1.000
1.000
1.000
1.000
1.000
1.000
1.000
1.000
1.000
1.000
1.000
1.000
1.000
1.000
1.000
1.000
1.000
1.000
13.602
18.971
23.318
25.651
27.246
47.326
44.545
41.333
55.093
56.715
53.666
50.466
55.055
56.964
65.403
66.435
61.944
64.521
59.704
1.000
1.000
1.000
1.000
1.000
1.000
1.000
1.000
1.000
1.000
1.000
1.000
1.000
1.000
1.000
1.000
1.000
1.000
1.000
1.000
1.000
1.000
1.000
1.000
1.000
1.000
1.000
1.000
1.000
1.000
1.000
1.000
1.000
1.000
1.000
1.000
1.000
1.000
1.000
1.000
1.000
1.000
1.000
1.000
1.000
1.000
1.000
1.000
1.000
1.000
1.000
1.000
1.000
1.000
1.000
1.000
1.000
1.000
1.000
1.000
1.000
1.000
1.000
1.000
1.000
1.000
1.000
1.000
1.000
1.000
1.000
1.000
1.000
1.000
1.000
1.000
1.000
1.000
18.403
70.000
66.819
48.618
56.221
66.711
60.660
69.199
71.846
63.973
62.001
59.443
46.763
60.311
45.751
56.977
66.973
1.000
1.000
1.000
1.000
1.000
1.000
1.000
1.000
1.000
1.000
1.000
1.000
1.000
1.000
1.000
1.000
1.000
1.000
1.000
1.000
1.000
1.000
1.000
1.000
1.000
1.000
1.000
1.000
1.000
1.000
1.000
1.000
30.818
59.361
60.646
54.941
44.066
63.606
1.000
1.000
1.000
1.000
1.000
1.000
1.000
1.000
1.000
1.000
1.000
1.000
1.000
1.000
1.000
1.000
1.000
1.000
1.000
1.000
1.000
1.000
1.000
1.000
1.000
1.000
1.000
1.000
1.000
1.000
1.000
1.000
56.977
47.731
22.382
23.632
40.907
39.509
36.509
40.327
64.536
64.284
76.524
90.074
55.783
75.561
90.074
75.718
54.979
57.890
71.796
70.795
70.746
77.446
81.358
52.312
90.866
65.073
90.240
94.081
91.601
77.786
77.535
80.556
76.015
62.560
76.736
49.181
48.306
72.895
73.570
51.133
64.699
1.000
1.000
1.000
1.000
70.860
81.715
1.000
1.000
1.000
1.000
1.000
1.000
65.148
68.265
75.648
1.000
1.000
1.000
1.000
1.000
1.000
1.000
1.000
1.000
1.000
1.000
1.000
1.000
1.000
1.000
1.000
1.000
1.000
1.000
1.000
1.000
1.000
1.000
1.000
1.000
1.000
1.000
1.000
1.000
1.000
1.000
1.000
1.000
1.000
1.000
1.000
1.000
1.000
1.000
1.000
1.000
1.000
1.000
1.000
1.000
1.000
1.000
1.000
1.000
1.000
1.000
1.000
1.000
1.000
1.000
1.000
25.698
26.176
31.089
62.791
34.554
19.364
23.944
46.817
21.923
25.799
72.360
76.966
63.562
63.973
66.927
40.570
54.790
74.114
58.654
79.524
74.285
66.054
67.920
71.040
44.833
40.654
86.457
91.897
83.004
82.871
66.773
76.613
93.197
92.087
68.234
74.165
72.912
82.281
87.579
68.754
72.594
72.344
65.675
77.500
94.776
1.000
1.000
1.000
1.000
1.000
1.000
1.000
1.000
1.000
1.000
1.000
1.000
1.000
1.000
1.000
1.000
1.000
1.000
1.000
1.000
1.000
1.000
1.000
1.000
1.000
1.000
1.000
1.000
1.000
1.000
1.000
1.000
1.000
1.000
1.000
1.000
1.000
1.000
1.000
1.000
1.000
1.000
1.000
1.000
1.000
1.000
1.000
1.000
1.000
1.000
1.000
18.126
26.461
36.341
43.231
56.702
68.897
60.117
32.893
35.629
65.118
76.807
80.076
38.159
33.698
77.678
86.199
90.178
57.346
61.404
72.661
88.961
77.321
86.756
77.607
83.522
75.701
79.415
80.668
84.684
90.095
81.941
76.085
84.625
66.757
69.534
81.733
57.996
71.318
73.689
76.825
93.132
86.756
80.297
79.360
82.737
66.298
1.000
1.000
1.000
1.000
1.000
1.000
1.000
1.000
1.000
1.000
1.000
1.000
1.000
1.000
1.000
1.000
1.000
1.000
1.000
1.000
1.000
1.000
1.000
1.000
1.000
1.000
1.000
1.000
1.000
1.000
1.000
1.000
1.000
1.000
1.000
1.000
1.000
1.000
1.000
1.000
1.000
1.000
1.000
1.000
1.000
1.000
1.000
1.000
1.000
1.000
1.000
1.000
1.000
1.000
1.000
1.000
1.000
1.000
1.000
1.000
1.000
1.000
1.000
1.000
21.145
33.760
53.383
43.762
66.039
65.933
57.016
33.916
35.408
73.080
73.485
66.527
50.096
47.797
71.961
83.464
88.024
67.889
72.644
61.433
80.020
76.860
76.472
70.502
79.488
77.911
90.761
81.433
84.742
78.560
80.575
75.336
76.771
63.329
64.670
64.136
69.839
68.945
66.942
72.778
92.003
86.856
66.420
66.206
75.024
1.000
1.000
1.000
1.000
1.000
1.000
1.000
1.000
1.000
1.000
1.000
1.000
1.000
1.000
1.000
1.000
1.000
1.000
1.000
1.000
1.000
1.000
1.000
1.000
1.000
1.000
1.000
1.000
1.000
1.000
1.000
1.000
1.000
1.000
1.000
1.000
1.000
1.000
1.000
1.000
1.000
1.000
1.000
1.000
1.000
1.000
1.000
1.000
1.000
1.000
1.000
1.000
1.000
1.000
1.000
1.000
1.000
1.000
1.000
1.000
1.000
1.000
1.000
1.000
1.000
1.000
1.000
17.972
27.714
24.294
30.960
91.180
94.755
59.156
78.759
40.757
41.077
60.799
63.416
64.343
70.843
67.468
90.261
100.554
67.936
75.910
63.577
80.039
89.207
87.277
87.036
90.178
86.218
85.625
81.190
73.384
89.743
89.660
79.781
80.149
78.253
63.694
88.675
90.824
64.595
68.644
73.164
81.115
1.000
1.000
74.251
75.353
1.000
1.000
1.000
1.000
1.000
1.000
1.000
1.000
1.000
1.000
1.000
1.000
1.000
1.000
1.000
1.000
1.000
1.000
1.000
1.000
1.000
1.000
1.000
1.000
1.000
1.000
1.000
1.000
1.000
1.000
1.000
1.000
1.000
1.000
1.000
1.000
1.000
1.000
1.000
1.000
1.000
1.000
1.000
1.000
1.000
1.000
1.000
1.000
1.000
1.000
1.000
1.000
1.000
1.000
1.000
1.000
1.000
1.000
1.000
1.000
1.000
1.000
1.000
1.000
1.000
1.000
60.048
1.000
1.000
1.000
58.371
52.324
75.509
83.811
1.000
1.000
1.000
1.000
32.048
31.813
65.298
1.000
1.000
1.000
1.000
1.000
45.730
27.810
50.107
69.311
70.550
1.000
1.000
1.000
1.000
1.000
36.585
33.620
18.059
20.352
38.291
43.974
45.373
82.186
65.028
63.929
60.534
81.997
44.055
1.000
1.000
1.000
1.000
1.000
1.000
1.000
1.000
1.000
1.000
1.000
1.000
1.000
31.340
27.492
37.342
64.195
29.127
39.710
46.036
69.855
67.952
75.492
1.000
1.000
1.000
1.000
1.000
1.000
1.000
1.000
27.657
30.262
1.000
1.000
30.613
31.485
21.424
29.074
25.246
30.903
34.554
43.813
41.831
55.119
1.000
1.000
63.372
55.182
49.102
61.277
1.000
1.000
1.000
1.000
1.000
1.000
1.000
1.000
1.000
1.000
1.000
1.000
1.000
72.161
88.105
1.000
1.000
1.000
1.000
1.000
1.000
1.000
51.286
54.790
45.952
63.154
72.527
101.298
61.589
65.208
77.678
1.000
1.000
1.000
1.000
1.000
1.000
1.000
1.000
1.000
1.000
1.000
1.000
13.502
66.115
28.648
57.108
67.313
83.927
83.349
1.000
1.000
1.000
26.369
27.328
24.272
27.855
29.221
44.228
28.927
65.464
59.896
66.635
50.734
59.156
75.561
77.822
64.595
75.076
56.794
1.000
1.000
1.000
1.000
1.000
1.000
1.000
1.000
1.000
1.000
1.000
1.000
1.000
1.000
21.130
1.000
1.000
1.000
46.838
72.260
70.323
67.391
65.720
72.078
55.796
41.229
53.716
61.987
1.000
1.000
1.000
1.000
1.000
1.000
1.000
1.000
1.000
1.000
39.930
50.073
63.621
77.019
1.000
1.000
1.000
1.000
1.000
1.000
1.000
1.000
25.668
27.511
25.229
24.975
70.049
54.275
59.511
43.401
66.527
73.790
50.130
53.064
60.912
65.569
61.802
33.908
1.000
1.000
1.000
1.000
1.000
1.000
1.000
1.000
1.000
1.000
1.000
1.000
1.000
1.000
1.000
1.000
1.000
1.000
1.000
1.000
49.820
58.844
69.103
59.965
68.596
68.881
56.144
34.882
55.195
1.000
1.000
1.000
1.000
1.000
1.000
1.000
1.000
1.000
1.000
1.000
1.000
1.000
1.000
1.000
1.000
1.000
1.000
1.000
65.028
1.000
1.000
1.000
1.000
1.000
1.000
1.000
1.000
1.000
1.000
1.000
1.000
1.000
1.000
1.000
1.000
1.000
64.402
60.451
1.000
1.000
1.000
1.000
1.000
1.000
56.247
62.936
1.000
1.000
1.000
1.000
1.000
1.000
1.000
69.647
1.000
1.000
1.000
1.000
1.000
49.420
40.616
62.719
49.261
57.306
65.388
1.000
1.000
1.000
1.000
1.000
1.000
1.000
1.000
1.000
1.000
1.000
1.000
1.000
1.000
1.000
1.000
1.000
66.466
67.143
26.128
1.000
55.322
40.402
28.695
51.535
50.910
36.208
1.000
1.000
1.000
1.000
1.000
1.000
59.525
62.244
68.202
74.834
81.809
90.136
63.680
65.660
87.378
85.862
54.425
68.565
1.000
1.000
1.000
1.000
1.000
1.000
1.000
1.000
1.000
1.000
1.000
1.000
1.000
1.000
1.000
1.000
1.000
1.000
60.884
56.872
1.000
1.000
1.000
1.000
1.000
1.000
1.000
1.000
1.000
1.000
1.000
1.000
1.000
1.000
1.000
1.000
1.000
1.000
1.000
1.000
1.000
1.000
1.000
1.000
1.000
1.000
1.000
1.000
1.000
1.000
1.000
1.000
1.000
1.000
1.000
1.000
1.000
1.000
1.000
1.000
1.000
1.000
1.000
1.000
1.000
1.000
1.000
1.000
1.000
1.000
1.000
1.000
1.000
1.000
1.000
1.000
1.000
1.000
1.000
1.000
1.000
67.531
1.000
1.000
1.000
1.000
1.000
1.000
1.000
1.000
1.000
1.000
1.000
1.000
1.000
1.000
1.000
55.373
1.000
1.000
1.000
1.000
1.000
1.000
83.965
1.000
1.000
1.000
1.000
1.000
1.000
1.000
1.000
1.000
1.000
1.000
1.000
85.133
1.000
1.000
1.000
1.000
1.000
1.000
1.000
1.000
1.000
1.000
1.000
1.000
92.172
1.000
1.000
1.000
1.000
1.000
1.000
76.931
76.683
1.000
1.000
1.000
1.000
1.000
1.000
1.000
1.000
40.682
35.449
1.000
1.000
1.000
1.000
1.000
1.000
1.000
1.000
38.717
42.277
1.000
1.000
1.000
1.000
1.000
1.000
1.000
1.000
1.000
1.000
1.000
1.000
1.000
1.000
35.694
1.000
1.000
1.000
1.000
1.000
1.000
1.000
1.000
1.000
22.956
62.001
63.885
1.000
1.000
1.000
76.384
63.768
66.161
41.219
1.000
1.000
1.000
1.000
1.000
1.000
1.000
1.000
1.000
1.000
1.000
29.621
75.197
1.000
1.000
26.730
71.664
69.775
1.000
1.000
71.302
66.619
1.000
1.000
1.000
1.000
1.000
1.000
1.000
1.000
1.000
1.000
1.000
21.439
21.237
1.000
23.719
63.023
71.483
30.981
1.000
1.000
54.188
51.428
1.000
1.000
1.000
24.513
26.092
34.922
23.983
25.757
29.390
30.662
28.550
33.335
37.489
40.309
66.206
73.063
51.027
58.735
64.506
59.224
51.892
62.791
65.963
1.000
1.000
1.000
1.000
1.000
1.000
1.000
1.000
1.000
1.000
1.000
1.000
1.000
1.000
1.000
1.000
1.000
1.000
1.000
1.000
1.000
1.000
1.000
1.000
1.000
1.000
60.786
28.353
34.475
69.711
78.289
85.645
1.000
1.000
1.000
1.000
1.000
24.160
78.271
97.252
1.000
1.000
1.000
21.184
59.621
72.477
70.113
84.004
66.757
69.775
1.000
1.000
1.000
1.000
1.000
25.769
77.714
75.145
1.000
72.544
64.447
69.663
27.618
81.583
84.353
55.068
60.478
56.533
64.091
1.000
1.000
1.000
1.000
53.284
1.000
30.451
60.534
61.873
58.844
67.205
58.277
74.662
52.845
53.988
51.558
1.000
1.000
63.081
1.000
1.000
1.000
1.000
1.000
1.000
1.000
1.000
1.000
47.195
1.000
1.000
1.000
1.000
1.000
1.000
21.014
25.858
27.511
24.468
25.817
26.620
39.364
27.791
37.532
40.804
31.153
54.941
35.934
37.949
60.814
65.028
70.162
72.111
56.286
42.491
58.452
65.343
58.735
57.227
65.615
73.892
60.968
59.649
59.361
59.855
80.445
78.705
80.835
84.062
73.333
86.896
76.068
72.477
66.742
83.907
90.053
1.000
1.000
1.000
1.000
1.000
1.000
1.000
1.000
1.000
1.000
1.000
1.000
1.000
1.000
1.000
1.000
1.000
1.000
1.000
1.000
1.000
1.000
19.720
39.573
40.309
32.026
25.003
25.924
39.783
39.328
30.158
42.884
32.832
67.484
55.081
83.657
62.618
53.420
67.531
69.775
64.714
77.678
72.627
59.855
63.154
70.583
70.016
77.428
72.912
67.593
74.886
81.546
67.686
84.062
83.714
59.429
1.000
71.961
83.849
1.000
1.000
1.000
1.000
1.000
1.000
1.000
1.000
1.000
1.000
1.000
1.000
51.180
39.765
61.221
64.923
81.979
25.061
27.177
59.883
58.506
17.898
68.913
38.779
51.475
43.441
49.125
71.121
76.736
44.076
48.922
59.621
58.264
1.000
1.000
1.000
1.000
1.000
1.000
1.000
1.000
1.000
1.000
1.000
1.000
1.000
1.000
1.000
1.000
1.000
1.000
1.000
1.000
1.000
1.000
1.000
1.000
1.000
1.000
1.000
1.000
1.000
1.000
1.000
1.000
1.000
1.000
1.000
1.000
1.000
71.072
42.015
35.075
62.216
73.961
43.351
45.667
56.611
61.306
55.017
72.078
67.282
75.770
53.877
63.812
73.638
76.419
54.125
65.013
66.206
65.178
1.000
1.000
1.000
1.000
1.000
1.000
1.000
1.000
1.000
1.000
1.000
1.000
1.000
1.000
1.000
1.000
1.000
1.000
1.000
1.000
1.000
1.000
1.000
1.000
1.000
1.000
1.000
1.000
1.000
1.000
1.000
1.000
1.000
1.000
1.000
1.000
28.386
42.806
53.321
69.647
74.319
51.677
24.300
74.886
80.427
1.000
1.000
1.000
1.000
1.000
1.000
1.000
1.000
1.000
1.000
27.504
26.786
57.346
59.827
63.900
57.783
42.687
40.077
79.287
82.035
1.000
1.000
1.000
1.000
1.000
1.000
1.000
1.000
1.000
1.000
80.112
85.803
98.946
93.004
1.000
1.000
1.000
1.000
83.830
87.237
101.789
101.648
1.000
1.000
1.000
1.000
1.000
1.000
24.848
29.546
83.445
82.167
61.973
66.267
99.678
104.954
1.000
1.000
1.000
1.000
1.000
1.000
1.000
64.536
63.709
1.000
1.000
1.000
1.000
1.000
22.579
28.268
25.586
21.667
21.913
23.610
40.262
34.096
25.858
26.345
19.925
21.439
42.993
41.381
27.523
29.458
76.507
66.222
36.484
37.757
32.063
30.123
28.138
22.090
23.286
69.550
74.920
25.451
34.866
37.914
56.105
46.655
71.072
71.154
67.749
66.344
55.424
63.782
75.145
74.525
100.647
96.028
66.328
71.450
89.764
73.401
70.648
69.119
75.336
55.578
69.775
81.096
81.733
52.930
65.373
81.414
42.521
53.580
71.995
71.862
79.653
80.371
1.000
88.267
84.256
67.811
60.353
69.968
1.000
1.000
1.000
1.000
1.000
1.000
1.000
1.000
1.000
1.000
1.000
1.000
1.000
1.000
1.000
1.000
1.000
1.000
1.000
1.000
1.000
1.000
1.000
1.000
1.000
1.000
43.752
49.079
28.119
32.188
38.860
39.692
70.795
80.612
75.683
65.963
71.631
73.553
1.000
1.000
1.000
1.000
1.000
1.000
1.000
1.000
1.000
1.000
1.000
1.000
1.000
1.000
1.000
1.000
1.000
1.000
1.000
1.000
1.000
1.000
1.000
1.000
1.000
1.000
19.679
21.994
26.272
27.797
29.943
24.660
26.200
25.235
30.953
28.714
43.843
54.752
42.452
45.321
36.149
34.810
54.300
53.395
41.581
41.096
28.761
35.408
42.082
31.139
30.704
49.579
61.052
50.629
1.000
1.000
46.795
49.785
1.000
1.000
1.000
1.000
1.000
1.000
1.000
1.000
1.000
1.000
1.000
1.000
1.000
1.000
1.000
1.000
1.000
1.000
1.000
1.000
1.000
1.000
1.000
1.000
1.000
1.000
1.000
1.000
1.000
1.000
1.000
28.294
30.040
27.720
29.188
35.744
37.463
33.396
35.620
43.672
32.218
29.607
31.275
44.617
67.702
82.433
68.344
76.789
53.052
59.745
57.517
59.621
45.186
48.373
63.256
76.384
76.648
67.422
92.961
90.199
55.898
66.819
66.130
75.753
88.654
89.269
77.660
77.965
65.736
74.456
69.631
65.223
68.723
61.645
69.406
70.049
62.676
67.920
1.000
1.000
1.000
1.000
1.000
1.000
1.000
1.000
1.000
1.000
1.000
1.000
1.000
1.000
1.000
1.000
1.000
1.000
1.000
1.000
1.000
1.000
1.000
1.000
1.000
1.000
1.000
1.000
1.000
44.771
51.180
85.075
80.186
53.543
56.990
63.665
66.819
1.000
1.000
1.000
1.000
1.000
1.000
1.000
1.000
1.000
1.000
1.000
1.000
1.000
1.000
1.000
1.000
1.000
1.000
1.000
1.000
1.000
1.000
32.734
35.604
27.669
26.884
32.599
28.761
30.137
23.009
21.326
33.783
33.075
24.149
40.486
26.002
25.948
21.385
19.342
31.857
22.814
65.933
63.562
49.351
49.659
51.145
56.195
57.201
67.499
53.691
51.535
61.249
53.444
59.938
61.277
73.807
67.873
71.862
79.305
77.304
33.136
31.514
57.504
65.208
53.617
56.768
53.150
58.170
79.141
77.037
62.388
98.764
97.836
38.753
40.832
85.192
81.152
85.251
60.131
76.068
91.770
94.471
72.577
89.950
73.790
71.763
1.000
1.000
95.786
97.432
1.000
1.000
1.000
1.000
1.000
1.000
1.000
1.000
1.000
1.000
1.000
1.000
1.000
1.000
1.000
1.000
1.000
1.000
1.000
1.000
1.000
1.000
1.000
1.000
1.000
1.000
1.000
1.000
1.000
1.000
1.000
1.000
1.000
1.000
1.000
1.000
19.706
23.594
27.517
28.807
35.473
36.720
39.518
27.657
28.497
65.811
66.145
57.201
43.652
54.802
67.097
66.911
68.124
61.589
65.388
46.838
48.040
48.674
71.532
80.297
59.088
62.907
68.849
1.000
1.000
1.000
1.000
1.000
1.000
1.000
1.000
1.000
1.000
1.000
1.000
1.000
1.000
1.000
1.000
1.000
1.000
1.000
1.000
1.000
1.000
1.000
1.000
1.000
1.000
1.000
1.000
1.000
1.000
1.000
21.321
30.367
32.614
37.575
61.830
70.340
55.412
62.058
70.275
52.060
49.363
1.000
1.000
1.000
1.000
1.000
1.000
1.000
1.000
1.000
23.383
21.370
63.343
71.829
1.000
1.000
1.000
1.000
1.000
1.000
1.000
1.000
1.000
1.000
1.000
1.000
1.000
1.000
1.000
1.000
1.000
1.000
1.000
1.000
51.654
61.631
83.464
73.299
56.195
64.774
61.603
72.828
1.000
1.000
1.000
1.000
1.000
1.000
1.000
1.000
1.000
1.000
1.000
1.000
1.000
1.000
1.000
30.917
30.248
28.774
29.888
52.650
65.796
41.639
45.206
47.206
53.976
1.000
1.000
1.000
1.000
1.000
1.000
1.000
1.000
1.000
1.000
1.000
1.000
1.000
1.000
1.000
1.000
1.000
1.000
1.000
1.000
1.000
1.000
1.000
1.000
1.000
1.000
1.000
1.000
1.000
1.000
1.000
1.000
1.000
1.000
1.000
1.000
1.000
1.000
1.000
1.000
1.000
1.000
1.000
1.000
44.412
49.785
88.593
89.846
66.650
59.662
63.959
52.180
82.585
77.732
71.285
74.029
80.612
86.119
1.000
1.000
1.000
1.000
1.000
1.000
1.000
1.000
1.000
1.000
1.000
1.000
1.000
1.000
1.000
1.000
1.000
1.000
1.000
1.000
1.000
1.000
1.000
1.000
1.000
1.000
1.000
1.000
