17.306
32.802
44.679
18.845
1.000
1.000
1.000
1.000
1.000
1.000
1.000
1.000
18.664
16.010
25.817
35.180
45.394
24.820
56.559
28.022
25.468
21.898
41.889
42.306
34.674
1.000
43.762
1.000
1.000
1.000
1.000
1.000
1.000
1.000
1.000
1.000
1.000
1.000
1.000
1.000
1.000
1.000
1.000
1.000
1.000
1.000
1.000
1.000
1.000
1.000
1.000
1.000
1.000
1.000
1.000
1.000
1.000
1.000
1.000
1.000
1.000
1.000
1.000
1.000
1.000
1.000
1.000
1.000
1.000
1.000
1.000
1.000
1.000
1.000
1.000
1.000
1.000
1.000
1.000
1.000
1.000
1.000
1.000
1.000
1.000
1.000
1.000
1.000
1.000
1.000
1.000
1.000
1.000
1.000
1.000
1.000
1.000
22.972
23.507
41.889
86.497
86.976
44.504
48.585
43.013
41.591
1.000
1.000
1.000
1.000
1.000
1.000
1.000
1.000
1.000
1.000
1.000
1.000
1.000
1.000
1.000
1.000
1.000
1.000
1.000
1.000
25.870
17.002
40.170
28.781
28.913
19.552
25.044
17.414
1.000
1.000
1.000
1.000
1.000
1.000
1.000
1.000
1.000
1.000
1.000
1.000
1.000
1.000
1.000
1.000
1.000
1.000
1.000
1.000
1.000
1.000
1.000
1.000
1.000
1.000
1.000
1.000
1.000
1.000
1.000
1.000
1.000
1.000
1.000
1.000
1.000
1.000
1.000
1.000
1.000
15.940
71.335
57.240
52.107
38.601
38.344
40.973
38.806
52.143
64.032
59.115
1.000
1.000
1.000
1.000
1.000
1.000
1.000
1.000
1.000
1.000
1.000
1.000
1.000
1.000
1.000
1.000
1.000
1.000
1.000
1.000
1.000
1.000
1.000
1.000
1.000
1.000
1.000
1.000
1.000
1.000
1.000
1.000
1.000
1.000
1.000
1.000
1.000
1.000
1.000
1.000
1.000
1.000
1.000
1.000
1.000
1.000
33.970
1.000
1.000
1.000
1.000
1.000
1.000
1.000
1.000
1.000
1.000
1.000
1.000
1.000
1.000
1.000
1.000
1.000
1.000
1.000
17.771
19.458
18.403
21.727
46.709
18.247
31.182
19.099
35.441
31.783
35.555
62.980
64.640
63.782
35.506
40.262
50.130
44.015
59.102
49.215
36.083
54.513
36.940
53.765
43.521
40.004
51.988
30.290
24.553
34.986
41.572
49.136
47.033
1.000
55.629
59.525
49.249
71.647
48.663
47.929
44.627
43.212
1.000
1.000
1.000
1.000
1.000
1.000
1.000
1.000
1.000
1.000
1.000
1.000
1.000
1.000
1.000
1.000
1.000
1.000
1.000
1.000
1.000
1.000
1.000
1.000
1.000
1.000
1.000
1.000
1.000
1.000
1.000
1.000
1.000
1.000
1.000
1.000
1.000
1.000
1.000
1.000
1.000
1.000
1.000
1.000
1.000
1.000
1.000
1.000
25.960
55.271
55.976
1.000
1.000
1.000
1.000
1.000
1.000
1.000
1.000
1.000
1.000
1.000
1.000
1.000
1.000
1.000
1.000
1.000
1.000
1.000
1.000
1.000
1.000
1.000
1.000
1.000
1.000
1.000
1.000
1.000
1.000
1.000
1.000
1.000
1.000
1.000
1.000
1.000
1.000
1.000
1.000
1.000
1.000
39.509
36.881
50.513
57.597
108.118
104.184
1.000
1.000
1.000
1.000
1.000
1.000
1.000
1.000
1.000
1.000
1.000
1.000
1.000
1.000
1.000
1.000
28.814
54.891
57.359
87.801
89.578
1.000
1.000
1.000
1.000
1.000
1.000
1.000
1.000
1.000
1.000
1.000
1.000
1.000
1.000
1.000
1.000
1.000
1.000
1.000
1.000
1.000
1.000
1.000
1.000
1.000
1.000
1.000
1.000
1.000
1.000
1.000
1.000
1.000
1.000
1.000
1.000
1.000
19.656
18.101
40.898
50.910
1.000
1.000
1.000
1.000
1.000
1.000
1.000
1.000
1.000
1.000
1.000
1.000
1.000
1.000
1.000
1.000
1.000
1.000
1.000
1.000
1.000
1.000
1.000
1.000
1.000
1.000
1.000
1.000
15.588
16.493
27.983
42.034
35.075
62.589
40.050
33.489
50.804
76.948
53.926
52.784
67.205
65.013
76.472
93.304
90.157
78.199
1.000
1.000
1.000
1.000
1.000
1.000
1.000
1.000
1.000
1.000
1.000
1.000
1.000
1.000
1.000
1.000
1.000
1.000
1.000
1.000
1.000
1.000
1.000
1.000
1.000
1.000
1.000
1.000
16.634
16.982
26.613
32.211
33.682
63.650
41.229
36.720
38.468
42.796
66.911
64.506
35.083
45.973
51.880
72.377
81.452
83.676
73.943
1.000
73.080
1.000
1.000
1.000
1.000
1.000
1.000
1.000
1.000
1.000
1.000
1.000
1.000
1.000
1.000
1.000
1.000
1.000
1.000
1.000
1.000
1.000
1.000
1.000
1.000
1.000
24.757
17.183
15.631
18.612
21.033
27.568
28.041
16.584
23.388
20.516
21.498
19.218
21.777
33.838
27.221
23.873
23.621
29.573
24.592
25.044
35.662
21.091
28.635
21.582
22.641
24.468
33.698
34.308
33.022
32.606
37.008
28.080
73.587
24.491
28.787
56.663
20.314
24.837
54.288
37.213
56.859
28.933
56.066
56.741
58.184
33.791
36.509
49.306
50.617
52.324
65.539
34.650
54.125
56.182
52.517
43.883
44.096
44.259
38.646
82.149
52.060
63.096
46.559
35.801
65.781
85.133
39.719
34.714
58.345
75.736
34.514
61.193
35.604
60.926
50.571
63.724
47.195
59.924
73.909
35.099
37.879
34.674
54.929
79.561
53.248
57.863
34.056
93.304
49.386
65.766
47.742
103.490
71.730
90.365
100.346
38.521
67.515
54.802
90.344
57.690
89.248
88.491
75.858
77.002
56.781
55.322
51.558
56.794
66.359
57.783
60.856
60.298
61.489
52.541
54.941
50.385
74.903
80.798
76.173
68.596
41.039
59.238
47.413
40.504
43.212
63.212
41.735
40.365
54.463
67.749
86.497
63.533
57.930
67.158
52.869
61.306
51.227
55.360
52.553
69.119
81.790
64.254
34.072
65.163
56.273
61.447
59.938
88.024
92.768
92.385
62.173
59.635
66.850
56.144
67.484
74.783
68.612
78.813
90.303
36.133
65.826
65.720
73.401
71.302
38.150
67.391
60.478
79.873
72.946
105.609
60.228
62.144
67.999
71.236
74.783
73.181
68.423
89.454
97.320
1.000
36.492
78.759
67.267
58.722
74.439
1.000
56.390
71.023
1.000
107.226
1.000
56.312
75.840
51.677
55.195
55.629
95.675
105.245
1.000
100.600
109.320
109.396
1.000
1.000
1.000
1.000
1.000
1.000
1.000
1.000
1.000
1.000
1.000
1.000
1.000
1.000
1.000
1.000
1.000
1.000
1.000
1.000
1.000
1.000
1.000
1.000
1.000
1.000
1.000
1.000
1.000
1.000
1.000
1.000
1.000
1.000
1.000
1.000
1.000
1.000
1.000
1.000
1.000
1.000
1.000
1.000
1.000
1.000
1.000
1.000
1.000
1.000
1.000
1.000
1.000
1.000
1.000
1.000
1.000
1.000
1.000
1.000
1.000
1.000
1.000
1.000
1.000
1.000
1.000
1.000
1.000
1.000
1.000
1.000
1.000
1.000
1.000
1.000
1.000
1.000
1.000
1.000
1.000
1.000
1.000
1.000
26.134
42.697
1.000
45.878
49.272
1.000
39.228
1.000
20.003
61.348
1.000
1.000
36.957
1.000
42.150
1.000
1.000
1.000
60.076
18.945
44.238
54.413
54.013
61.277
1.000
1.000
1.000
1.000
1.000
1.000
1.000
1.000
1.000
1.000
1.000
1.000
1.000
1.000
1.000
1.000
1.000
1.000
1.000
1.000
1.000
1.000
1.000
1.000
1.000
1.000
1.000
1.000
17.211
18.159
32.151
26.212
21.508
19.222
14.602
15.874
17.049
13.925
18.231
18.510
31.318
28.048
18.780
25.334
25.427
40.327
35.465
24.485
51.880
27.164
26.122
26.357
16.222
25.787
70.958
36.433
33.558
30.283
22.454
28.386
23.637
27.189
20.319
21.033
20.754
39.355
32.494
1.000
1.000
1.000
1.000
1.000
1.000
1.000
1.000
1.000
1.000
1.000
1.000
1.000
1.000
1.000
1.000
1.000
1.000
1.000
1.000
1.000
1.000
1.000
1.000
1.000
1.000
1.000
1.000
1.000
1.000
1.000
1.000
1.000
1.000
1.000
1.000
1.000
1.000
1.000
1.000
1.000
1.000
1.000
1.000
1.000
1.000
1.000
1.000
1.000
1.000
1.000
1.000
1.000
1.000
1.000
1.000
1.000
1.000
1.000
1.000
1.000
1.000
1.000
1.000
1.000
1.000
1.000
1.000
1.000
1.000
1.000
1.000
1.000
1.000
1.000
1.000
1.000
1.000
1.000
1.000
1.000
1.000
1.000
1.000
1.000
1.000
1.000
1.000
1.000
1.000
1.000
1.000
1.000
1.000
1.000
1.000
1.000
1.000
1.000
1.000
1.000
1.000
1.000
1.000
1.000
1.000
1.000
1.000
1.000
1.000
1.000
1.000
1.000
1.000
1.000
1.000
1.000
1.000
1.000
20.068
1.000
1.000
27.265
19.720
30.924
27.587
58.952
38.019
58.036
58.157
1.000
1.000
1.000
1.000
1.000
1.000
1.000
1.000
1.000
1.000
23.083
40.766
45.206
1.000
1.000
22.496
24.462
31.710
35.019
1.000
1.000
69.072
80.279
1.000
1.000
1.000
1.000
1.000
1.000
1.000
1.000
16.998
18.256
20.077
21.888
16.032
17.022
29.532
33.520
29.902
29.208
30.953
38.708
22.861
25.188
1.000
1.000
1.000
1.000
1.000
1.000
1.000
1.000
1.000
1.000
1.000
1.000
1.000
1.000
1.000
1.000
1.000
1.000
1.000
1.000
1.000
1.000
1.000
1.000
1.000
1.000
1.000
1.000
1.000
1.000
1.000
1.000
1.000
1.000
1.000
1.000
1.000
1.000
1.000
1.000
1.000
22.673
17.824
20.493
78.307
85.349
64.402
66.834
49.046
51.868
1.000
1.000
1.000
1.000
1.000
1.000
1.000
1.000
1.000
1.000
1.000
1.000
1.000
1.000
1.000
24.940
25.038
24.038
24.205
57.650
57.451
63.329
62.936
62.965
1.000
1.000
1.000
1.000
1.000
1.000
1.000
1.000
1.000
1.000
1.000
1.000
1.000
1.000
1.000
1.000
1.000
1.000
1.000
1.000
1.000
1.000
1.000
1.000
1.000
1.000
1.000
1.000
1.000
1.000
1.000
1.000
1.000
1.000
1.000
1.000
1.000
1.000
1.000
1.000
1.000
1.000
1.000
1.000
1.000
1.000
1.000
1.000
1.000
1.000
1.000
1.000
1.000
1.000
53.003
47.098
67.764
88.024
96.583
75.893
75.024
83.062
78.271
1.000
1.000
1.000
1.000
1.000
1.000
1.000
1.000
1.000
1.000
1.000
1.000
1.000
1.000
1.000
1.000
1.000
1.000
1.000
1.000
1.000
1.000
1.000
1.000
1.000
1.000
1.000
38.433
44.844
24.729
25.334
41.629
45.888
56.702
63.445
31.376
35.172
52.796
59.594
37.975
43.501
50.119
72.078
52.674
51.952
45.019
50.711
44.535
43.833
40.747
1.000
1.000
1.000
1.000
1.000
1.000
1.000
1.000
1.000
1.000
1.000
1.000
1.000
1.000
1.000
1.000
1.000
1.000
1.000
1.000
1.000
1.000
1.000
1.000
1.000
1.000
1.000
1.000
1.000
1.000
1.000
1.000
1.000
1.000
1.000
1.000
1.000
1.000
1.000
1.000
1.000
1.000
1.000
1.000
1.000
1.000
1.000
1.000
1.000
1.000
1.000
1.000
31.725
38.468
23.345
23.637
36.898
40.663
49.739
53.592
39.274
54.001
35.359
42.121
51.535
60.506
47.337
56.938
41.668
50.910
37.757
53.052
52.012
1.000
1.000
1.000
1.000
1.000
1.000
1.000
1.000
1.000
1.000
1.000
1.000
1.000
1.000
1.000
1.000
1.000
1.000
1.000
1.000
1.000
1.000
1.000
1.000
1.000
1.000
1.000
1.000
1.000
1.000
1.000
1.000
1.000
1.000
1.000
1.000
1.000
1.000
1.000
1.000
1.000
1.000
1.000
1.000
1.000
1.000
1.000
1.000
1.000
1.000
1.000
1.000
1.000
78.289
1.000
64.106
1.000
1.000
1.000
1.000
57.570
1.000
1.000
1.000
1.000
1.000
1.000
1.000
1.000
1.000
1.000
1.000
1.000
1.000
1.000
1.000
1.000
1.000
1.000
1.000
1.000
1.000
1.000
1.000
1.000
1.000
1.000
27.887
28.840
54.967
56.208
54.400
59.580
43.212
1.000
1.000
1.000
1.000
1.000
1.000
1.000
1.000
1.000
1.000
1.000
1.000
1.000
1.000
1.000
1.000
1.000
1.000
1.000
1.000
1.000
1.000
1.000
1.000
1.000
1.000
23.329
40.635
47.764
52.687
68.093
54.790
1.000
1.000
1.000
1.000
1.000
1.000
1.000
1.000
1.000
1.000
1.000
1.000
1.000
1.000
1.000
1.000
1.000
1.000
1.000
1.000
1.000
1.000
1.000
1.000
1.000
1.000
1.000
1.000
1.000
20.869
37.958
29.778
33.947
31.124
29.376
43.003
48.273
41.937
53.629
44.566
48.062
65.494
36.433
42.511
37.705
40.281
1.000
1.000
1.000
1.000
1.000
1.000
1.000
1.000
1.000
1.000
1.000
1.000
1.000
1.000
1.000
1.000
1.000
1.000
1.000
1.000
1.000
1.000
1.000
1.000
1.000
1.000
1.000
1.000
1.000
1.000
1.000
1.000
1.000
1.000
1.000
1.000
1.000
1.000
1.000
17.183
19.454
25.281
32.449
31.805
37.231
49.980
52.638
48.417
48.228
34.253
45.030
51.464
50.431
45.092
50.373
51.310
48.933
80.593
77.268
1.000
1.000
1.000
1.000
1.000
1.000
1.000
1.000
1.000
1.000
1.000
1.000
1.000
1.000
1.000
1.000
1.000
1.000
1.000
1.000
1.000
1.000
1.000
1.000
1.000
1.000
1.000
1.000
1.000
1.000
1.000
1.000
1.000
1.000
1.000
1.000
1.000
1.000
1.000
1.000
1.000
1.000
1.000
1.000
36.906
25.527
17.155
57.810
43.883
46.526
44.885
55.081
42.296
32.772
29.154
54.213
61.461
31.089
31.521
38.424
36.417
33.396
65.857
57.280
34.770
59.896
66.069
42.934
41.419
41.601
29.356
35.490
1.000
1.000
1.000
1.000
1.000
1.000
56.676
1.000
1.000
1.000
1.000
1.000
1.000
1.000
1.000
1.000
1.000
1.000
1.000
1.000
1.000
1.000
1.000
1.000
1.000
1.000
1.000
1.000
1.000
1.000
1.000
1.000
1.000
1.000
1.000
1.000
1.000
1.000
1.000
1.000
1.000
1.000
1.000
1.000
1.000
1.000
1.000
1.000
1.000
1.000
1.000
1.000
1.000
1.000
1.000
1.000
1.000
1.000
1.000
1.000
1.000
1.000
1.000
1.000
1.000
1.000
1.000
1.000
1.000
1.000
1.000
1.000
1.000
1.000
1.000
1.000
1.000
1.000
1.000
1.000
1.000
1.000
1.000
1.000
68.281
70.974
74.234
68.187
78.055
55.693
66.115
55.847
61.433
41.947
50.641
1.000
1.000
1.000
1.000
1.000
1.000
1.000
1.000
1.000
1.000
1.000
17.219
18.720
24.171
23.041
37.670
53.174
43.281
40.879
50.350
55.526
66.742
45.040
48.184
40.077
47.337
59.786
41.649
45.363
41.457
65.133
59.361
51.015
54.175
62.604
59.061
1.000
1.000
1.000
1.000
1.000
1.000
1.000
1.000
1.000
1.000
1.000
1.000
1.000
1.000
1.000
1.000
1.000
1.000
1.000
1.000
1.000
1.000
1.000
1.000
1.000
1.000
1.000
1.000
1.000
1.000
1.000
1.000
1.000
1.000
1.000
1.000
1.000
1.000
1.000
1.000
1.000
1.000
1.000
1.000
1.000
1.000
1.000
1.000
1.000
1.000
1.000
1.000
1.000
1.000
1.000
1.000
1.000
1.000
1.000
1.000
1.000
1.000
1.000
1.000
1.000
1.000
1.000
1.000
1.000
1.000
1.000
1.000
1.000
1.000
1.000
1.000
1.000
1.000
1.000
1.000
1.000
1.000
1.000
57.082
21.140
21.296
41.429
28.635
31.189
53.420
54.125
39.719
42.491
53.407
58.641
46.946
47.490
23.637
26.552
32.070
36.283
54.363
67.251
52.565
55.783
56.846
1.000
1.000
1.000
1.000
1.000
1.000
1.000
1.000
1.000
1.000
1.000
1.000
1.000
1.000
1.000
1.000
1.000
1.000
1.000
1.000
1.000
1.000
1.000
1.000
1.000
1.000
1.000
1.000
1.000
1.000
1.000
1.000
1.000
1.000
1.000
1.000
1.000
1.000
1.000
1.000
1.000
1.000
1.000
1.000
1.000
1.000
1.000
1.000
1.000
1.000
1.000
1.000
1.000
1.000
1.000
1.000
1.000
1.000
1.000
1.000
1.000
1.000
1.000
1.000
1.000
1.000
1.000
1.000
1.000
1.000
1.000
1.000
22.009
24.712
45.165
65.403
67.780
1.000
1.000
1.000
1.000
1.000
1.000
1.000
1.000
1.000
1.000
1.000
1.000
1.000
1.000
1.000
1.000
1.000
1.000
1.000
1.000
22.197
33.892
27.855
24.786
25.165
24.261
25.334
27.171
26.699
29.512
27.428
28.471
27.612
28.497
24.763
30.598
39.783
51.168
43.813
64.180
43.421
49.511
46.015
47.022
56.403
44.978
50.992
46.548
47.098
51.964
51.357
50.176
1.000
1.000
1.000
1.000
1.000
1.000
1.000
1.000
1.000
1.000
1.000
1.000
1.000
1.000
1.000
1.000
1.000
1.000
1.000
1.000
1.000
1.000
1.000
1.000
1.000
1.000
1.000
1.000
1.000
1.000
1.000
1.000
1.000
1.000
1.000
1.000
1.000
1.000
1.000
1.000
1.000
1.000
1.000
1.000
1.000
22.465
22.909
47.544
29.040
45.342
40.907
68.093
1.000
1.000
1.000
1.000
1.000
1.000
1.000
1.000
1.000
1.000
1.000
1.000
1.000
1.000
1.000
1.000
1.000
1.000
1.000
1.000
1.000
1.000
1.000
1.000
1.000
1.000
1.000
1.000
1.000
1.000
1.000
1.000
1.000
1.000
1.000
1.000
1.000
1.000
1.000
1.000
1.000
27.052
26.068
40.272
45.123
58.412
66.024
50.501
56.964
1.000
1.000
1.000
1.000
1.000
1.000
1.000
1.000
1.000
1.000
1.000
1.000
45.541
48.473
56.468
56.833
1.000
1.000
1.000
1.000
1.000
1.000
1.000
1.000
1.000
1.000
1.000
1.000
1.000
43.132
52.420
41.572
38.282
1.000
1.000
1.000
1.000
1.000
1.000
1.000
1.000
1.000
1.000
1.000
1.000
1.000
1.000
17.738
30.346
17.559
20.730
20.956
33.105
16.994
20.165
26.620
24.010
23.556
20.850
24.831
42.875
46.602
50.176
50.153
47.621
45.019
74.353
28.386
37.809
39.147
49.057
62.864
65.948
41.324
43.003
62.575
68.992
50.559
45.920
51.523
24.446
33.144
92.811
90.053
1.000
1.000
1.000
1.000
1.000
1.000
1.000
1.000
1.000
1.000
1.000
1.000
1.000
1.000
1.000
1.000
1.000
1.000
1.000
1.000
1.000
1.000
1.000
1.000
1.000
1.000
1.000
1.000
1.000
1.000
1.000
1.000
1.000
1.000
1.000
1.000
1.000
1.000
1.000
1.000
1.000
1.000
1.000
1.000
1.000
1.000
1.000
1.000
1.000
1.000
1.000
1.000
1.000
1.000
1.000
1.000
1.000
1.000
1.000
1.000
1.000
1.000
1.000
1.000
1.000
1.000
1.000
1.000
1.000
1.000
1.000
1.000
1.000
1.000
1.000
1.000
1.000
1.000
1.000
1.000
1.000
1.000
1.000
1.000
71.056
73.097
1.000
1.000
1.000
22.678
42.121
51.940
55.157
57.174
57.030
34.730
44.699
75.893
49.716
61.617
71.928
69.056
50.026
52.131
58.614
64.165
69.406
69.599
78.686
78.127
78.941
84.742
79.634
87.357
61.973
59.498
1.000
1.000
1.000
1.000
1.000
1.000
1.000
1.000
1.000
1.000
1.000
1.000
1.000
1.000
1.000
1.000
1.000
1.000
1.000
1.000
1.000
1.000
1.000
1.000
1.000
1.000
1.000
1.000
1.000
1.000
1.000
1.000
1.000
1.000
1.000
1.000
1.000
1.000
1.000
1.000
1.000
1.000
1.000
1.000
1.000
1.000
1.000
1.000
1.000
1.000
1.000
1.000
1.000
1.000
1.000
1.000
1.000
1.000
1.000
1.000
1.000
1.000
1.000
1.000
29.909
19.733
20.831
23.249
20.253
20.951
52.772
74.645
71.879
73.063
88.654
84.840
70.146
67.344
75.770
70.909
74.559
55.924
50.176
1.000
1.000
1.000
1.000
1.000
1.000
1.000
1.000
1.000
1.000
1.000
1.000
1.000
1.000
1.000
1.000
1.000
1.000
1.000
1.000
1.000
1.000
1.000
1.000
1.000
1.000
1.000
1.000
1.000
1.000
1.000
1.000
1.000
1.000
1.000
1.000
1.000
1.000
1.000
1.000
1.000
1.000
1.000
1.000
1.000
1.000
1.000
36.008
24.305
21.478
32.908
38.477
48.585
53.728
37.119
20.673
45.071
39.783
23.873
28.445
39.138
69.984
80.131
85.487
18.642
40.794
30.789
18.514
24.350
29.641
30.853
30.839
71.796
72.879
61.830
57.517
34.746
62.589
65.388
64.610
72.711
63.183
95.918
65.963
68.644
68.030
67.702
81.790
84.489
69.534
78.055
86.517
53.951
92.151
90.552
72.360
73.722
86.338
79.947
65.660
76.278
41.219
40.635
66.039
57.956
72.527
77.197
76.155
74.251
62.316
67.360
100.369
1.000
1.000
1.000
1.000
1.000
1.000
1.000
1.000
1.000
1.000
1.000
1.000
1.000
1.000
1.000
1.000
1.000
1.000
1.000
1.000
1.000
1.000
1.000
1.000
1.000
1.000
1.000
1.000
1.000
1.000
1.000
1.000
1.000
1.000
1.000
1.000
1.000
1.000
1.000
1.000
1.000
1.000
1.000
1.000
1.000
1.000
1.000
1.000
1.000
1.000
20.970
21.488
20.142
19.387
23.318
23.818
24.038
31.060
47.098
49.227
31.449
30.234
50.050
47.588
37.870
43.591
28.132
29.268
25.686
28.940
64.878
63.885
31.915
34.143
37.377
52.060
44.310
45.804
50.234
52.384
51.630
61.094
66.911
57.412
62.864
66.727
68.929
63.782
76.948
71.995
88.166
72.061
74.628
72.744
67.360
80.816
92.832
55.989
60.828
68.691
78.850
77.073
74.199
77.660
76.313
71.565
63.636
47.621
57.823
72.127
61.193
75.701
81.264
67.298
70.713
63.518
63.038
90.033
1.000
1.000
1.000
1.000
1.000
1.000
1.000
1.000
1.000
1.000
1.000
1.000
1.000
1.000
1.000
1.000
1.000
1.000
1.000
1.000
1.000
1.000
1.000
1.000
1.000
1.000
1.000
1.000
1.000
1.000
1.000
1.000
1.000
1.000
1.000
1.000
1.000
1.000
1.000
25.942
26.724
43.241
43.381
47.446
50.793
82.433
89.991
1.000
1.000
1.000
1.000
1.000
1.000
1.000
1.000
1.000
1.000
1.000
1.000
1.000
1.000
1.000
1.000
1.000
1.000
1.000
1.000
1.000
1.000
50.455
49.946
69.438
73.978
66.313
91.306
85.605
78.813
1.000
1.000
1.000
1.000
1.000
1.000
1.000
1.000
1.000
1.000
1.000
1.000
1.000
1.000
1.000
1.000
1.000
1.000
70.437
82.376
1.000
1.000
39.792
51.535
74.696
80.686
56.559
62.719
1.000
1.000
1.000
1.000
1.000
1.000
1.000
1.000
1.000
1.000
1.000
1.000
1.000
1.000
1.000
19.548
68.281
61.816
70.827
1.000
1.000
1.000
1.000
1.000
1.000
1.000
1.000
1.000
1.000
1.000
1.000
1.000
1.000
23.410
21.311
30.620
23.714
25.015
23.917
23.950
24.975
25.728
27.861
21.687
58.103
34.874
31.776
47.228
51.393
25.504
26.170
61.958
69.088
23.318
28.940
31.225
26.104
44.555
53.666
46.838
54.238
42.501
47.446
41.687
46.935
71.862
71.252
28.125
49.694
25.811
32.166
35.343
52.918
54.790
60.828
1.000
1.000
1.000
1.000
1.000
1.000
1.000
1.000
1.000
1.000
1.000
1.000
1.000
1.000
1.000
1.000
1.000
1.000
1.000
1.000
1.000
1.000
1.000
1.000
1.000
1.000
1.000
1.000
1.000
1.000
1.000
1.000
1.000
1.000
1.000
1.000
1.000
1.000
1.000
1.000
1.000
1.000
1.000
1.000
1.000
1.000
1.000
1.000
1.000
1.000
1.000
1.000
1.000
1.000
1.000
1.000
1.000
1.000
1.000
1.000
1.000
1.000
1.000
1.000
1.000
1.000
1.000
1.000
1.000
1.000
1.000
1.000
32.166
30.151
32.636
28.933
24.210
26.146
56.559
24.541
26.098
23.681
23.437
31.615
32.434
71.483
28.190
40.031
50.606
54.979
54.038
83.792
59.896
64.447
49.602
54.588
46.774
40.411
39.619
47.929
49.272
65.449
68.218
56.377
56.911
59.662
63.038
72.078
67.437
62.058
62.488
81.452
77.589
67.422
60.576
1.000
1.000
1.000
1.000
1.000
1.000
1.000
1.000
1.000
1.000
1.000
1.000
1.000
1.000
1.000
1.000
1.000
1.000
1.000
1.000
1.000
1.000
1.000
1.000
1.000
1.000
1.000
1.000
1.000
1.000
1.000
1.000
1.000
1.000
1.000
1.000
1.000
1.000
1.000
1.000
1.000
1.000
1.000
1.000
1.000
1.000
1.000
1.000
1.000
1.000
1.000
1.000
1.000
1.000
1.000
1.000
1.000
1.000
1.000
1.000
1.000
1.000
1.000
1.000
1.000
1.000
1.000
1.000
1.000
1.000
1.000
1.000
1.000
68.565
47.054
1.000
1.000
1.000
1.000
1.000
1.000
1.000
1.000
1.000
1.000
1.000
1.000
1.000
1.000
1.000
1.000
27.555
75.718
80.445
1.000
1.000
1.000
1.000
1.000
1.000
1.000
1.000
1.000
1.000
1.000
1.000
1.000
1.000
1.000
1.000
1.000
1.000
1.000
30.158
20.965
72.294
68.407
65.766
63.621
63.212
59.539
1.000
1.000
1.000
1.000
1.000
1.000
1.000
1.000
1.000
1.000
1.000
1.000
1.000
1.000
1.000
1.000
1.000
1.000
1.000
1.000
1.000
22.662
43.401
49.534
42.005
48.607
66.757
77.947
1.000
1.000
1.000
1.000
1.000
1.000
1.000
1.000
1.000
1.000
1.000
1.000
1.000
1.000
1.000
1.000
1.000
1.000
1.000
1.000
1.000
1.000
1.000
1.000
1.000
1.000
1.000
1.000
1.000
1.000
1.000
1.000
1.000
1.000
1.000
1.000
1.000
1.000
1.000
1.000
1.000
1.000
1.000
1.000
1.000
1.000
1.000
1.000
24.221
17.179
49.625
50.629
45.134
53.914
43.023
40.570
1.000
1.000
1.000
1.000
1.000
1.000
1.000
1.000
1.000
1.000
1.000
1.000
1.000
1.000
1.000
1.000
1.000
1.000
1.000
1.000
1.000
1.000
1.000
1.000
1.000
1.000
1.000
1.000
1.000
1.000
1.000
1.000
1.000
1.000
1.000
1.000
1.000
1.000
1.000
1.000
1.000
1.000
1.000
1.000
1.000
1.000
1.000
1.000
1.000
1.000
1.000
1.000
1.000
1.000
1.000
1.000
1.000
1.000
1.000
1.000
1.000
1.000
1.000
1.000
1.000
1.000
1.000
19.431
25.811
22.589
40.013
46.623
56.520
61.024
35.719
37.437
1.000
1.000
1.000
1.000
1.000
1.000
1.000
1.000
1.000
1.000
1.000
1.000
1.000
1.000
1.000
1.000
1.000
1.000
1.000
1.000
1.000
1.000
1.000
1.000
48.562
48.095
1.000
1.000
1.000
1.000
1.000
1.000
1.000
1.000
1.000
1.000
1.000
1.000
1.000
17.310
32.352
31.340
45.730
51.452
50.945
52.857
1.000
1.000
1.000
1.000
1.000
1.000
1.000
1.000
1.000
1.000
1.000
1.000
1.000
1.000
1.000
1.000
1.000
1.000
1.000
1.000
1.000
1.000
1.000
28.477
21.943
34.332
36.400
50.200
58.197
49.728
47.435
1.000
1.000
1.000
1.000
1.000
1.000
1.000
1.000
1.000
1.000
1.000
1.000
1.000
1.000
1.000
1.000
1.000
1.000
1.000
1.000
72.078
62.994
78.632
69.056
60.131
1.000
1.000
1.000
1.000
1.000
1.000
1.000
1.000
1.000
1.000
1.000
1.000
1.000
1.000
1.000
1.000
1.000
1.000
27.428
84.489
74.388
77.321
83.695
79.928
71.912
1.000
1.000
1.000
1.000
1.000
1.000
1.000
1.000
1.000
1.000
1.000
1.000
1.000
1.000
1.000
1.000
1.000
1.000
1.000
1.000
1.000
1.000
1.000
1.000
24.757
24.055
51.523
63.929
34.858
45.331
69.422
81.733
75.614
65.978
67.764
1.000
1.000
1.000
1.000
1.000
1.000
1.000
1.000
1.000
1.000
1.000
1.000
1.000
1.000
1.000
1.000
1.000
1.000
1.000
1.000
1.000
1.000
1.000
1.000
1.000
1.000
1.000
1.000
1.000
1.000
1.000
1.000
1.000
1.000
1.000
1.000
1.000
55.386
49.739
69.647
76.331
60.856
61.136
1.000
1.000
1.000
1.000
1.000
1.000
1.000
1.000
1.000
1.000
1.000
1.000
1.000
1.000
1.000
1.000
1.000
1.000
1.000
1.000
20.759
27.958
26.798
1.000
1.000
1.000
1.000
1.000
1.000
1.000
1.000
1.000
1.000
1.000
1.000
1.000
1.000
1.000
1.000
1.000
1.000
1.000
1.000
1.000
49.934
57.056
1.000
1.000
1.000
1.000
1.000
1.000
1.000
1.000
1.000
1.000
1.000
1.000
1.000
1.000
1.000
1.000
1.000
1.000
1.000
1.000
1.000
1.000
1.000
1.000
1.000
1.000
1.000
1.000
1.000
1.000
1.000
1.000
1.000
1.000
19.147
19.173
22.814
28.177
19.147
21.943
27.240
19.196
18.806
28.327
20.263
22.898
28.009
27.720
37.446
38.592
37.497
53.309
32.011
36.174
62.604
35.727
40.691
1.000
1.000
24.417
29.013
48.854
47.555
55.501
1.000
1.000
30.641
38.646
1.000
1.000
1.000
1.000
1.000
1.000
1.000
1.000
1.000
1.000
1.000
1.000
1.000
1.000
1.000
1.000
1.000
1.000
1.000
1.000
1.000
1.000
1.000
1.000
1.000
1.000
1.000
1.000
1.000
1.000
1.000
1.000
1.000
1.000
1.000
1.000
1.000
1.000
1.000
1.000
1.000
1.000
1.000
1.000
1.000
1.000
1.000
1.000
1.000
1.000
1.000
1.000
1.000
1.000
1.000
1.000
1.000
1.000
1.000
1.000
1.000
1.000
1.000
1.000
1.000
27.772
31.010
53.346
24.496
40.719
42.482
43.381
45.772
38.601
40.823
60.339
40.290
40.114
57.385
56.481
44.525
55.450
1.000
32.546
39.464
1.000
1.000
1.000
1.000
1.000
1.000
1.000
1.000
1.000
1.000
1.000
1.000
26.400
30.789
35.967
34.978
50.571
42.737
49.000
1.000
1.000
1.000
1.000
1.000
1.000
1.000
1.000
1.000
1.000
1.000
1.000
1.000
1.000
1.000
1.000
1.000
1.000
1.000
49.215
23.889
27.650
24.077
24.384
30.437
30.269
33.799
35.465
24.044
26.309
27.778
30.853
69.375
72.294
67.702
68.960
42.131
41.553
44.586
56.546
38.931
44.740
46.860
64.432
33.373
50.629
51.074
54.878
63.650
48.462
56.846
81.264
56.807
61.390
46.709
50.501
52.083
64.491
1.000
1.000
51.868
82.756
1.000
1.000
1.000
1.000
1.000
1.000
1.000
1.000
1.000
1.000
1.000
1.000
1.000
1.000
1.000
1.000
1.000
1.000
1.000
1.000
1.000
1.000
1.000
1.000
1.000
1.000
1.000
1.000
1.000
1.000
1.000
1.000
1.000
1.000
1.000
1.000
1.000
1.000
1.000
1.000
1.000
1.000
1.000
1.000
1.000
1.000
1.000
1.000
1.000
1.000
1.000
1.000
1.000
1.000
1.000
1.000
1.000
1.000
1.000
1.000
1.000
1.000
1.000
1.000
1.000
1.000
1.000
1.000
1.000
1.000
1.000
1.000
1.000
1.000
1.000
1.000
1.000
1.000
1.000
1.000
1.000
19.879
32.300
32.764
27.759
29.329
40.663
48.206
48.350
55.081
48.328
61.150
1.000
1.000
1.000
1.000
1.000
1.000
1.000
1.000
1.000
1.000
1.000
1.000
1.000
1.000
1.000
1.000
1.000
1.000
1.000
1.000
1.000
1.000
1.000
1.000
1.000
1.000
1.000
1.000
1.000
1.000
1.000
1.000
1.000
1.000
1.000
1.000
1.000
1.000
1.000
1.000
1.000
1.000
1.000
1.000
1.000
1.000
1.000
1.000
64.091
21.311
25.960
25.486
41.030
48.373
56.247
63.285
36.459
41.572
1.000
1.000
1.000
1.000
1.000
1.000
1.000
1.000
1.000
1.000
1.000
1.000
1.000
1.000
1.000
1.000
1.000
1.000
1.000
1.000
1.000
1.000
1.000
1.000
1.000
1.000
1.000
54.878
55.005
43.301
48.708
66.191
1.000
1.000
1.000
1.000
1.000
1.000
1.000
1.000
1.000
1.000
1.000
1.000
1.000
1.000
1.000
1.000
1.000
1.000
1.000
1.000
1.000
51.215
54.026
67.593
54.727
54.954
66.069
73.097
67.842
68.929
58.830
67.702
1.000
1.000
1.000
1.000
1.000
1.000
1.000
1.000
1.000
1.000
1.000
1.000
1.000
1.000
1.000
1.000
1.000
1.000
1.000
1.000
1.000
1.000
1.000
1.000
1.000
1.000
53.617
67.671
62.187
1.000
1.000
1.000
1.000
1.000
1.000
1.000
1.000
1.000
1.000
1.000
1.000
1.000
1.000
1.000
1.000
63.988
63.475
81.884
89.784
1.000
1.000
1.000
1.000
1.000
1.000
1.000
1.000
1.000
1.000
1.000
17.306
21.125
35.245
24.808
27.574
48.040
30.570
36.923
34.786
33.473
40.374
40.031
58.600
54.538
52.095
61.320
72.694
91.264
62.618
76.895
86.278
80.242
66.085
78.379
64.684
73.858
73.063
64.269
73.536
79.891
70.974
63.782
82.092
84.236
97.521
78.019
84.470
91.749
77.875
73.198
67.905
69.406
89.598
71.450
63.081
72.895
81.414
98.673
80.445
65.253
73.164
63.636
50.223
72.477
77.893
77.893
44.443
78.941
1.000
1.000
1.000
1.000
1.000
1.000
1.000
1.000
1.000
1.000
1.000
1.000
1.000
1.000
1.000
1.000
1.000
1.000
1.000
1.000
1.000
1.000
1.000
1.000
1.000
1.000
1.000
1.000
1.000
1.000
1.000
1.000
1.000
1.000
1.000
1.000
1.000
1.000
1.000
1.000
1.000
1.000
1.000
1.000
1.000
19.770
21.692
24.311
17.112
24.105
24.216
38.663
28.320
22.398
22.341
45.342
47.087
24.946
24.889
35.588
24.266
27.638
23.757
22.730
43.833
41.124
52.036
39.719
46.227
27.177
29.881
34.111
26.321
30.903
37.154
46.079
46.345
59.717
45.667
52.240
60.311
44.443
45.646
35.752
43.611
34.634
52.457
54.979
43.291
57.743
65.043
41.697
37.644
63.168
38.133
40.272
1.000
1.000
1.000
1.000
1.000
1.000
1.000
1.000
1.000
1.000
1.000
1.000
1.000
1.000
1.000
1.000
1.000
1.000
1.000
1.000
1.000
1.000
1.000
1.000
1.000
1.000
1.000
1.000
1.000
1.000
1.000
1.000
1.000
1.000
1.000
1.000
1.000
1.000
1.000
1.000
1.000
1.000
1.000
1.000
1.000
1.000
1.000
1.000
1.000
1.000
1.000
1.000
1.000
1.000
1.000
1.000
1.000
1.000
1.000
1.000
1.000
1.000
1.000
1.000
1.000
1.000
1.000
1.000
1.000
1.000
1.000
1.000
1.000
1.000
1.000
1.000
1.000
1.000
1.000
1.000
1.000
1.000
1.000
1.000
1.000
1.000
1.000
1.000
1.000
1.000
1.000
1.000
1.000
1.000
1.000
21.057
1.000
1.000
1.000
1.000
1.000
1.000
1.000
1.000
1.000
1.000
1.000
1.000
1.000
1.000
1.000
1.000
1.000
1.000
1.000
1.000
1.000
1.000
1.000
1.000
1.000
1.000
1.000
1.000
1.000
1.000
1.000
1.000
1.000
1.000
1.000
1.000
1.000
1.000
1.000
1.000
1.000
1.000
35.441
1.000
1.000
1.000
1.000
1.000
1.000
1.000
1.000
1.000
1.000
1.000
1.000
1.000
1.000
1.000
1.000
1.000
1.000
1.000
40.598
48.295
1.000
1.000
1.000
1.000
1.000
1.000
1.000
1.000
1.000
1.000
1.000
1.000
1.000
1.000
1.000
1.000
1.000
1.000
1.000
1.000
1.000
24.350
24.797
24.160
27.606
46.409
43.571
67.593
1.000
1.000
1.000
1.000
1.000
1.000
1.000
1.000
1.000
1.000
1.000
1.000
1.000
1.000
1.000
1.000
1.000
1.000
1.000
1.000
1.000
1.000
1.000
1.000
1.000
1.000
1.000
1.000
1.000
1.000
1.000
1.000
1.000
1.000
1.000
1.000
1.000
37.584
35.367
1.000
1.000
1.000
1.000
1.000
1.000
1.000
1.000
1.000
1.000
1.000
1.000
1.000
1.000
1.000
1.000
1.000
1.000
1.000
1.000
1.000
1.000
1.000
1.000
30.332
35.514
39.737
43.281
61.944
51.749
58.304
1.000
1.000
1.000
1.000
1.000
1.000
1.000
1.000
1.000
1.000
1.000
1.000
1.000
1.000
1.000
1.000
1.000
1.000
1.000
1.000
1.000
1.000
1.000
1.000
1.000
1.000
1.000
1.000
1.000
1.000
1.000
1.000
1.000
1.000
1.000
1.000
1.000
1.000
29.641
36.711
41.352
47.424
32.915
41.011
48.161
1.000
1.000
1.000
1.000
1.000
1.000
1.000
1.000
1.000
1.000
1.000
1.000
1.000
1.000
1.000
1.000
1.000
1.000
1.000
1.000
1.000
1.000
1.000
1.000
1.000
1.000
1.000
1.000
1.000
1.000
1.000
1.000
1.000
1.000
1.000
1.000
1.000
1.000
1.000
1.000
1.000
1.000
1.000
1.000
1.000
1.000
1.000
1.000
1.000
1.000
23.105
29.964
29.648
23.807
40.514
32.810
31.196
57.161
26.394
70.469
67.811
36.417
79.050
22.877
40.983
43.341
24.660
33.535
53.926
48.184
46.355
53.284
50.200
28.596
37.077
60.744
39.573
63.577
32.923
41.658
44.106
56.053
78.832
39.400
40.766
76.313
65.088
50.793
58.036
20.725
86.956
78.832
77.678
76.068
55.950
79.305
81.190
66.819
88.614
91.791
73.316
79.855
50.722
52.071
77.804
79.891
54.350
47.054
55.989
55.834
72.577
79.671
62.417
60.021
69.888
76.120
64.254
92.385
93.304
1.000
1.000
1.000
59.883
63.110
98.265
1.000
1.000
1.000
1.000
1.000
1.000
1.000
1.000
1.000
1.000
1.000
1.000
1.000
1.000
1.000
1.000
1.000
1.000
1.000
1.000
1.000
1.000
1.000
1.000
1.000
1.000
1.000
1.000
1.000
1.000
1.000
1.000
1.000
1.000
1.000
1.000
1.000
1.000
1.000
1.000
1.000
1.000
1.000
1.000
1.000
1.000
1.000
1.000
1.000
1.000
1.000
1.000
1.000
1.000
1.000
1.000
1.000
1.000
1.000
1.000
1.000
1.000
1.000
1.000
1.000
1.000
1.000
1.000
1.000
1.000
1.000
1.000
1.000
1.000
1.000
1.000
1.000
1.000
1.000
1.000
1.000
1.000
1.000
1.000
1.000
1.000
1.000
1.000
1.000
1.000
1.000
1.000
1.000
1.000
1.000
1.000
1.000
1.000
1.000
1.000
1.000
1.000
1.000
1.000
1.000
1.000
1.000
1.000
1.000
1.000
1.000
1.000
1.000
1.000
1.000
1.000
1.000
1.000
1.000
1.000
1.000
1.000
1.000
1.000
1.000
1.000
1.000
1.000
1.000
1.000
1.000
1.000
1.000
1.000
1.000
1.000
1.000
1.000
1.000
1.000
1.000
1.000
1.000
1.000
1.000
1.000
1.000
1.000
1.000
1.000
1.000
1.000
1.000
1.000
1.000
1.000
1.000
21.883
69.743
64.655
65.660
39.994
40.644
47.457
46.903
70.194
62.820
67.920
1.000
1.000
1.000
1.000
1.000
1.000
1.000
1.000
1.000
1.000
1.000
1.000
1.000
1.000
1.000
1.000
1.000
1.000
1.000
1.000
1.000
1.000
1.000
1.000
1.000
1.000
1.000
1.000
1.000
1.000
1.000
1.000
1.000
1.000
1.000
1.000
1.000
1.000
1.000
1.000
1.000
1.000
1.000
1.000
1.000
1.000
1.000
1.000
1.000
1.000
1.000
1.000
1.000
1.000
1.000
1.000
1.000
1.000
1.000
1.000
1.000
1.000
1.000
1.000
1.000
1.000
1.000
1.000
1.000
1.000
1.000
1.000
1.000
1.000
1.000
1.000
1.000
1.000
1.000
1.000
1.000
1.000
1.000
23.099
19.436
56.820
53.199
65.584
53.827
49.900
52.772
56.546
62.001
66.865
1.000
1.000
1.000
1.000
1.000
1.000
1.000
1.000
1.000
1.000
1.000
1.000
1.000
1.000
1.000
1.000
1.000
1.000
1.000
1.000
1.000
1.000
1.000
1.000
1.000
1.000
1.000
1.000
1.000
1.000
1.000
1.000
1.000
1.000
1.000
1.000
1.000
1.000
1.000
1.000
1.000
1.000
1.000
1.000
1.000
1.000
1.000
1.000
1.000
1.000
23.014
31.124
61.759
66.451
61.094
70.000
75.875
59.772
54.639
60.828
64.699
1.000
1.000
1.000
81.246
1.000
1.000
1.000
1.000
1.000
1.000
1.000
1.000
1.000
1.000
1.000
1.000
1.000
1.000
1.000
1.000
1.000
1.000
1.000
1.000
1.000
1.000
1.000
1.000
1.000
1.000
1.000
1.000
1.000
1.000
1.000
21.582
22.972
60.786
67.484
71.565
64.506
75.336
70.860
72.510
71.862
75.457
1.000
1.000
1.000
1.000
1.000
1.000
1.000
1.000
1.000
1.000
1.000
1.000
1.000
1.000
1.000
1.000
1.000
1.000
1.000
1.000
1.000
1.000
1.000
1.000
1.000
1.000
1.000
1.000
1.000
1.000
1.000
1.000
1.000
1.000
1.000
1.000
1.000
1.000
1.000
1.000
1.000
1.000
1.000
1.000
1.000
1.000
1.000
1.000
1.000
1.000
1.000
28.721
21.752
29.074
60.856
58.170
73.536
62.777
59.252
72.177
74.439
1.000
1.000
1.000
1.000
1.000
1.000
1.000
1.000
1.000
1.000
1.000
1.000
1.000
1.000
1.000
1.000
1.000
1.000
1.000
1.000
1.000
1.000
1.000
1.000
1.000
1.000
1.000
1.000
1.000
1.000
1.000
1.000
1.000
1.000
1.000
1.000
1.000
1.000
1.000
1.000
1.000
1.000
1.000
1.000
1.000
1.000
1.000
1.000
1.000
1.000
1.000
1.000
23.790
32.004
31.725
61.504
66.420
70.194
78.505
79.524
72.327
78.723
1.000
1.000
1.000
1.000
1.000
1.000
1.000
1.000
1.000
1.000
1.000
1.000
1.000
1.000
1.000
1.000
1.000
1.000
1.000
1.000
1.000
1.000
1.000
1.000
1.000
1.000
1.000
1.000
1.000
1.000
1.000
1.000
1.000
1.000
1.000
1.000
1.000
1.000
1.000
1.000
1.000
1.000
1.000
1.000
1.000
1.000
1.000
1.000
1.000
1.000
1.000
24.143
24.712
25.633
56.624
83.081
75.858
74.422
68.140
70.925
1.000
1.000
1.000
1.000
1.000
1.000
1.000
1.000
1.000
1.000
1.000
1.000
1.000
1.000
1.000
1.000
1.000
1.000
1.000
1.000
1.000
1.000
1.000
1.000
1.000
1.000
1.000
1.000
1.000
1.000
1.000
1.000
1.000
1.000
1.000
1.000
1.000
1.000
1.000
1.000
1.000
1.000
1.000
1.000
1.000
1.000
1.000
1.000
1.000
1.000
1.000
1.000
1.000
1.000
1.000
1.000
1.000
1.000
1.000
1.000
28.009
29.080
25.858
27.240
58.385
63.650
63.431
65.193
83.637
76.878
1.000
1.000
1.000
1.000
1.000
1.000
1.000
1.000
1.000
1.000
1.000
1.000
1.000
1.000
1.000
1.000
1.000
1.000
1.000
1.000
1.000
1.000
1.000
1.000
1.000
1.000
1.000
1.000
1.000
1.000
1.000
1.000
1.000
1.000
1.000
1.000
1.000
1.000
1.000
1.000
1.000
1.000
1.000
1.000
1.000
1.000
1.000
1.000
1.000
1.000
1.000
1.000
1.000
1.000
1.000
1.000
1.000
1.000
20.850
22.888
48.697
59.170
48.139
64.923
47.348
60.339
1.000
1.000
1.000
1.000
1.000
1.000
1.000
1.000
1.000
1.000
1.000
1.000
1.000
1.000
1.000
1.000
1.000
1.000
1.000
1.000
1.000
1.000
1.000
1.000
1.000
1.000
1.000
1.000
1.000
1.000
1.000
1.000
1.000
1.000
1.000
1.000
41.181
37.420
56.872
60.940
59.731
78.741
72.344
72.294
56.481
61.150
58.708
59.827
1.000
1.000
1.000
1.000
1.000
1.000
1.000
1.000
1.000
1.000
1.000
1.000
1.000
1.000
1.000
1.000
23.351
24.249
25.421
31.739
33.713
42.044
47.087
53.113
61.080
41.333
59.183
50.501
62.503
37.958
41.735
41.976
49.659
1.000
1.000
1.000
1.000
1.000
1.000
1.000
1.000
1.000
1.000
1.000
1.000
1.000
1.000
1.000
1.000
1.000
1.000
1.000
1.000
1.000
1.000
1.000
1.000
1.000
1.000
1.000
1.000
1.000
1.000
1.000
1.000
1.000
1.000
1.000
1.000
1.000
1.000
1.000
24.575
27.240
35.490
45.646
48.117
65.539
95.126
92.832
59.020
82.775
76.560
1.000
1.000
1.000
1.000
1.000
1.000
1.000
1.000
1.000
1.000
1.000
1.000
1.000
1.000
1.000
1.000
1.000
1.000
1.000
1.000
1.000
1.000
1.000
1.000
1.000
1.000
1.000
1.000
1.000
1.000
1.000
1.000
1.000
1.000
1.000
1.000
14.598
27.797
21.712
42.786
41.524
24.502
21.958
43.411
51.464
41.495
29.635
31.089
51.820
66.727
56.286
56.507
50.269
55.233
61.249
42.394
45.426
59.334
64.565
73.638
75.631
54.188
57.346
1.000
1.000
1.000
1.000
1.000
1.000
1.000
1.000
1.000
1.000
1.000
1.000
1.000
1.000
1.000
1.000
1.000
1.000
1.000
1.000
1.000
1.000
1.000
1.000
1.000
1.000
1.000
1.000
1.000
1.000
1.000
1.000
1.000
1.000
1.000
1.000
1.000
1.000
1.000
1.000
1.000
1.000
1.000
1.000
1.000
1.000
1.000
1.000
1.000
1.000
1.000
1.000
1.000
1.000
1.000
1.000
1.000
1.000
1.000
1.000
1.000
1.000
1.000
1.000
1.000
1.000
1.000
1.000
1.000
1.000
1.000
1.000
1.000
1.000
1.000
1.000
1.000
1.000
1.000
1.000
1.000
1.000
1.000
1.000
1.000
1.000
1.000
1.000
1.000
28.867
21.375
21.717
22.740
23.681
43.752
52.942
38.628
46.634
39.802
34.714
38.744
33.690
36.593
34.088
48.451
56.533
50.073
36.058
39.811
45.677
41.096
46.838
63.445
49.992
50.142
1.000
1.000
1.000
1.000
1.000
1.000
1.000
1.000
1.000
1.000
1.000
1.000
1.000
1.000
1.000
1.000
1.000
1.000
1.000
1.000
1.000
1.000
1.000
1.000
1.000
1.000
1.000
1.000
1.000
1.000
1.000
1.000
58.749
68.281
89.681
99.197
84.372
82.281
73.807
73.114
1.000
1.000
1.000
1.000
1.000
1.000
1.000
1.000
1.000
1.000
1.000
1.000
1.000
1.000
1.000
1.000
1.000
1.000
1.000
1.000
1.000
1.000
1.000
1.000
1.000
1.000
1.000
1.000
1.000
1.000
1.000
1.000
1.000
21.933
25.829
39.473
26.026
24.575
51.749
28.464
29.532
45.269
56.559
60.339
53.567
54.475
37.256
45.394
55.744
59.020
1.000
1.000
44.453
1.000
1.000
1.000
1.000
1.000
1.000
1.000
1.000
1.000
1.000
1.000
1.000
1.000
1.000
1.000
1.000
1.000
1.000
1.000
1.000
1.000
1.000
1.000
1.000
1.000
1.000
1.000
1.000
1.000
1.000
1.000
1.000
1.000
1.000
1.000
1.000
1.000
1.000
1.000
1.000
19.611
19.306
20.049
38.388
23.523
44.412
20.403
22.925
32.772
46.968
47.929
47.940
38.913
40.644
42.209
50.524
56.182
1.000
1.000
1.000
1.000
1.000
1.000
1.000
1.000
1.000
1.000
1.000
1.000
1.000
1.000
1.000
1.000
1.000
1.000
1.000
1.000
1.000
1.000
1.000
1.000
1.000
1.000
1.000
1.000
1.000
1.000
1.000
1.000
1.000
1.000
1.000
1.000
1.000
1.000
1.000
1.000
1.000
1.000
1.000
1.000
1.000
1.000
1.000
1.000
1.000
1.000
1.000
1.000
1.000
1.000
1.000
1.000
1.000
1.000
1.000
1.000
1.000
1.000
1.000
1.000
50.292
51.988
90.178
88.166
1.000
1.000
1.000
1.000
1.000
1.000
1.000
1.000
1.000
1.000
1.000
1.000
1.000
1.000
22.034
66.420
78.614
54.639
54.400
77.393
66.252
1.000
1.000
1.000
1.000
1.000
1.000
1.000
1.000
1.000
1.000
1.000
1.000
1.000
1.000
1.000
1.000
1.000
1.000
1.000
1.000
1.000
82.224
84.645
62.445
64.551
60.034
67.686
1.000
1.000
1.000
1.000
1.000
1.000
1.000
1.000
1.000
1.000
1.000
1.000
1.000
1.000
1.000
33.721
63.621
62.316
42.954
50.606
80.593
76.560
1.000
1.000
1.000
1.000
1.000
1.000
1.000
1.000
1.000
1.000
1.000
1.000
1.000
1.000
1.000
1.000
1.000
1.000
1.000
1.000
22.372
85.487
84.140
58.251
1.000
1.000
1.000
1.000
1.000
1.000
1.000
1.000
1.000
1.000
1.000
1.000
1.000
1.000
1.000
1.000
1.000
1.000
1.000
1.000
1.000
22.516
59.443
64.091
43.072
70.941
78.977
1.000
1.000
1.000
1.000
1.000
1.000
1.000
1.000
1.000
1.000
1.000
1.000
1.000
1.000
1.000
1.000
1.000
1.000
46.281
1.000
1.000
1.000
1.000
74.182
78.868
67.936
68.281
70.097
68.234
75.614
78.307
1.000
1.000
1.000
1.000
1.000
1.000
1.000
1.000
1.000
1.000
1.000
1.000
1.000
1.000
1.000
1.000
1.000
1.000
1.000
1.000
1.000
1.000
1.000
1.000
1.000
1.000
1.000
1.000
1.000
1.000
27.874
24.216
26.388
54.188
56.676
53.199
55.501
65.524
73.299
1.000
1.000
61.179
1.000
1.000
1.000
1.000
1.000
1.000
1.000
1.000
1.000
1.000
1.000
1.000
1.000
1.000
1.000
1.000
1.000
1.000
1.000
1.000
1.000
1.000
1.000
1.000
1.000
1.000
1.000
1.000
1.000
1.000
1.000
1.000
1.000
1.000
1.000
1.000
1.000
1.000
1.000
1.000
1.000
1.000
1.000
1.000
1.000
1.000
1.000
1.000
1.000
1.000
1.000
1.000
1.000
1.000
1.000
1.000
1.000
1.000
26.853
32.011
24.311
26.773
27.932
28.366
63.212
57.135
36.779
39.337
48.161
58.695
1.000
1.000
1.000
1.000
1.000
1.000
1.000
1.000
1.000
1.000
1.000
1.000
1.000
1.000
56.585
56.299
50.281
79.086
74.869
56.885
64.938
1.000
89.187
59.772
90.219
91.559
63.782
1.000
1.000
1.000
1.000
1.000
1.000
1.000
1.000
1.000
1.000
1.000
1.000
1.000
1.000
1.000
1.000
1.000
1.000
1.000
1.000
1.000
1.000
1.000
1.000
1.000
1.000
1.000
1.000
1.000
1.000
1.000
1.000
1.000
1.000
20.807
25.119
69.167
76.771
49.283
1.000
1.000
1.000
1.000
1.000
1.000
1.000
1.000
1.000
1.000
1.000
1.000
1.000
1.000
1.000
1.000
25.474
26.736
49.057
50.315
57.372
47.753
59.827
71.680
76.050
77.073
74.490
69.327
58.224
75.249
1.000
54.538
59.772
52.759
58.844
57.095
61.873
1.000
1.000
1.000
1.000
1.000
1.000
1.000
1.000
1.000
1.000
1.000
1.000
1.000
1.000
1.000
1.000
1.000
1.000
1.000
1.000
1.000
1.000
1.000
1.000
1.000
1.000
1.000
1.000
1.000
1.000
1.000
1.000
1.000
1.000
80.965
74.029
77.786
78.614
71.105
76.630
88.166
1.000
1.000
1.000
1.000
1.000
1.000
1.000
1.000
1.000
1.000
1.000
1.000
1.000
1.000
1.000
1.000
1.000
1.000
1.000
1.000
1.000
1.000
1.000
1.000
1.000
1.000
22.336
21.558
81.433
90.261
65.660
76.331
1.000
1.000
1.000
1.000
1.000
1.000
1.000
1.000
1.000
1.000
1.000
1.000
33.698
34.690
52.662
59.553
51.892
79.360
45.175
60.214
47.984
1.000
1.000
1.000
1.000
1.000
1.000
1.000
1.000
1.000
1.000
1.000
1.000
1.000
1.000
1.000
1.000
1.000
1.000
1.000
1.000
1.000
1.000
1.000
1.000
1.000
1.000
1.000
1.000
1.000
1.000
1.000
1.000
1.000
1.000
1.000
27.290
29.154
51.062
52.360
50.851
57.095
81.583
53.162
60.353
1.000
1.000
1.000
1.000
1.000
1.000
1.000
1.000
1.000
1.000
1.000
1.000
1.000
1.000
1.000
1.000
1.000
1.000
1.000
1.000
1.000
1.000
1.000
1.000
1.000
1.000
1.000
20.864
22.320
37.000
33.892
45.772
72.929
47.643
46.935
59.786
70.210
49.442
50.466
59.951
62.044
41.581
52.048
46.484
63.665
38.922
56.624
45.051
1.000
1.000
1.000
1.000
1.000
1.000
1.000
1.000
1.000
1.000
1.000
1.000
1.000
1.000
1.000
1.000
1.000
1.000
1.000
1.000
1.000
1.000
1.000
1.000
1.000
1.000
1.000
1.000
1.000
1.000
1.000
1.000
1.000
1.000
1.000
26.934
24.791
23.313
20.701
22.187
25.978
25.316
48.161
46.849
47.885
54.250
51.121
72.879
73.604
60.034
63.504
53.963
50.664
65.298
62.936
66.435
79.671
75.770
71.515
72.210
69.119
73.722
77.286
53.040
53.777
77.589
56.702
80.798
1.000
1.000
1.000
1.000
1.000
1.000
79.086
75.076
1.000
1.000
1.000
1.000
1.000
1.000
1.000
1.000
1.000
1.000
1.000
1.000
1.000
1.000
1.000
1.000
1.000
1.000
1.000
1.000
1.000
1.000
1.000
1.000
1.000
1.000
1.000
1.000
1.000
1.000
1.000
1.000
1.000
1.000
1.000
1.000
1.000
1.000
1.000
1.000
1.000
1.000
1.000
1.000
1.000
1.000
1.000
1.000
1.000
1.000
1.000
1.000
1.000
1.000
1.000
1.000
1.000
1.000
1.000
1.000
1.000
29.343
27.089
22.413
24.055
66.850
65.948
77.696
77.947
41.668
46.452
48.742
53.235
1.000
1.000
1.000
1.000
1.000
1.000
1.000
1.000
1.000
1.000
56.898
1.000
1.000
1.000
1.000
1.000
1.000
1.000
1.000
1.000
1.000
1.000
1.000
1.000
1.000
1.000
1.000
50.606
57.108
1.000
1.000
1.000
1.000
1.000
1.000
1.000
1.000
1.000
1.000
1.000
1.000
1.000
1.000
1.000
1.000
1.000
43.411
50.629
1.000
1.000
1.000
1.000
1.000
1.000
1.000
1.000
1.000
1.000
1.000
1.000
1.000
1.000
1.000
1.000
42.413
43.541
1.000
1.000
1.000
1.000
1.000
1.000
1.000
1.000
1.000
1.000
1.000
1.000
1.000
1.000
1.000
1.000
36.830
36.158
1.000
1.000
1.000
1.000
1.000
1.000
1.000
1.000
1.000
1.000
1.000
1.000
1.000
1.000
1.000
1.000
1.000
1.000
1.000
51.880
1.000
1.000
1.000
1.000
1.000
1.000
1.000
1.000
1.000
1.000
1.000
1.000
1.000
1.000
1.000
1.000
1.000
1.000
1.000
1.000
1.000
1.000
1.000
1.000
1.000
1.000
1.000
1.000
1.000
1.000
1.000
33.574
35.490
24.638
31.886
21.038
26.212
28.327
26.363
28.490
24.182
29.861
23.276
24.021
23.637
35.917
43.561
51.904
51.630
62.951
44.116
49.511
45.625
46.430
53.137
44.218
48.585
52.820
51.251
50.119
49.170
52.991
1.000
1.000
1.000
1.000
1.000
1.000
1.000
1.000
1.000
1.000
1.000
1.000
1.000
1.000
1.000
1.000
1.000
1.000
1.000
1.000
1.000
1.000
1.000
1.000
1.000
1.000
1.000
1.000
1.000
1.000
1.000
1.000
1.000
1.000
1.000
1.000
1.000
1.000
1.000
1.000
1.000
1.000
1.000
1.000
1.000
1.000
38.265
22.264
30.102
24.110
26.357
21.120
22.274
28.184
41.153
64.417
32.817
30.967
46.860
51.654
42.776
24.541
41.181
41.986
34.127
39.428
47.918
48.820
49.442
40.607
43.421
38.098
35.884
38.539
51.404
56.390
1.000
1.000
1.000
1.000
1.000
1.000
1.000
1.000
1.000
1.000
1.000
1.000
1.000
1.000
1.000
1.000
1.000
1.000
1.000
1.000
1.000
1.000
1.000
1.000
1.000
1.000
1.000
1.000
1.000
1.000
1.000
1.000
1.000
1.000
1.000
1.000
1.000
1.000
1.000
1.000
1.000
1.000
1.000
1.000
1.000
1.000
1.000
1.000
1.000
1.000
1.000
1.000
1.000
1.000
1.000
1.000
1.000
1.000
1.000
1.000
1.000
1.000
1.000
1.000
23.238
22.809
21.057
21.979
19.656
21.612
21.958
24.395
29.999
27.804
22.238
27.473
39.728
45.331
33.752
37.060
32.516
34.834
30.172
25.276
41.381
38.344
27.708
36.224
24.244
28.307
47.929
56.846
28.807
37.060
61.165
62.936
1.000
1.000
1.000
1.000
1.000
1.000
1.000
1.000
1.000
1.000
1.000
1.000
1.000
1.000
1.000
1.000
1.000
1.000
1.000
1.000
1.000
1.000
1.000
1.000
1.000
1.000
1.000
1.000
1.000
1.000
1.000
1.000
1.000
1.000
1.000
1.000
1.000
1.000
1.000
1.000
1.000
1.000
1.000
1.000
1.000
1.000
1.000
1.000
1.000
1.000
1.000
1.000
1.000
1.000
1.000
1.000
1.000
1.000
1.000
1.000
1.000
1.000
1.000
1.000
1.000
1.000
1.000
1.000
1.000
1.000
1.000
31.601
33.566
35.645
34.714
58.925
65.615
59.115
56.403
1.000
1.000
1.000
1.000
1.000
1.000
1.000
1.000
1.000
1.000
1.000
1.000
31.623
31.557
44.864
52.857
58.939
57.465
52.881
59.402
1.000
1.000
1.000
1.000
1.000
1.000
1.000
1.000
1.000
1.000
1.000
1.000
30.088
29.778
32.174
36.425
62.087
76.033
56.650
55.220
1.000
1.000
1.000
1.000
1.000
1.000
1.000
1.000
1.000
1.000
1.000
1.000
18.690
19.147
39.811
40.448
61.859
67.562
1.000
1.000
1.000
1.000
1.000
1.000
1.000
1.000
1.000
1.000
1.000
1.000
1.000
1.000
1.000
1.000
1.000
1.000
1.000
1.000
1.000
1.000
1.000
1.000
18.030
25.044
59.594
67.143
50.165
51.475
48.040
50.536
37.034
34.682
59.402
80.835
55.796
64.759
57.637
85.842
74.405
74.525
74.319
74.182
85.075
80.131
1.000
1.000
1.000
1.000
1.000
1.000
1.000
1.000
1.000
1.000
1.000
1.000
1.000
1.000
1.000
1.000
1.000
1.000
1.000
1.000
1.000
1.000
1.000
1.000
1.000
1.000
1.000
1.000
1.000
1.000
1.000
1.000
1.000
1.000
1.000
1.000
1.000
1.000
1.000
1.000
1.000
1.000
1.000
1.000
1.000
1.000
1.000
1.000
1.000
1.000
1.000
1.000
51.988
51.192
53.691
64.224
101.859
101.742
1.000
1.000
1.000
1.000
1.000
1.000
1.000
1.000
1.000
1.000
1.000
1.000
1.000
1.000
1.000
1.000
1.000
1.000
1.000
1.000
1.000
1.000
1.000
1.000
1.000
1.000
1.000
1.000
1.000
1.000
1.000
1.000
1.000
1.000
1.000
1.000
1.000
1.000
1.000
1.000
1.000
1.000
1.000
1.000
1.000
1.000
1.000
1.000
1.000
1.000
39.482
33.396
105.682
1.000
1.000
1.000
1.000
1.000
1.000
1.000
1.000
1.000
1.000
1.000
1.000
1.000
1.000
47.337
47.764
51.145
56.092
90.344
88.328
1.000
1.000
1.000
1.000
1.000
1.000
1.000
1.000
1.000
1.000
1.000
1.000
1.000
1.000
1.000
1.000
29.744
31.652
61.518
65.043
99.724
94.450
1.000
1.000
1.000
1.000
1.000
1.000
1.000
1.000
1.000
1.000
1.000
1.000
1.000
1.000
1.000
1.000
44.157
44.586
70.713
71.187
93.154
96.339
1.000
1.000
1.000
1.000
1.000
1.000
1.000
1.000
1.000
1.000
1.000
1.000
1.000
1.000
1.000
1.000
33.955
35.383
42.257
47.000
99.862
97.185
1.000
1.000
1.000
1.000
1.000
1.000
1.000
1.000
1.000
1.000
42.845
46.015
61.589
61.207
89.764
96.939
1.000
1.000
1.000
1.000
1.000
1.000
1.000
1.000
1.000
1.000
1.000
1.000
1.000
1.000
1.000
1.000
32.704
1.000
1.000
1.000
1.000
1.000
1.000
1.000
1.000
1.000
1.000
1.000
1.000
1.000
1.000
68.533
70.746
1.000
1.000
1.000
1.000
1.000
1.000
1.000
1.000
1.000
1.000
1.000
1.000
1.000
1.000
1.000
1.000
1.000
1.000
1.000
1.000
1.000
1.000
1.000
1.000
21.863
22.772
33.083
35.604
27.676
27.990
26.194
26.074
25.462
50.061
59.580
50.617
54.588
53.162
55.310
54.438
55.119
59.129
37.428
43.481
78.959
41.553
46.484
60.646
51.677
61.603
64.254
63.636
57.293
46.494
60.187
60.451
72.444
71.367
60.912
57.584
40.383
72.895
76.842
54.828
1.000
1.000
1.000
1.000
41.467
46.871
39.174
45.625
1.000
1.000
1.000
1.000
1.000
1.000
1.000
1.000
1.000
1.000
1.000
1.000
1.000
1.000
1.000
1.000
1.000
1.000
1.000
1.000
1.000
1.000
1.000
1.000
1.000
1.000
1.000
1.000
1.000
1.000
1.000
1.000
1.000
1.000
1.000
1.000
1.000
1.000
1.000
1.000
1.000
1.000
1.000
1.000
1.000
1.000
1.000
1.000
1.000
1.000
1.000
1.000
1.000
1.000
1.000
1.000
1.000
1.000
1.000
1.000
1.000
1.000
1.000
1.000
28.800
30.061
45.888
48.540
41.096
45.941
56.676
37.162
42.993
46.206
56.676
55.808
57.677
98.855
1.000
1.000
1.000
1.000
1.000
1.000
1.000
1.000
1.000
1.000
1.000
1.000
1.000
1.000
1.000
1.000
1.000
1.000
1.000
1.000
1.000
1.000
1.000
1.000
1.000
1.000
1.000
1.000
1.000
1.000
1.000
1.000
1.000
1.000
1.000
1.000
1.000
1.000
1.000
1.000
1.000
1.000
1.000
1.000
1.000
1.000
1.000
1.000
1.000
1.000
1.000
1.000
1.000
1.000
1.000
1.000
1.000
1.000
1.000
29.861
27.040
46.946
47.819
43.793
43.782
44.545
50.338
37.644
33.335
35.826
48.139
69.759
84.333
1.000
1.000
83.023
81.264
1.000
1.000
1.000
1.000
1.000
1.000
1.000
1.000
1.000
1.000
1.000
1.000
1.000
1.000
1.000
1.000
1.000
1.000
1.000
1.000
1.000
1.000
1.000
1.000
1.000
1.000
1.000
1.000
1.000
1.000
1.000
1.000
1.000
1.000
1.000
1.000
1.000
1.000
1.000
1.000
1.000
1.000
1.000
1.000
1.000
1.000
1.000
1.000
1.000
1.000
1.000
1.000
1.000
25.090
24.906
16.162
32.085
22.310
21.223
20.931
39.619
20.267
20.531
33.799
36.041
18.763
18.319
17.824
21.272
44.432
48.406
43.082
43.722
41.764
21.652
20.811
52.457
56.585
52.650
47.808
24.367
77.714
78.886
34.364
37.085
60.492
66.054
49.431
44.906
73.978
48.944
55.373
41.191
48.742
47.841
49.159
71.220
56.768
71.335
62.388
62.373
79.634
58.546
87.257
86.976
55.629
72.061
55.208
56.990
49.046
58.790
73.570
71.056
63.009
64.953
66.237
64.938
52.723
52.918
60.367
62.474
58.076
1.000
1.000
74.216
68.438
1.000
1.000
1.000
1.000
1.000
1.000
1.000
1.000
1.000
1.000
1.000
1.000
1.000
1.000
1.000
1.000
1.000
1.000
1.000
1.000
1.000
1.000
1.000
1.000
1.000
1.000
1.000
1.000
1.000
1.000
1.000
1.000
1.000
1.000
1.000
1.000
1.000
1.000
1.000
1.000
1.000
1.000
1.000
1.000
1.000
1.000
1.000
1.000
1.000
1.000
1.000
1.000
1.000
1.000
1.000
1.000
1.000
1.000
1.000
1.000
1.000
1.000
1.000
1.000
1.000
57.996
63.518
67.205
1.000
1.000
1.000
1.000
1.000
1.000
1.000
1.000
1.000
1.000
1.000
1.000
1.000
1.000
1.000
42.316
70.713
69.295
74.029
1.000
1.000
1.000
1.000
1.000
1.000
1.000
1.000
1.000
1.000
1.000
1.000
51.594
56.247
51.558
1.000
1.000
1.000
1.000
1.000
1.000
1.000
1.000
1.000
1.000
1.000
1.000
1.000
1.000
1.000
1.000
1.000
1.000
1.000
1.000
1.000
1.000
1.000
1.000
1.000
1.000
1.000
1.000
1.000
1.000
1.000
1.000
1.000
1.000
1.000
1.000
1.000
1.000
1.000
1.000
1.000
1.000
1.000
21.385
40.337
45.814
60.270
1.000
1.000
1.000
1.000
1.000
1.000
1.000
1.000
1.000
1.000
1.000
1.000
1.000
1.000
1.000
1.000
47.304
39.156
43.863
1.000
1.000
1.000
1.000
1.000
1.000
1.000
1.000
1.000
1.000
1.000
1.000
1.000
1.000
69.438
45.113
1.000
1.000
1.000
1.000
1.000
1.000
1.000
1.000
1.000
1.000
1.000
1.000
1.000
1.000
1.000
1.000
1.000
1.000
1.000
1.000
1.000
1.000
57.996
51.133
53.395
1.000
1.000
1.000
1.000
1.000
1.000
1.000
1.000
1.000
1.000
56.676
44.535
46.291
1.000
1.000
1.000
1.000
1.000
1.000
1.000
1.000
1.000
1.000
1.000
1.000
1.000
1.000
1.000
1.000
1.000
1.000
1.000
1.000
1.000
1.000
1.000
1.000
1.000
1.000
60.562
47.326
1.000
1.000
1.000
1.000
1.000
1.000
1.000
1.000
1.000
1.000
1.000
1.000
1.000
1.000
1.000
1.000
1.000
1.000
1.000
1.000
1.000
1.000
1.000
18.638
60.159
40.532
1.000
1.000
1.000
1.000
1.000
1.000
1.000
1.000
1.000
1.000
1.000
1.000
1.000
1.000
1.000
1.000
1.000
1.000
1.000
1.000
1.000
1.000
85.684
64.461
60.145
1.000
1.000
1.000
1.000
1.000
1.000
1.000
1.000
1.000
1.000
1.000
1.000
1.000
1.000
1.000
1.000
1.000
1.000
1.000
1.000
1.000
1.000
1.000
1.000
1.000
1.000
1.000
1.000
1.000
1.000
1.000
1.000
1.000
1.000
1.000
1.000
1.000
1.000
1.000
54.853
50.373
63.606
59.924
1.000
1.000
1.000
1.000
1.000
1.000
1.000
1.000
1.000
1.000
1.000
1.000
1.000
1.000
1.000
1.000
1.000
1.000
1.000
1.000
66.896
62.633
62.373
65.872
1.000
1.000
1.000
1.000
1.000
1.000
1.000
1.000
1.000
1.000
1.000
1.000
1.000
1.000
1.000
1.000
1.000
1.000
1.000
1.000
1.000
1.000
1.000
1.000
1.000
1.000
32.107
34.096
64.417
58.857
74.559
73.672
1.000
1.000
1.000
1.000
1.000
1.000
1.000
1.000
1.000
1.000
1.000
1.000
1.000
1.000
1.000
1.000
1.000
1.000
64.863
68.155
61.461
68.077
64.358
64.714
1.000
1.000
1.000
1.000
1.000
1.000
1.000
1.000
1.000
1.000
1.000
1.000
1.000
1.000
1.000
1.000
1.000
1.000
1.000
1.000
1.000
1.000
1.000
1.000
1.000
1.000
1.000
1.000
18.109
30.953
29.295
50.617
47.764
69.072
48.495
76.630
45.082
49.465
52.457
55.834
1.000
1.000
1.000
1.000
1.000
1.000
1.000
1.000
1.000
1.000
1.000
1.000
1.000
1.000
1.000
1.000
1.000
1.000
1.000
1.000
1.000
1.000
1.000
1.000
1.000
22.065
22.516
31.842
29.799
48.686
48.753
58.345
61.108
58.722
65.208
1.000
1.000
1.000
1.000
1.000
1.000
1.000
1.000
1.000
1.000
1.000
1.000
1.000
1.000
1.000
1.000
1.000
1.000
1.000
1.000
1.000
1.000
1.000
1.000
1.000
1.000
1.000
1.000
1.000
34.088
26.730
26.656
51.547
60.604
62.001
50.992
46.720
68.218
66.390
1.000
1.000
1.000
1.000
1.000
1.000
1.000
1.000
1.000
1.000
1.000
1.000
1.000
1.000
1.000
1.000
1.000
1.000
1.000
1.000
1.000
1.000
1.000
1.000
1.000
31.089
34.467
69.968
75.457
43.102
39.737
1.000
1.000
1.000
1.000
1.000
1.000
1.000
1.000
1.000
1.000
1.000
1.000
1.000
1.000
1.000
1.000
1.000
1.000
1.000
1.000
1.000
36.333
36.855
19.925
24.149
39.673
51.027
55.144
61.150
1.000
1.000
1.000
1.000
1.000
1.000
1.000
1.000
1.000
1.000
1.000
1.000
1.000
1.000
1.000
1.000
1.000
1.000
1.000
1.000
1.000
1.000
1.000
1.000
1.000
1.000
1.000
22.605
44.096
35.091
43.873
37.879
46.377
43.692
1.000
1.000
1.000
1.000
1.000
1.000
1.000
1.000
1.000
1.000
1.000
1.000
1.000
1.000
1.000
1.000
22.527
43.692
40.907
61.987
77.750
52.529
1.000
1.000
1.000
1.000
1.000
1.000
1.000
1.000
1.000
1.000
1.000
1.000
1.000
1.000
1.000
20.635
21.612
45.051
37.914
53.951
65.524
31.572
38.230
1.000
1.000
1.000
1.000
1.000
1.000
1.000
1.000
1.000
1.000
1.000
1.000
1.000
1.000
1.000
1.000
1.000
1.000
1.000
1.000
1.000
1.000
1.000
1.000
1.000
1.000
1.000
1.000
1.000
1.000
1.000
1.000
1.000
1.000
1.000
1.000
1.000
1.000
1.000
1.000
1.000
1.000
1.000
1.000
1.000
23.889
25.357
32.576
35.180
42.267
57.903
40.318
51.298
63.841
56.208
1.000
1.000
1.000
1.000
1.000
1.000
1.000
1.000
1.000
1.000
1.000
1.000
1.000
1.000
1.000
1.000
1.000
1.000
1.000
1.000
1.000
1.000
1.000
1.000
1.000
1.000
1.000
1.000
1.000
1.000
53.469
59.924
39.802
37.862
57.531
62.316
52.036
1.000
1.000
1.000
1.000
1.000
1.000
1.000
1.000
1.000
1.000
1.000
1.000
1.000
1.000
1.000
1.000
1.000
1.000
1.000
1.000
1.000
52.796
54.225
39.039
35.286
51.428
46.441
58.291
59.869
73.943
75.318
1.000
1.000
1.000
1.000
1.000
1.000
1.000
1.000
1.000
1.000
1.000
1.000
1.000
1.000
1.000
1.000
1.000
1.000
1.000
1.000
1.000
1.000
1.000
1.000
1.000
1.000
56.702
54.375
34.080
35.596
49.181
51.074
60.744
67.019
67.453
63.768
1.000
1.000
1.000
1.000
1.000
1.000
1.000
1.000
1.000
1.000
1.000
1.000
1.000
1.000
1.000
1.000
1.000
1.000
1.000
1.000
1.000
1.000
1.000
1.000
1.000
1.000
1.000
1.000
1.000
40.945
37.757
29.114
31.089
54.903
61.603
57.201
1.000
1.000
1.000
1.000
1.000
1.000
1.000
1.000
1.000
1.000
1.000
1.000
1.000
1.000
1.000
1.000
1.000
1.000
1.000
1.000
1.000
1.000
1.000
1.000
1.000
1.000
1.000
1.000
1.000
1.000
43.652
57.095
1.000
1.000
1.000
1.000
1.000
1.000
1.000
1.000
1.000
1.000
1.000
62.201
50.898
28.987
30.493
1.000
1.000
1.000
1.000
32.063
39.400
1.000
1.000
46.827
1.000
1.000
1.000
1.000
1.000
1.000
1.000
1.000
56.144
57.557
25.310
24.547
30.939
45.436
46.174
66.085
75.197
55.783
56.898
1.000
1.000
1.000
1.000
1.000
1.000
1.000
1.000
1.000
1.000
1.000
1.000
1.000
1.000
1.000
1.000
1.000
1.000
1.000
1.000
1.000
1.000
1.000
1.000
1.000
1.000
1.000
1.000
1.000
1.000
1.000
32.374
59.074
51.964
66.191
66.451
54.026
59.566
52.759
58.641
63.475
68.234
49.193
56.118
67.468
71.170
69.566
71.614
1.000
1.000
1.000
1.000
1.000
1.000
1.000
1.000
1.000
1.000
1.000
1.000
1.000
1.000
1.000
1.000
1.000
1.000
1.000
1.000
49.854
60.954
1.000
1.000
1.000
1.000
1.000
1.000
1.000
1.000
1.000
1.000
1.000
62.907
1.000
1.000
1.000
1.000
1.000
1.000
1.000
1.000
1.000
1.000
1.000
1.000
1.000
1.000
1.000
1.000
63.826
41.229
39.847
25.680
54.727
56.715
1.000
1.000
1.000
1.000
1.000
1.000
1.000
1.000
1.000
1.000
1.000
1.000
1.000
1.000
1.000
1.000
25.627
29.526
30.690
51.452
54.878
73.434
72.979
66.344
79.323
1.000
1.000
1.000
1.000
1.000
1.000
1.000
1.000
1.000
1.000
1.000
1.000
1.000
1.000
1.000
1.000
1.000
1.000
1.000
1.000
1.000
1.000
1.000
1.000
1.000
1.000
23.637
24.553
26.333
49.877
54.001
72.260
63.900
48.540
56.585
51.098
56.977
1.000
1.000
1.000
1.000
1.000
1.000
1.000
1.000
1.000
1.000
1.000
1.000
1.000
1.000
1.000
1.000
1.000
1.000
1.000
1.000
1.000
1.000
1.000
1.000
1.000
1.000
1.000
1.000
1.000
1.000
1.000
1.000
1.000
1.000
1.000
1.000
1.000
1.000
1.000
1.000
1.000
1.000
1.000
1.000
1.000
1.000
1.000
1.000
1.000
1.000
1.000
1.000
1.000
1.000
1.000
1.000
1.000
1.000
1.000
1.000
1.000
1.000
1.000
1.000
51.832
53.604
50.793
52.336
53.076
58.803
1.000
1.000
1.000
1.000
1.000
1.000
1.000
1.000
1.000
1.000
1.000
1.000
1.000
1.000
1.000
1.000
1.000
1.000
1.000
1.000
1.000
1.000
1.000
1.000
1.000
1.000
1.000
1.000
1.000
1.000
1.000
1.000
1.000
1.000
1.000
1.000
1.000
1.000
1.000
41.162
46.644
24.412
23.394
43.863
51.988
46.387
52.131
58.857
60.618
54.188
66.881
27.625
33.075
1.000
1.000
1.000
1.000
1.000
1.000
1.000
1.000
1.000
1.000
1.000
1.000
1.000
1.000
1.000
1.000
1.000
1.000
1.000
1.000
1.000
1.000
1.000
1.000
1.000
1.000
1.000
1.000
57.836
67.608
1.000
1.000
1.000
1.000
1.000
1.000
1.000
1.000
1.000
1.000
1.000
1.000
1.000
1.000
1.000
1.000
1.000
1.000
1.000
1.000
1.000
1.000
1.000
1.000
1.000
1.000
1.000
26.583
57.983
47.775
50.711
45.269
46.784
63.183
69.599
57.983
70.892
51.204
56.728
60.562
62.015
1.000
1.000
1.000
1.000
1.000
1.000
1.000
1.000
1.000
1.000
1.000
1.000
1.000
1.000
1.000
1.000
1.000
1.000
1.000
1.000
1.000
1.000
1.000
1.000
1.000
1.000
1.000
1.000
1.000
1.000
1.000
1.000
38.521
38.309
1.000
1.000
1.000
1.000
1.000
1.000
1.000
1.000
1.000
1.000
1.000
1.000
1.000
1.000
1.000
1.000
1.000
1.000
1.000
1.000
1.000
30.409
26.540
25.165
19.293
21.203
20.493
22.387
22.434
25.846
24.900
25.769
23.599
33.806
22.767
26.601
45.783
47.119
35.620
66.313
59.883
21.203
23.394
45.593
49.900
61.787
62.965
61.603
63.885
52.979
50.338
46.914
66.024
47.610
50.536
64.521
37.489
51.098
44.443
46.602
51.630
48.708
47.720
66.635
48.484
47.786
72.394
64.610
81.527
52.071
44.802
52.143
56.911
52.784
59.566
40.747
46.687
68.344
74.234
68.881
59.498
55.233
43.803
45.899
50.304
40.551
51.227
54.413
65.902
64.551
62.044
34.237
44.576
67.406
67.189
75.631
1.000
1.000
59.772
60.339
1.000
1.000
1.000
88.777
80.984
1.000
1.000
1.000
1.000
1.000
1.000
1.000
1.000
1.000
1.000
1.000
1.000
1.000
1.000
1.000
1.000
1.000
1.000
1.000
1.000
1.000
1.000
1.000
1.000
1.000
1.000
1.000
1.000
1.000
1.000
1.000
1.000
1.000
1.000
1.000
1.000
1.000
1.000
1.000
1.000
1.000
1.000
1.000
1.000
1.000
1.000
1.000
1.000
1.000
1.000
1.000
1.000
1.000
1.000
1.000
1.000
1.000
1.000
1.000
1.000
1.000
1.000
1.000
1.000
1.000
1.000
1.000
1.000
1.000
1.000
1.000
1.000
1.000
1.000
1.000
1.000
1.000
1.000
1.000
1.000
1.000
1.000
1.000
1.000
1.000
1.000
1.000
1.000
1.000
1.000
1.000
1.000
23.004
19.852
20.314
15.981
19.187
24.077
20.797
21.568
30.960
31.710
22.782
40.823
42.511
24.706
26.620
26.442
28.589
25.870
43.843
48.006
21.038
22.459
50.223
56.650
52.991
56.715
56.507
54.727
40.570
57.412
54.929
74.285
48.787
48.652
63.548
55.552
68.281
55.950
62.575
54.626
64.180
73.638
58.735
57.227
58.830
60.090
74.370
58.385
58.439
50.257
50.617
40.225
40.926
69.695
60.270
67.717
87.378
72.044
71.089
57.398
54.400
36.433
1.000
1.000
48.574
31.543
48.753
60.940
71.945
81.564
77.643
76.472
42.209
45.030
1.000
1.000
1.000
1.000
1.000
1.000
1.000
1.000
1.000
1.000
1.000
1.000
1.000
1.000
1.000
1.000
1.000
1.000
1.000
1.000
1.000
1.000
1.000
1.000
1.000
1.000
1.000
1.000
1.000
1.000
1.000
1.000
1.000
1.000
1.000
1.000
1.000
1.000
1.000
1.000
1.000
1.000
1.000
1.000
1.000
1.000
1.000
1.000
1.000
1.000
1.000
1.000
1.000
1.000
1.000
1.000
1.000
1.000
1.000
1.000
1.000
1.000
1.000
1.000
1.000
1.000
1.000
1.000
1.000
1.000
1.000
1.000
1.000
1.000
1.000
1.000
1.000
1.000
1.000
1.000
1.000
1.000
1.000
1.000
19.231
48.529
23.708
63.460
38.080
65.388
70.049
46.763
49.591
46.892
52.336
61.362
60.856
74.955
77.197
81.790
49.591
58.790
72.194
74.903
73.706
82.604
78.271
82.186
75.945
65.283
1.000
1.000
1.000
1.000
1.000
1.000
1.000
1.000
1.000
1.000
1.000
1.000
1.000
1.000
1.000
1.000
1.000
1.000
1.000
1.000
1.000
1.000
1.000
1.000
1.000
15.014
20.763
38.530
33.450
52.674
57.810
45.227
55.629
43.893
62.907
93.261
48.417
62.130
68.644
58.023
1.000
1.000
1.000
1.000
1.000
1.000
1.000
1.000
1.000
1.000
1.000
1.000
1.000
1.000
1.000
15.049
19.333
27.271
40.794
50.828
59.375
53.309
83.330
42.983
51.180
55.424
57.743
57.319
57.517
69.550
73.232
62.936
72.344
54.689
61.235
74.508
1.000
1.000
1.000
1.000
1.000
1.000
1.000
1.000
1.000
1.000
1.000
1.000
1.000
1.000
1.000
1.000
1.000
1.000
1.000
1.000
1.000
1.000
1.000
1.000
1.000
1.000
1.000
1.000
1.000
1.000
1.000
1.000
35.473
14.622
27.996
54.601
67.499
75.683
72.460
61.038
67.267
65.193
73.485
63.562
62.201
92.897
58.884
68.218
66.635
70.146
61.207
1.000
68.881
76.630
1.000
1.000
1.000
1.000
1.000
1.000
1.000
1.000
1.000
1.000
1.000
1.000
1.000
1.000
1.000
1.000
1.000
1.000
1.000
1.000
1.000
1.000
1.000
1.000
1.000
1.000
1.000
1.000
17.713
21.375
21.463
33.900
73.232
46.057
41.773
39.228
49.442
59.034
95.017
49.000
73.030
66.009
88.085
83.869
71.220
74.920
75.805
73.181
73.961
90.490
80.464
1.000
1.000
1.000
1.000
1.000
1.000
1.000
1.000
1.000
1.000
1.000
1.000
1.000
1.000
1.000
1.000
1.000
1.000
1.000
1.000
1.000
1.000
1.000
1.000
1.000
1.000
31.031
14.720
22.845
36.375
49.249
47.174
75.858
65.028
69.663
72.627
75.980
89.187
83.580
52.012
67.035
50.992
63.314
67.999
1.000
77.055
71.203
1.000
1.000
1.000
1.000
1.000
1.000
1.000
1.000
1.000
1.000
1.000
1.000
1.000
1.000
1.000
1.000
1.000
1.000
1.000
1.000
1.000
1.000
1.000
1.000
17.689
16.955
16.558
23.057
64.121
37.231
49.420
50.734
54.526
57.610
59.156
62.806
50.073
60.339
95.609
62.445
74.336
78.019
1.000
88.450
93.368
84.159
75.980
1.000
1.000
1.000
1.000
1.000
1.000
1.000
1.000
1.000
1.000
1.000
1.000
1.000
1.000
1.000
1.000
1.000
1.000
1.000
1.000
1.000
1.000
1.000
1.000
1.000
1.000
15.689
20.811
36.124
71.433
71.400
41.986
62.965
53.101
53.346
83.714
57.451
61.080
67.858
71.647
55.886
82.433
91.854
60.632
75.007
72.929
1.000
1.000
1.000
1.000
1.000
1.000
1.000
1.000
1.000
1.000
1.000
1.000
1.000
1.000
1.000
1.000
1.000
1.000
1.000
1.000
1.000
1.000
22.024
22.295
22.993
23.686
23.399
25.912
24.917
24.975
26.375
32.063
41.429
51.868
26.878
43.271
38.150
42.875
44.228
42.501
36.442
31.485
55.182
22.085
28.887
46.881
50.489
58.452
64.670
68.187
56.494
63.038
77.571
51.487
56.663
53.088
64.180
55.195
79.653
80.279
62.244
72.377
58.884
74.029
48.719
53.469
76.436
66.558
64.136
56.872
64.729
49.797
74.080
53.420
45.134
47.381
58.911
67.624
49.046
60.200
70.356
81.190
80.761
59.511
58.654
55.386
70.421
68.565
47.995
55.284
70.518
65.509
49.831
56.807
83.541
74.029
77.500
77.482
1.000
1.000
52.590
55.924
1.000
1.000
1.000
1.000
85.842
84.470
1.000
1.000
1.000
1.000
1.000
1.000
1.000
1.000
1.000
1.000
1.000
1.000
1.000
1.000
1.000
1.000
1.000
1.000
1.000
1.000
1.000
1.000
1.000
1.000
1.000
1.000
1.000
1.000
1.000
1.000
1.000
1.000
1.000
1.000
1.000
1.000
1.000
1.000
1.000
1.000
1.000
1.000
1.000
1.000
1.000
1.000
1.000
1.000
1.000
1.000
1.000
1.000
1.000
1.000
1.000
1.000
1.000
1.000
1.000
1.000
1.000
1.000
1.000
1.000
1.000
1.000
1.000
1.000
1.000
1.000
1.000
1.000
1.000
1.000
1.000
1.000
1.000
1.000
1.000
1.000
20.811
24.496
20.917
20.994
33.167
47.391
57.280
37.119
41.947
57.770
75.718
67.920
68.077
45.941
48.495
42.589
45.019
1.000
32.211
39.310
1.000
1.000
1.000
1.000
1.000
1.000
1.000
1.000
1.000
1.000
1.000
1.000
1.000
1.000
1.000
1.000
1.000
1.000
1.000
1.000
1.000
1.000
1.000
1.000
1.000
1.000
1.000
1.000
1.000
1.000
1.000
1.000
1.000
1.000
1.000
1.000
1.000
1.000
1.000
1.000
1.000
1.000
1.000
1.000
1.000
1.000
1.000
1.000
1.000
1.000
1.000
1.000
1.000
1.000
1.000
1.000
1.000
1.000
1.000
1.000
1.000
1.000
1.000
1.000
1.000
1.000
1.000
1.000
1.000
1.000
1.000
1.000
1.000
1.000
1.000
1.000
1.000
1.000
1.000
1.000
1.000
24.255
26.595
41.610
56.807
30.910
34.706
33.963
50.385
42.228
44.648
50.362
60.674
44.259
54.350
48.484
51.215
76.103
83.869
42.737
1.000
1.000
70.243
73.131
1.000
1.000
1.000
1.000
1.000
1.000
1.000
1.000
1.000
1.000
1.000
1.000
1.000
1.000
1.000
1.000
1.000
1.000
1.000
1.000
1.000
1.000
1.000
1.000
1.000
1.000
1.000
1.000
1.000
1.000
1.000
1.000
1.000
1.000
1.000
1.000
1.000
1.000
1.000
1.000
1.000
1.000
1.000
1.000
1.000
1.000
1.000
1.000
1.000
1.000
1.000
1.000
1.000
1.000
1.000
1.000
1.000
1.000
1.000
1.000
1.000
1.000
1.000
1.000
1.000
1.000
1.000
1.000
1.000
1.000
1.000
1.000
1.000
1.000
1.000
1.000
1.000
1.000
1.000
1.000
1.000
1.000
1.000
1.000
1.000
1.000
1.000
1.000
1.000
1.000
1.000
1.000
1.000
34.826
44.937
1.000
1.000
1.000
1.000
1.000
1.000
1.000
1.000
1.000
1.000
1.000
58.627
62.015
47.228
54.651
62.980
59.827
62.431
59.279
67.546
67.143
63.256
81.527
58.681
55.017
36.796
46.677
61.987
49.568
54.125
57.863
64.998
56.872
60.062
1.000
1.000
1.000
1.000
1.000
1.000
1.000
1.000
1.000
1.000
1.000
1.000
1.000
1.000
1.000
1.000
1.000
1.000
1.000
1.000
1.000
1.000
1.000
1.000
1.000
1.000
1.000
1.000
1.000
1.000
1.000
1.000
1.000
1.000
1.000
1.000
1.000
1.000
1.000
1.000
1.000
1.000
1.000
1.000
1.000
1.000
1.000
1.000
1.000
1.000
1.000
1.000
1.000
1.000
1.000
1.000
1.000
1.000
1.000
1.000
1.000
1.000
1.000
1.000
1.000
1.000
1.000
1.000
1.000
1.000
1.000
1.000
1.000
1.000
1.000
1.000
1.000
1.000
1.000
1.000
1.000
1.000
1.000
1.000
1.000
1.000
1.000
1.000
1.000
1.000
1.000
1.000
51.004
67.936
65.766
67.375
1.000
1.000
1.000
1.000
1.000
1.000
1.000
1.000
1.000
1.000
1.000
1.000
1.000
1.000
1.000
1.000
17.587
30.662
29.007
21.218
25.823
24.322
18.235
38.940
33.994
18.858
22.652
21.394
40.841
18.937
28.887
27.208
22.814
26.170
34.522
35.383
22.756
44.648
38.186
38.761
33.659
35.612
39.921
60.799
34.182
41.467
30.577
31.318
44.249
42.845
40.031
53.383
41.601
35.768
45.825
47.370
48.507
1.000
1.000
51.333
56.859
38.274
36.974
58.506
65.736
48.150
56.092
1.000
1.000
1.000
1.000
1.000
1.000
1.000
1.000
1.000
1.000
1.000
1.000
1.000
1.000
1.000
1.000
1.000
1.000
1.000
1.000
1.000
1.000
1.000
1.000
1.000
1.000
1.000
1.000
1.000
1.000
1.000
1.000
1.000
1.000
1.000
1.000
1.000
1.000
1.000
1.000
1.000
1.000
1.000
1.000
1.000
1.000
1.000
1.000
1.000
1.000
1.000
1.000
1.000
1.000
1.000
1.000
1.000
1.000
1.000
1.000
1.000
1.000
1.000
1.000
1.000
1.000
1.000
1.000
1.000
1.000
1.000
1.000
1.000
1.000
1.000
83.792
72.028
43.611
38.735
40.832
56.533
86.139
82.585
74.199
67.189
66.896
95.389
81.152
73.131
75.007
97.791
81.227
82.871
77.857
84.295
71.450
77.357
92.300
95.609
78.145
80.891
81.059
64.136
60.996
73.706
72.394
72.862
85.369
91.622
101.485
75.614
1.000
1.000
1.000
1.000
1.000
1.000
1.000
1.000
1.000
1.000
1.000
1.000
1.000
1.000
1.000
1.000
1.000
1.000
1.000
1.000
1.000
1.000
1.000
1.000
1.000
1.000
1.000
1.000
1.000
1.000
1.000
1.000
1.000
1.000
1.000
1.000
21.057
22.470
37.540
33.427
31.089
56.027
64.358
1.000
1.000
1.000
1.000
1.000
1.000
1.000
1.000
1.000
1.000
1.000
1.000
1.000
1.000
1.000
1.000
1.000
1.000
1.000
1.000
1.000
1.000
1.000
1.000
1.000
1.000
1.000
1.000
1.000
1.000
1.000
1.000
1.000
88.369
85.803
1.000
1.000
1.000
1.000
1.000
1.000
1.000
1.000
1.000
1.000
1.000
1.000
1.000
1.000
19.661
22.830
25.942
25.486
29.040
73.961
1.000
1.000
1.000
1.000
1.000
1.000
1.000
1.000
1.000
1.000
1.000
1.000
1.000
1.000
1.000
1.000
1.000
1.000
1.000
1.000
1.000
1.000
1.000
1.000
1.000
1.000
1.000
1.000
1.000
1.000
1.000
1.000
1.000
1.000
1.000
1.000
1.000
18.754
47.490
49.969
37.766
37.722
1.000
1.000
1.000
1.000
1.000
1.000
1.000
1.000
1.000
1.000
1.000
1.000
1.000
1.000
1.000
1.000
1.000
1.000
42.609
55.437
45.426
37.000
50.420
1.000
1.000
1.000
1.000
1.000
1.000
1.000
1.000
1.000
1.000
1.000
1.000
1.000
1.000
1.000
1.000
1.000
1.000
1.000
1.000
1.000
1.000
17.799
17.334
36.728
19.121
16.928
20.602
22.182
18.463
20.625
24.769
34.570
16.630
23.621
16.951
18.595
16.248
20.072
14.571
21.355
16.155
23.475
19.866
19.774
23.867
20.583
22.050
19.507
20.151
20.893
22.121
14.484
18.416
26.086
27.530
27.328
30.130
32.389
27.625
30.775
25.480
22.264
20.507
20.123
19.661
28.022
26.032
26.467
23.265
38.887
41.793
29.074
16.897
27.797
52.264
25.462
16.646
21.174
61.759
62.201
17.787
49.614
62.173
65.043
32.953
60.926
45.509
22.223
20.531
53.914
24.474
20.054
23.818
45.509
20.682
46.827
58.830
43.853
28.927
56.312
55.119
54.752
41.601
73.604
59.156
48.730
68.897
70.697
47.621
72.028
41.764
28.197
45.983
65.630
64.774
50.652
39.792
43.222
53.926
42.658
37.188
53.469
59.402
39.039
40.161
54.878
46.634
64.834
59.938
45.688
64.863
51.464
59.704
52.954
59.676
40.235
66.804
66.881
38.931
45.290
57.876
53.211
56.442
59.047
80.186
39.948
39.994
36.417
58.210
55.989
43.501
39.884
46.505
64.878
68.754
44.978
25.805
68.501
1.000
1.000
50.478
53.963
1.000
1.000
34.714
41.400
1.000
88.941
96.516
1.000
1.000
1.000
1.000
1.000
1.000
1.000
59.279
61.901
1.000
1.000
1.000
1.000
1.000
1.000
1.000
1.000
1.000
1.000
1.000
1.000
1.000
1.000
1.000
1.000
1.000
1.000
1.000
1.000
1.000
1.000
1.000
1.000
1.000
1.000
1.000
1.000
1.000
1.000
1.000
1.000
1.000
1.000
1.000
1.000
1.000
1.000
1.000
1.000
1.000
1.000
1.000
1.000
1.000
1.000
1.000
1.000
1.000
1.000
1.000
1.000
1.000
1.000
1.000
1.000
1.000
1.000
1.000
1.000
1.000
1.000
1.000
1.000
1.000
1.000
1.000
1.000
1.000
1.000
1.000
1.000
1.000
1.000
1.000
1.000
24.786
23.496
19.324
19.116
25.055
26.656
22.382
16.858
28.190
21.454
23.318
27.447
25.044
24.621
21.360
23.763
25.846
26.479
21.822
56.728
50.816
53.040
41.754
38.477
29.363
23.632
54.891
34.033
33.705
29.188
29.930
25.799
31.521
32.085
40.973
47.753
55.055
59.717
48.384
52.954
56.990
62.488
68.976
78.904
47.808
55.950
49.568
72.812
66.039
59.347
80.872
75.076
71.417
55.182
31.261
76.190
80.186
46.687
71.647
67.827
59.759
65.464
73.266
55.886
56.689
21.218
50.373
52.240
76.436
79.068
69.247
59.115
65.118
60.576
65.615
60.131
57.332
57.796
63.900
40.133
69.008
74.268
87.378
67.468
71.450
83.618
42.179
78.904
79.323
44.055
42.697
67.717
69.599
81.639
81.040
44.689
56.598
71.499
66.681
82.947
75.701
61.731
77.983
46.979
108.593
101.158
70.729
46.957
52.180
77.126
87.559
1.000
60.367
1.000
84.996
81.003
1.000
1.000
70.990
1.000
1.000
101.274
101.930
1.000
1.000
1.000
1.000
1.000
1.000
1.000
1.000
1.000
1.000
1.000
1.000
1.000
1.000
1.000
1.000
1.000
1.000
1.000
1.000
1.000
1.000
1.000
1.000
1.000
1.000
1.000
1.000
1.000
1.000
1.000
1.000
1.000
1.000
1.000
1.000
1.000
1.000
1.000
1.000
1.000
1.000
1.000
1.000
1.000
1.000
1.000
1.000
1.000
1.000
1.000
1.000
1.000
1.000
1.000
1.000
1.000
1.000
1.000
1.000
1.000
1.000
1.000
1.000
1.000
1.000
1.000
1.000
1.000
1.000
1.000
1.000
1.000
1.000
53.284
41.248
52.384
39.165
72.661
74.473
42.150
40.486
19.454
54.916
63.285
78.723
35.760
27.071
40.898
70.146
28.314
65.539
79.506
20.464
29.499
29.512
44.926
48.798
26.026
70.681
75.736
37.325
34.285
55.603
52.808
24.502
21.247
76.736
26.730
74.405
67.920
77.929
39.692
37.299
69.888
73.485
62.373
70.243
63.768
69.888
75.284
64.953
40.626
64.953
73.451
73.181
68.140
70.307
72.644
65.238
60.173
59.841
76.472
85.389
69.279
66.344
77.553
69.390
71.581
75.805
60.884
67.842
63.445
69.231
60.353
73.249
76.085
78.795
87.177
57.187
59.443
75.788
79.323
49.923
1.000
1.000
102.047
97.679
63.562
45.227
1.000
52.012
65.811
1.000
1.000
1.000
1.000
1.000
1.000
1.000
1.000
1.000
1.000
1.000
1.000
1.000
1.000
1.000
1.000
1.000
1.000
1.000
1.000
1.000
1.000
1.000
1.000
1.000
1.000
1.000
1.000
1.000
1.000
1.000
1.000
1.000
1.000
1.000
1.000
1.000
1.000
1.000
1.000
1.000
1.000
1.000
1.000
1.000
1.000
1.000
1.000
1.000
1.000
1.000
1.000
1.000
1.000
1.000
20.446
21.033
19.674
29.526
21.424
19.125
29.268
27.932
19.783
19.566
18.664
30.360
52.071
51.204
44.937
41.115
26.333
32.727
55.950
51.904
49.329
44.015
72.594
65.163
35.148
33.251
24.689
44.137
46.366
36.991
57.996
72.879
26.718
40.087
39.165
32.196
25.229
32.779
45.635
61.787
58.803
41.324
35.653
23.372
25.811
42.894
49.545
35.752
40.077
49.295
66.100
48.742
38.735
47.206
50.223
37.836
48.239
52.784
25.050
30.054
48.417
50.061
65.403
1.000
1.000
1.000
1.000
1.000
1.000
1.000
1.000
1.000
1.000
1.000
1.000
1.000
1.000
1.000
1.000
1.000
1.000
1.000
1.000
1.000
1.000
1.000
1.000
1.000
1.000
1.000
1.000
1.000
1.000
1.000
1.000
1.000
1.000
1.000
1.000
1.000
1.000
1.000
1.000
1.000
1.000
1.000
1.000
1.000
1.000
1.000
1.000
1.000
1.000
1.000
1.000
1.000
1.000
1.000
1.000
1.000
1.000
1.000
1.000
1.000
1.000
1.000
1.000
1.000
1.000
1.000
1.000
1.000
1.000
1.000
1.000
1.000
1.000
1.000
1.000
1.000
1.000
1.000
1.000
1.000
1.000
1.000
1.000
1.000
1.000
1.000
1.000
1.000
1.000
1.000
1.000
1.000
1.000
1.000
1.000
1.000
1.000
1.000
1.000
1.000
1.000
1.000
1.000
1.000
1.000
1.000
1.000
1.000
1.000
1.000
1.000
1.000
1.000
1.000
1.000
1.000
1.000
1.000
1.000
1.000
1.000
1.000
1.000
1.000
1.000
1.000
1.000
1.000
1.000
1.000
59.183
57.122
57.319
59.649
1.000
1.000
1.000
1.000
1.000
37.975
51.333
57.465
64.180
56.598
1.000
1.000
1.000
50.933
1.000
1.000
1.000
1.000
60.688
73.215
1.000
50.594
1.000
1.000
1.000
1.000
1.000
1.000
1.000
22.248
24.249
47.534
88.328
83.753
15.435
37.325
28.622
24.587
1.000
29.295
52.012
24.244
29.950
22.662
1.000
86.497
62.705
70.307
78.868
67.764
72.996
66.573
65.403
67.081
64.003
69.823
56.872
63.738
55.348
75.736
54.438
1.000
1.000
81.884
1.000
53.076
63.753
68.501
1.000
60.395
61.362
1.000
63.900
47.534
69.103
86.338
1.000
1.000
1.000
51.487
53.728
65.630
68.628
49.877
52.348
67.251
80.260
64.328
76.948
71.252
56.728
75.266
1.000
80.910
1.000
1.000
60.409
89.640
53.567
66.298
63.475
89.578
1.000
61.859
79.214
56.092
60.912
78.686
26.891
1.000
67.422
75.128
66.681
65.373
1.000
1.000
1.000
70.178
55.629
64.670
1.000
24.917
45.593
49.900
29.390
31.117
41.562
48.051
1.000
1.000
27.855
32.174
64.908
1.000
1.000
33.420
15.926
27.015
49.728
26.272
31.124
29.519
47.962
51.039
61.973
66.865
64.670
1.000
1.000
1.000
1.000
1.000
1.000
1.000
1.000
1.000
1.000
1.000
1.000
1.000
1.000
1.000
1.000
1.000
1.000
1.000
1.000
45.342
42.296
52.107
1.000
1.000
57.850
1.000
1.000
1.000
1.000
1.000
1.000
1.000
1.000
1.000
1.000
1.000
1.000
1.000
1.000
1.000
1.000
1.000
1.000
1.000
1.000
1.000
1.000
1.000
1.000
1.000
1.000
1.000
1.000
1.000
1.000
1.000
1.000
1.000
1.000
1.000
1.000
21.807
28.543
1.000
1.000
1.000
1.000
1.000
66.466
68.077
1.000
1.000
1.000
1.000
1.000
1.000
1.000
1.000
1.000
1.000
1.000
1.000
1.000
1.000
51.904
43.202
1.000
1.000
1.000
1.000
1.000
1.000
1.000
1.000
1.000
1.000
1.000
1.000
1.000
81.715
78.343
1.000
20.673
14.962
31.688
49.568
38.230
51.570
27.290
26.206
30.648
71.335
87.599
84.898
70.974
76.718
66.420
79.177
45.846
60.464
65.826
72.996
50.781
84.898
80.872
89.660
87.498
70.860
78.705
63.944
70.534
1.000
72.011
74.029
1.000
1.000
1.000
1.000
1.000
1.000
1.000
1.000
1.000
1.000
1.000
1.000
1.000
1.000
1.000
1.000
1.000
1.000
1.000
1.000
1.000
1.000
1.000
1.000
1.000
1.000
1.000
1.000
1.000
1.000
1.000
1.000
1.000
1.000
1.000
1.000
1.000
1.000
1.000
1.000
1.000
1.000
1.000
1.000
1.000
1.000
1.000
1.000
1.000
1.000
1.000
1.000
1.000
1.000
31.945
42.179
46.623
54.400
48.865
46.355
42.786
74.628
52.000
57.346
78.777
1.000
1.000
1.000
1.000
1.000
1.000
1.000
1.000
1.000
1.000
1.000
1.000
1.000
1.000
1.000
1.000
1.000
1.000
1.000
1.000
1.000
1.000
1.000
1.000
1.000
1.000
1.000
1.000
1.000
1.000
1.000
1.000
1.000
1.000
1.000
1.000
1.000
1.000
1.000
1.000
21.717
21.938
23.529
25.609
22.851
24.808
24.077
22.274
23.083
36.602
35.818
33.052
45.457
45.625
55.463
54.450
55.348
26.990
29.840
29.349
45.983
30.206
40.747
41.381
42.776
51.192
56.859
60.381
35.777
39.518
62.777
61.390
50.338
52.942
49.648
60.940
61.150
37.575
41.918
65.524
46.100
51.582
26.357
40.851
67.515
70.194
40.794
40.832
53.358
57.438
40.719
39.039
41.162
41.011
37.368
43.231
1.000
1.000
1.000
1.000
1.000
1.000
1.000
1.000
1.000
1.000
1.000
1.000
1.000
1.000
1.000
1.000
1.000
1.000
1.000
1.000
1.000
1.000
1.000
1.000
1.000
1.000
1.000
1.000
1.000
1.000
1.000
1.000
1.000
1.000
1.000
1.000
1.000
1.000
1.000
1.000
1.000
1.000
1.000
1.000
1.000
1.000
1.000
1.000
1.000
1.000
1.000
1.000
1.000
1.000
1.000
1.000
1.000
1.000
1.000
1.000
1.000
1.000
1.000
1.000
1.000
1.000
1.000
1.000
1.000
1.000
1.000
1.000
1.000
1.000
1.000
1.000
1.000
1.000
1.000
1.000
1.000
1.000
1.000
1.000
1.000
1.000
1.000
1.000
1.000
1.000
1.000
1.000
1.000
1.000
1.000
1.000
1.000
1.000
1.000
1.000
1.000
1.000
1.000
1.000
1.000
1.000
1.000
1.000
1.000
1.000
1.000
1.000
1.000
1.000
1.000
1.000
1.000
1.000
1.000
1.000
1.000
1.000
1.000
1.000
1.000
1.000
1.000
1.000
1.000
1.000
1.000
1.000
1.000
1.000
1.000
1.000
1.000
1.000
1.000
1.000
1.000
1.000
1.000
21.023
19.147
1.000
1.000
1.000
1.000
1.000
46.644
44.627
24.440
48.150
36.224
41.995
79.873
83.311
85.133
88.166
96.494
67.655
79.050
87.136
93.368
67.593
92.683
86.357
81.377
65.645
87.559
77.893
89.908
88.267
1.000
1.000
85.153
78.325
1.000
1.000
1.000
1.000
1.000
1.000
1.000
1.000
1.000
1.000
1.000
1.000
1.000
1.000
1.000
1.000
1.000
1.000
1.000
1.000
1.000
1.000
1.000
1.000
1.000
1.000
1.000
1.000
1.000
1.000
1.000
1.000
1.000
1.000
1.000
1.000
1.000
1.000
1.000
1.000
1.000
1.000
1.000
1.000
1.000
1.000
1.000
1.000
19.284
19.226
32.696
32.847
40.300
48.317
66.497
65.842
70.697
1.000
1.000
1.000
1.000
1.000
1.000
1.000
1.000
1.000
1.000
1.000
1.000
1.000
1.000
1.000
1.000
1.000
1.000
1.000
1.000
1.000
1.000
1.000
1.000
1.000
1.000
1.000
1.000
1.000
1.000
1.000
1.000
1.000
1.000
1.000
1.000
1.000
1.000
1.000
1.000
1.000
1.000
1.000
24.216
29.902
22.725
20.507
59.910
56.403
27.823
24.311
25.627
46.795
78.723
83.560
44.968
41.371
81.320
82.376
56.325
54.425
43.782
48.888
55.412
57.253
60.159
72.744
83.695
80.334
37.239
53.248
104.978
87.943
86.716
80.279
79.177
81.979
43.964
49.831
79.598
70.065
81.941
1.000
1.000
61.179
65.268
60.940
65.388
36.099
61.560
67.127
1.000
1.000
98.356
92.491
1.000
1.000
64.402
63.812
1.000
1.000
1.000
1.000
1.000
1.000
1.000
1.000
1.000
1.000
1.000
1.000
1.000
1.000
1.000
1.000
1.000
1.000
1.000
1.000
1.000
1.000
1.000
1.000
1.000
1.000
1.000
1.000
1.000
1.000
1.000
1.000
1.000
1.000
1.000
1.000
1.000
1.000
1.000
1.000
1.000
1.000
1.000
1.000
1.000
1.000
1.000
1.000
1.000
1.000
1.000
1.000
1.000
1.000
1.000
1.000
1.000
1.000
1.000
1.000
1.000
1.000
1.000
1.000
1.000
1.000
1.000
1.000
1.000
1.000
1.000
1.000
1.000
1.000
1.000
1.000
1.000
1.000
1.000
1.000
1.000
1.000
1.000
1.000
1.000
1.000
1.000
1.000
1.000
1.000
1.000
1.000
1.000
1.000
1.000
1.000
1.000
1.000
1.000
1.000
1.000
1.000
1.000
1.000
1.000
1.000
1.000
1.000
1.000
1.000
1.000
1.000
1.000
1.000
30.444
33.845
29.201
29.208
27.158
27.797
56.156
49.556
55.770
1.000
1.000
1.000
1.000
1.000
1.000
1.000
1.000
1.000
1.000
1.000
1.000
1.000
1.000
1.000
1.000
1.000
1.000
1.000
1.000
1.000
1.000
1.000
1.000
1.000
1.000
1.000
1.000
1.000
1.000
1.000
1.000
1.000
1.000
1.000
1.000
1.000
1.000
32.885
36.417
38.001
70.958
70.811
1.000
1.000
1.000
1.000
1.000
1.000
1.000
1.000
1.000
1.000
1.000
1.000
1.000
1.000
1.000
1.000
1.000
1.000
1.000
1.000
1.000
1.000
1.000
1.000
1.000
1.000
1.000
1.000
1.000
1.000
27.002
29.000
28.504
86.776
71.121
81.941
1.000
1.000
1.000
1.000
1.000
1.000
1.000
1.000
1.000
1.000
1.000
1.000
1.000
1.000
1.000
1.000
1.000
1.000
1.000
1.000
1.000
1.000
1.000
1.000
1.000
1.000
1.000
1.000
1.000
1.000
1.000
1.000
1.000
1.000
1.000
1.000
19.724
21.164
37.402
41.219
55.860
73.943
77.108
49.057
49.785
35.530
36.400
57.743
57.095
34.498
35.019
1.000
1.000
1.000
1.000
1.000
1.000
1.000
1.000
1.000
1.000
1.000
1.000
1.000
1.000
1.000
1.000
1.000
1.000
1.000
1.000
1.000
1.000
1.000
1.000
1.000
1.000
1.000
1.000
1.000
1.000
1.000
1.000
1.000
1.000
1.000
1.000
1.000
1.000
1.000
1.000
1.000
1.000
1.000
1.000
1.000
1.000
1.000
1.000
23.588
23.567
22.558
22.050
19.436
24.519
36.661
28.907
24.474
25.716
23.126
36.174
29.161
21.979
21.558
40.225
37.975
38.601
32.742
28.576
19.413
20.635
21.533
22.777
33.729
51.594
65.088
40.059
48.495
50.851
72.360
43.222
43.102
50.968
66.543
64.968
70.827
90.386
50.026
50.652
35.473
54.777
36.442
42.619
34.135
44.885
28.973
37.085
70.534
48.944
76.173
75.509
58.830
65.766
65.193
72.344
54.075
49.079
66.009
66.635
34.198
71.697
1.000
61.475
69.695
1.000
1.000
1.000
1.000
49.170
1.000
1.000
1.000
1.000
1.000
1.000
1.000
1.000
1.000
1.000
1.000
1.000
1.000
1.000
1.000
1.000
1.000
1.000
1.000
1.000
1.000
1.000
1.000
1.000
1.000
1.000
1.000
1.000
1.000
1.000
1.000
1.000
1.000
1.000
1.000
1.000
1.000
1.000
1.000
1.000
1.000
1.000
1.000
1.000
1.000
1.000
1.000
1.000
1.000
1.000
1.000
1.000
1.000
1.000
1.000
1.000
1.000
1.000
1.000
1.000
1.000
1.000
1.000
1.000
1.000
1.000
1.000
1.000
1.000
1.000
1.000
1.000
1.000
1.000
1.000
1.000
1.000
1.000
1.000
1.000
1.000
1.000
1.000
1.000
1.000
1.000
1.000
1.000
1.000
1.000
1.000
1.000
1.000
1.000
1.000
1.000
1.000
1.000
1.000
1.000
1.000
1.000
1.000
1.000
1.000
1.000
1.000
1.000
1.000
1.000
1.000
1.000
1.000
1.000
1.000
1.000
1.000
1.000
1.000
1.000
1.000
1.000
1.000
1.000
1.000
1.000
1.000
1.000
1.000
1.000
1.000
1.000
1.000
1.000
1.000
1.000
1.000
1.000
1.000
1.000
1.000
1.000
1.000
1.000
1.000
1.000
1.000
1.000
1.000
1.000
1.000
1.000
1.000
1.000
1.000
1.000
1.000
1.000
1.000
1.000
1.000
1.000
1.000
1.000
1.000
1.000
1.000
1.000
1.000
1.000
1.000
1.000
1.000
1.000
1.000
1.000
1.000
1.000
1.000
1.000
1.000
1.000
1.000
1.000
1.000
12.325
19.156
17.697
19.378
27.810
19.747
19.774
17.993
26.922
39.692
19.449
39.310
39.346
24.356
35.318
30.832
28.386
20.035
31.456
32.953
27.689
28.887
33.396
23.308
24.177
27.977
33.212
33.350
34.080
37.679
50.362
25.775
31.674
40.059
42.638
20.597
41.172
37.489
39.310
42.845
49.522
64.506
28.556
38.672
36.543
66.298
26.503
30.846
38.309
39.337
33.473
35.140
58.560
57.030
36.083
34.642
30.832
29.107
30.662
32.779
30.726
1.000
1.000
1.000
1.000
1.000
1.000
1.000
1.000
1.000
1.000
1.000
1.000
1.000
1.000
1.000
1.000
1.000
1.000
1.000
1.000
1.000
1.000
1.000
1.000
1.000
1.000
1.000
1.000
1.000
1.000
1.000
1.000
1.000
1.000
1.000
1.000
1.000
1.000
1.000
1.000
1.000
1.000
1.000
1.000
1.000
1.000
1.000
1.000
1.000
1.000
1.000
1.000
1.000
1.000
1.000
1.000
1.000
1.000
1.000
1.000
1.000
1.000
1.000
1.000
1.000
1.000
1.000
1.000
1.000
1.000
1.000
1.000
1.000
1.000
1.000
1.000
1.000
1.000
1.000
1.000
1.000
1.000
1.000
1.000
1.000
1.000
1.000
1.000
1.000
1.000
1.000
1.000
1.000
1.000
1.000
1.000
1.000
1.000
1.000
1.000
1.000
1.000
1.000
1.000
1.000
1.000
1.000
1.000
1.000
1.000
1.000
1.000
1.000
1.000
1.000
1.000
1.000
14.282
15.827
18.323
19.418
22.506
43.621
45.352
44.875
46.291
58.668
53.481
61.973
46.644
45.227
58.681
63.988
42.914
44.422
1.000
1.000
1.000
1.000
1.000
1.000
1.000
1.000
1.000
1.000
1.000
1.000
1.000
1.000
1.000
1.000
1.000
1.000
1.000
1.000
1.000
1.000
1.000
1.000
1.000
1.000
1.000
1.000
1.000
1.000
1.000
1.000
1.000
1.000
1.000
1.000
1.000
1.000
1.000
1.000
1.000
1.000
1.000
1.000
1.000
1.000
1.000
1.000
1.000
1.000
1.000
1.000
1.000
1.000
1.000
1.000
1.000
1.000
1.000
1.000
1.000
1.000
1.000
1.000
1.000
1.000
1.000
1.000
1.000
1.000
1.000
1.000
1.000
1.000
1.000
1.000
1.000
1.000
1.000
17.803
65.569
71.995
62.806
59.553
66.130
72.728
71.779
1.000
1.000
1.000
1.000
1.000
1.000
1.000
1.000
1.000
1.000
1.000
1.000
1.000
1.000
1.000
1.000
1.000
1.000
1.000
1.000
1.000
1.000
1.000
1.000
1.000
1.000
1.000
1.000
1.000
1.000
1.000
1.000
1.000
1.000
1.000
1.000
1.000
1.000
1.000
1.000
1.000
41.020
44.218
1.000
48.495
1.000
1.000
1.000
1.000
1.000
1.000
1.000
1.000
1.000
1.000
1.000
1.000
1.000
1.000
1.000
1.000
1.000
1.000
1.000
1.000
1.000
1.000
1.000
1.000
1.000
1.000
1.000
1.000
1.000
1.000
1.000
1.000
1.000
1.000
54.125
40.004
19.884
21.672
72.044
53.604
57.253
61.901
61.306
68.486
80.242
78.759
53.481
70.323
85.961
71.187
51.547
58.304
81.583
82.149
60.325
74.765
71.515
40.917
75.110
69.167
1.000
1.000
76.243
1.000
1.000
1.000
1.000
60.076
65.494
1.000
1.000
1.000
1.000
1.000
1.000
1.000
1.000
1.000
1.000
1.000
1.000
1.000
1.000
1.000
1.000
1.000
1.000
1.000
1.000
1.000
1.000
1.000
1.000
1.000
1.000
1.000
1.000
1.000
1.000
1.000
1.000
1.000
1.000
1.000
1.000
1.000
1.000
1.000
1.000
1.000
1.000
1.000
1.000
1.000
1.000
1.000
1.000
1.000
1.000
1.000
1.000
1.000
1.000
1.000
1.000
1.000
1.000
1.000
1.000
1.000
1.000
1.000
1.000
1.000
1.000
1.000
1.000
1.000
1.000
1.000
1.000
1.000
1.000
1.000
1.000
1.000
24.311
27.202
29.067
66.115
37.034
28.543
33.075
36.509
34.340
37.592
77.286
69.327
71.895
82.073
85.941
69.663
54.338
67.066
69.952
68.265
72.979
76.948
68.124
71.812
51.452
45.436
82.718
82.186
74.576
82.851
66.451
63.489
78.578
79.415
70.162
71.450
59.676
57.451
65.978
1.000
1.000
98.017
96.917
1.000
1.000
1.000
1.000
1.000
1.000
1.000
1.000
1.000
1.000
1.000
1.000
1.000
1.000
1.000
1.000
1.000
1.000
1.000
1.000
1.000
1.000
1.000
1.000
1.000
1.000
1.000
1.000
1.000
1.000
1.000
1.000
1.000
1.000
1.000
1.000
1.000
1.000
1.000
1.000
1.000
1.000
1.000
1.000
1.000
1.000
1.000
1.000
1.000
1.000
1.000
1.000
1.000
18.967
23.796
34.882
37.749
66.161
75.059
58.844
44.116
58.331
82.661
67.655
69.566
53.555
61.859
61.930
88.430
91.643
64.849
64.358
64.714
86.936
79.616
84.781
97.499
87.036
82.928
86.576
1.000
1.000
89.805
81.733
1.000
1.000
1.000
1.000
1.000
1.000
1.000
1.000
1.000
1.000
1.000
1.000
1.000
1.000
1.000
1.000
1.000
1.000
1.000
1.000
1.000
1.000
1.000
1.000
1.000
1.000
1.000
1.000
1.000
1.000
1.000
1.000
1.000
1.000
1.000
1.000
1.000
1.000
1.000
1.000
1.000
1.000
1.000
1.000
1.000
1.000
1.000
1.000
1.000
1.000
1.000
1.000
1.000
1.000
1.000
1.000
1.000
1.000
1.000
1.000
1.000
1.000
1.000
1.000
1.000
1.000
1.000
1.000
1.000
1.000
1.000
1.000
1.000
1.000
1.000
1.000
1.000
1.000
1.000
18.493
34.174
47.076
43.521
67.019
76.155
54.288
49.934
54.929
74.029
75.301
68.077
66.527
68.865
75.093
95.940
80.872
65.208
65.887
64.195
80.649
79.561
83.330
80.390
73.978
72.744
79.744
78.686
87.157
1.000
1.000
72.845
68.565
1.000
1.000
1.000
1.000
1.000
1.000
1.000
1.000
1.000
1.000
1.000
1.000
1.000
1.000
1.000
1.000
1.000
1.000
1.000
1.000
1.000
1.000
1.000
1.000
1.000
1.000
1.000
1.000
1.000
1.000
1.000
1.000
1.000
1.000
1.000
1.000
1.000
1.000
1.000
1.000
1.000
1.000
1.000
1.000
1.000
1.000
1.000
1.000
1.000
1.000
1.000
1.000
1.000
1.000
1.000
1.000
1.000
1.000
1.000
1.000
1.000
1.000
1.000
1.000
1.000
1.000
1.000
1.000
1.000
1.000
1.000
1.000
1.000
1.000
1.000
1.000
1.000
1.000
1.000
17.215
22.946
24.592
26.375
94.493
97.544
59.416
85.094
46.774
59.704
71.945
77.161
74.645
62.460
63.812
97.096
81.790
77.002
78.813
70.210
86.357
82.813
95.192
81.997
79.616
85.094
80.631
74.353
79.598
1.000
1.000
1.000
1.000
1.000
1.000
1.000
1.000
1.000
1.000
1.000
1.000
1.000
1.000
1.000
1.000
1.000
1.000
1.000
1.000
1.000
1.000
1.000
1.000
1.000
1.000
1.000
1.000
1.000
1.000
1.000
1.000
1.000
1.000
1.000
1.000
1.000
1.000
1.000
1.000
1.000
1.000
1.000
1.000
1.000
1.000
1.000
1.000
1.000
1.000
1.000
1.000
1.000
1.000
1.000
1.000
1.000
1.000
1.000
1.000
1.000
1.000
1.000
1.000
1.000
1.000
1.000
1.000
1.000
1.000
1.000
1.000
1.000
1.000
1.000
1.000
1.000
1.000
1.000
1.000
1.000
1.000
63.753
1.000
1.000
1.000
56.156
47.044
65.978
62.922
1.000
1.000
1.000
1.000
33.955
34.522
1.000
1.000
1.000
1.000
1.000
1.000
57.544
29.560
51.618
72.544
82.528
1.000
1.000
1.000
1.000
1.000
35.645
30.917
15.477
15.599
49.454
50.107
74.662
71.007
67.422
1.000
1.000
1.000
1.000
1.000
1.000
1.000
1.000
1.000
1.000
1.000
1.000
1.000
1.000
1.000
1.000
1.000
29.854
24.038
34.483
51.168
26.669
39.264
44.617
60.256
59.539
71.680
1.000
1.000
1.000
1.000
1.000
1.000
1.000
1.000
28.445
27.114
1.000
1.000
19.606
31.391
18.001
32.449
35.653
29.546
1.000
1.000
38.107
1.000
1.000
1.000
64.298
50.350
60.576
65.781
1.000
1.000
1.000
1.000
1.000
1.000
1.000
1.000
1.000
1.000
1.000
1.000
1.000
1.000
1.000
1.000
1.000
1.000
1.000
1.000
1.000
1.000
47.457
54.576
47.896
61.094
72.377
76.436
47.918
1.000
1.000
1.000
1.000
1.000
1.000
1.000
1.000
1.000
1.000
1.000
1.000
1.000
1.000
14.315
64.923
26.327
79.506
66.942
1.000
1.000
1.000
1.000
1.000
22.162
22.264
21.193
44.177
23.665
56.079
41.928
55.005
60.187
64.744
31.989
56.144
58.925
1.000
1.000
1.000
1.000
1.000
1.000
1.000
1.000
1.000
1.000
1.000
1.000
1.000
1.000
1.000
1.000
1.000
1.000
19.720
1.000
1.000
1.000
30.796
62.575
62.144
60.534
69.135
72.244
50.559
1.000
1.000
1.000
1.000
1.000
1.000
1.000
1.000
1.000
1.000
1.000
1.000
1.000
56.794
51.749
70.681
66.085
1.000
1.000
1.000
1.000
1.000
1.000
1.000
1.000
44.035
45.363
32.734
38.717
70.453
63.562
61.263
40.926
64.863
52.723
43.722
62.287
1.000
1.000
1.000
1.000
1.000
1.000
1.000
1.000
1.000
1.000
1.000
1.000
1.000
1.000
1.000
1.000
1.000
1.000
1.000
1.000
1.000
1.000
1.000
1.000
47.402
59.883
56.715
50.804
1.000
1.000
1.000
1.000
1.000
1.000
1.000
1.000
1.000
1.000
1.000
1.000
1.000
1.000
1.000
1.000
1.000
1.000
1.000
1.000
1.000
1.000
1.000
1.000
74.731
1.000
1.000
1.000
1.000
1.000
1.000
1.000
1.000
1.000
1.000
1.000
1.000
1.000
1.000
1.000
1.000
1.000
1.000
1.000
1.000
1.000
1.000
1.000
1.000
1.000
1.000
1.000
1.000
1.000
1.000
1.000
1.000
1.000
1.000
1.000
1.000
1.000
1.000
1.000
1.000
63.738
63.270
72.744
1.000
1.000
1.000
1.000
1.000
1.000
1.000
1.000
1.000
1.000
1.000
1.000
1.000
1.000
1.000
1.000
1.000
1.000
1.000
1.000
1.000
1.000
27.384
1.000
52.095
26.442
41.419
1.000
1.000
1.000
1.000
1.000
1.000
1.000
1.000
1.000
61.150
52.276
60.395
69.759
69.279
66.359
1.000
1.000
1.000
1.000
1.000
1.000
1.000
1.000
1.000
1.000
1.000
1.000
1.000
1.000
1.000
1.000
1.000
1.000
1.000
1.000
1.000
1.000
1.000
1.000
1.000
1.000
1.000
1.000
1.000
1.000
1.000
1.000
1.000
1.000
1.000
1.000
1.000
1.000
1.000
1.000
1.000
1.000
1.000
1.000
1.000
1.000
1.000
1.000
1.000
1.000
1.000
1.000
1.000
1.000
1.000
1.000
1.000
1.000
1.000
1.000
1.000
1.000
1.000
1.000
1.000
1.000
1.000
1.000
1.000
1.000
1.000
1.000
1.000
1.000
1.000
1.000
1.000
1.000
1.000
1.000
1.000
1.000
1.000
1.000
1.000
1.000
1.000
1.000
1.000
1.000
1.000
1.000
1.000
1.000
1.000
1.000
1.000
1.000
1.000
1.000
1.000
1.000
1.000
51.856
1.000
1.000
1.000
1.000
1.000
1.000
1.000
1.000
1.000
1.000
1.000
1.000
1.000
1.000
1.000
1.000
1.000
1.000
1.000
1.000
1.000
1.000
1.000
1.000
1.000
1.000
1.000
1.000
1.000
1.000
1.000
1.000
1.000
1.000
1.000
1.000
1.000
1.000
1.000
1.000
1.000
1.000
1.000
1.000
1.000
1.000
1.000
1.000
1.000
35.473
36.417
1.000
1.000
1.000
1.000
1.000
1.000
1.000
1.000
40.022
41.591
1.000
1.000
1.000
1.000
1.000
1.000
1.000
1.000
1.000
1.000
1.000
1.000
1.000
1.000
31.572
1.000
1.000
1.000
1.000
1.000
1.000
1.000
1.000
1.000
25.972
1.000
1.000
1.000
1.000
1.000
1.000
1.000
1.000
1.000
1.000
1.000
1.000
1.000
1.000
1.000
1.000
1.000
1.000
1.000
1.000
25.858
1.000
1.000
1.000
26.940
1.000
1.000
1.000
1.000
74.353
81.527
1.000
1.000
1.000
1.000
1.000
1.000
1.000
1.000
1.000
1.000
1.000
18.022
20.460
1.000
23.062
1.000
1.000
1.000
1.000
1.000
1.000
1.000
1.000
1.000
1.000
20.663
23.089
34.546
22.377
26.194
26.351
26.959
42.796
40.907
32.976
42.442
61.759
63.489
42.746
59.047
52.276
1.000
1.000
1.000
1.000
1.000
1.000
1.000
1.000
1.000
1.000
1.000
1.000
1.000
1.000
1.000
1.000
1.000
1.000
1.000
1.000
1.000
1.000
1.000
1.000
1.000
1.000
1.000
1.000
1.000
1.000
65.993
26.687
29.020
63.973
70.746
78.614
1.000
1.000
1.000
1.000
1.000
25.148
86.099
1.000
1.000
1.000
1.000
19.226
58.063
61.249
83.618
76.419
1.000
1.000
1.000
1.000
1.000
1.000
1.000
25.545
72.761
76.015
1.000
68.234
62.864
76.913
24.221
69.839
69.486
63.753
67.655
72.728
70.713
1.000
1.000
1.000
1.000
1.000
1.000
27.208
69.711
54.979
55.706
60.758
57.531
55.182
1.000
1.000
1.000
1.000
1.000
1.000
1.000
1.000
1.000
1.000
1.000
1.000
1.000
1.000
1.000
45.227
1.000
1.000
1.000
1.000
1.000
1.000
20.835
20.831
25.604
26.620
21.047
21.483
31.798
23.763
37.385
38.327
26.681
47.370
61.958
67.251
64.476
73.502
70.437
70.421
60.048
37.446
54.213
53.988
75.232
57.148
56.650
55.950
54.026
56.624
58.130
62.791
75.024
73.299
76.613
78.307
67.329
73.722
74.662
1.000
1.000
1.000
1.000
1.000
1.000
1.000
1.000
1.000
1.000
1.000
1.000
1.000
1.000
1.000
1.000
1.000
1.000
1.000
1.000
1.000
1.000
1.000
1.000
1.000
1.000
18.854
33.197
34.127
28.517
21.757
27.384
36.050
37.179
26.644
48.406
60.828
83.695
55.386
83.637
63.299
46.079
56.092
73.232
66.589
64.968
65.103
52.384
57.332
67.143
73.909
69.279
60.828
81.639
76.984
68.723
1.000
1.000
1.000
1.000
1.000
1.000
1.000
1.000
1.000
1.000
1.000
1.000
1.000
1.000
1.000
1.000
1.000
1.000
1.000
47.163
46.057
60.758
66.100
69.470
36.915
38.815
49.012
52.638
35.197
60.898
1.000
1.000
1.000
1.000
1.000
1.000
1.000
1.000
1.000
1.000
1.000
1.000
1.000
1.000
1.000
1.000
1.000
1.000
1.000
1.000
1.000
1.000
1.000
1.000
1.000
1.000
1.000
1.000
1.000
1.000
1.000
1.000
1.000
1.000
1.000
1.000
1.000
1.000
1.000
1.000
1.000
1.000
1.000
1.000
1.000
1.000
1.000
66.420
50.699
41.677
69.823
70.162
41.687
49.351
53.076
61.362
1.000
51.820
1.000
1.000
1.000
1.000
1.000
1.000
1.000
1.000
1.000
1.000
1.000
1.000
1.000
1.000
1.000
1.000
1.000
1.000
1.000
1.000
1.000
1.000
1.000
1.000
1.000
1.000
1.000
1.000
1.000
1.000
1.000
1.000
1.000
1.000
1.000
1.000
1.000
1.000
1.000
1.000
1.000
1.000
1.000
1.000
1.000
1.000
32.011
44.300
51.547
63.680
72.963
54.313
37.940
1.000
1.000
1.000
1.000
1.000
1.000
1.000
1.000
1.000
1.000
1.000
1.000
40.374
49.079
58.331
63.198
65.933
51.785
35.180
39.210
1.000
1.000
1.000
1.000
1.000
1.000
1.000
1.000
1.000
1.000
1.000
1.000
71.746
84.645
1.000
1.000
1.000
1.000
1.000
1.000
86.537
85.016
1.000
1.000
1.000
1.000
1.000
1.000
1.000
1.000
23.933
26.996
74.353
83.330
61.066
75.214
1.000
1.000
1.000
1.000
1.000
1.000
1.000
1.000
1.000
60.744
65.043
1.000
1.000
1.000
1.000
1.000
20.903
25.021
20.711
22.542
24.992
22.914
35.465
34.324
24.440
26.940
22.537
21.984
42.209
39.582
23.094
26.552
72.611
56.977
54.200
56.221
50.980
45.856
41.629
36.258
29.758
68.423
71.285
44.968
49.946
52.590
62.244
65.088
65.328
74.388
63.154
71.220
47.852
76.595
67.499
66.558
92.491
90.636
79.378
78.379
79.836
70.259
72.946
77.126
77.144
56.689
70.974
1.000
1.000
1.000
1.000
1.000
1.000
1.000
1.000
1.000
1.000
1.000
1.000
1.000
1.000
1.000
1.000
1.000
1.000
1.000
1.000
1.000
1.000
1.000
1.000
1.000
1.000
1.000
1.000
1.000
1.000
1.000
1.000
1.000
1.000
1.000
1.000
1.000
1.000
1.000
1.000
1.000
1.000
1.000
34.818
46.100
44.279
45.614
56.977
49.340
61.179
74.508
67.702
72.161
1.000
1.000
1.000
1.000
1.000
1.000
1.000
1.000
1.000
1.000
1.000
1.000
1.000
1.000
1.000
1.000
1.000
1.000
1.000
1.000
1.000
1.000
1.000
1.000
1.000
1.000
1.000
1.000
18.802
19.306
22.004
25.113
27.842
29.485
31.463
33.466
38.744
28.399
42.209
48.708
30.374
31.579
30.339
31.886
46.387
51.050
30.234
41.124
28.987
31.067
1.000
1.000
1.000
1.000
1.000
1.000
1.000
1.000
1.000
1.000
1.000
1.000
1.000
1.000
1.000
1.000
1.000
1.000
1.000
1.000
1.000
1.000
1.000
1.000
1.000
1.000
1.000
1.000
1.000
1.000
1.000
1.000
1.000
1.000
1.000
1.000
1.000
1.000
1.000
1.000
1.000
25.276
29.778
27.880
63.885
58.010
40.161
41.860
43.063
35.270
33.543
34.618
37.757
65.464
63.826
64.595
70.388
80.168
52.796
56.702
52.071
54.651
49.934
58.143
63.709
59.690
56.182
68.234
92.662
86.060
68.580
1.000
1.000
1.000
1.000
1.000
73.943
70.097
1.000
1.000
1.000
1.000
1.000
1.000
1.000
1.000
1.000
1.000
1.000
1.000
1.000
1.000
1.000
1.000
1.000
1.000
1.000
1.000
1.000
1.000
1.000
1.000
1.000
1.000
1.000
1.000
1.000
1.000
1.000
1.000
1.000
1.000
1.000
1.000
1.000
1.000
1.000
40.682
41.841
85.487
86.060
39.948
50.443
48.574
51.976
1.000
1.000
1.000
1.000
1.000
1.000
1.000
1.000
1.000
1.000
1.000
1.000
1.000
1.000
1.000
1.000
1.000
1.000
1.000
1.000
1.000
1.000
32.151
29.868
25.966
24.311
28.973
24.900
27.612
21.316
21.184
30.839
34.443
20.464
37.497
46.968
56.964
19.337
20.133
46.026
45.888
58.304
70.486
63.110
65.163
59.115
56.807
62.734
59.910
52.143
57.557
65.781
51.475
57.850
48.944
50.269
64.744
71.302
74.972
50.617
34.626
38.177
57.293
68.312
53.260
49.774
45.269
46.795
1.000
1.000
72.294
85.231
93.325
1.000
1.000
1.000
1.000
1.000
1.000
1.000
1.000
1.000
1.000
1.000
1.000
1.000
1.000
1.000
1.000
1.000
1.000
1.000
1.000
1.000
1.000
1.000
1.000
1.000
1.000
1.000
1.000
1.000
1.000
1.000
1.000
1.000
1.000
1.000
1.000
1.000
1.000
1.000
1.000
1.000
1.000
1.000
1.000
1.000
1.000
1.000
1.000
1.000
1.000
1.000
1.000
1.000
21.228
22.761
22.090
37.239
43.551
38.265
44.596
28.471
32.516
63.562
56.872
45.405
37.627
37.618
70.567
65.464
55.157
53.839
69.679
1.000
1.000
1.000
1.000
1.000
1.000
1.000
1.000
1.000
1.000
1.000
1.000
1.000
1.000
1.000
1.000
1.000
1.000
1.000
1.000
1.000
1.000
1.000
1.000
1.000
1.000
1.000
1.000
1.000
1.000
1.000
1.000
1.000
1.000
1.000
1.000
1.000
1.000
1.000
20.936
26.705
26.128
51.677
60.799
57.174
59.047
49.659
56.925
1.000
1.000
1.000
1.000
1.000
1.000
1.000
1.000
1.000
1.000
1.000
23.335
28.197
1.000
1.000
1.000
1.000
1.000
1.000
1.000
1.000
1.000
1.000
1.000
1.000
1.000
1.000
1.000
1.000
1.000
1.000
1.000
1.000
1.000
1.000
53.101
60.034
79.836
61.944
48.798
53.346
1.000
1.000
1.000
1.000
1.000
1.000
1.000
1.000
1.000
1.000
1.000
1.000
1.000
1.000
1.000
1.000
1.000
22.558
22.961
37.179
41.352
55.719
64.239
37.940
49.923
49.511
54.979
1.000
1.000
1.000
1.000
1.000
1.000
1.000
1.000
1.000
1.000
1.000
1.000
1.000
1.000
1.000
1.000
1.000
1.000
1.000
1.000
1.000
1.000
1.000
1.000
1.000
1.000
1.000
1.000
1.000
1.000
1.000
1.000
1.000
1.000
1.000
1.000
1.000
1.000
1.000
1.000
1.000
1.000
1.000
1.000
49.193
57.956
1.000
1.000
57.293
49.843
49.992
47.326
71.170
73.418
80.779
83.772
1.000
1.000
1.000
1.000
1.000
1.000
1.000
1.000
1.000
1.000
1.000
1.000
1.000
1.000
1.000
1.000
1.000
1.000
1.000
1.000
1.000
1.000
1.000
1.000
1.000
1.000
1.000
1.000
1.000
1.000
