18.694
32.211
42.442
18.954
1.000
1.000
1.000
1.000
1.000
1.000
1.000
1.000
22.162
18.093
20.286
19.503
28.301
25.468
57.650
37.731
33.830
29.909
37.540
38.726
26.248
26.038
52.360
25.722
41.745
38.459
26.242
30.939
1.000
1.000
1.000
1.000
1.000
1.000
1.000
1.000
1.000
1.000
1.000
1.000
1.000
1.000
1.000
1.000
1.000
1.000
1.000
1.000
1.000
1.000
1.000
1.000
1.000
1.000
1.000
1.000
1.000
1.000
1.000
1.000
1.000
1.000
1.000
1.000
1.000
1.000
1.000
1.000
1.000
1.000
1.000
1.000
1.000
1.000
1.000
1.000
1.000
1.000
1.000
1.000
1.000
1.000
1.000
1.000
1.000
1.000
1.000
1.000
1.000
1.000
1.000
1.000
1.000
28.138
30.374
45.593
76.366
85.114
42.954
44.249
54.551
47.918
1.000
1.000
1.000
1.000
1.000
1.000
1.000
1.000
1.000
1.000
1.000
1.000
1.000
1.000
1.000
1.000
1.000
1.000
1.000
1.000
25.840
17.454
37.879
27.071
35.221
24.643
21.301
26.662
47.940
34.995
36.299
1.000
1.000
1.000
1.000
1.000
1.000
1.000
1.000
1.000
1.000
1.000
1.000
1.000
1.000
1.000
1.000
1.000
1.000
1.000
1.000
1.000
1.000
1.000
1.000
1.000
1.000
1.000
1.000
1.000
1.000
1.000
1.000
1.000
1.000
1.000
1.000
1.000
1.000
16.665
81.602
57.346
50.443
45.878
46.206
48.764
54.250
62.604
81.846
72.477
1.000
1.000
1.000
1.000
1.000
1.000
1.000
1.000
1.000
1.000
1.000
1.000
1.000
1.000
1.000
1.000
1.000
1.000
1.000
1.000
1.000
1.000
1.000
1.000
1.000
1.000
1.000
1.000
1.000
1.000
1.000
1.000
1.000
1.000
1.000
1.000
1.000
1.000
1.000
1.000
1.000
1.000
1.000
1.000
1.000
1.000
26.448
56.247
62.633
1.000
1.000
1.000
1.000
1.000
1.000
1.000
1.000
1.000
1.000
1.000
1.000
1.000
1.000
1.000
1.000
1.000
22.475
23.014
19.720
23.665
21.868
19.534
19.720
21.597
22.182
27.258
40.860
42.374
46.946
54.250
38.663
53.027
51.133
49.728
51.892
45.604
42.160
57.557
45.751
73.013
41.976
49.374
77.055
25.811
26.092
46.174
43.491
51.713
27.283
46.259
48.406
46.881
48.062
89.392
58.466
56.846
39.930
38.177
37.984
40.973
83.062
51.050
101.508
1.000
94.973
1.000
1.000
1.000
1.000
1.000
1.000
1.000
1.000
1.000
1.000
1.000
1.000
1.000
1.000
1.000
1.000
1.000
1.000
1.000
1.000
1.000
1.000
1.000
1.000
1.000
1.000
1.000
1.000
1.000
1.000
1.000
1.000
1.000
1.000
1.000
1.000
1.000
1.000
1.000
1.000
1.000
27.932
59.676
54.916
50.617
44.751
74.370
88.024
1.000
1.000
1.000
1.000
1.000
1.000
1.000
1.000
1.000
1.000
1.000
1.000
1.000
1.000
1.000
1.000
1.000
1.000
1.000
1.000
1.000
1.000
1.000
1.000
1.000
1.000
1.000
1.000
1.000
1.000
1.000
1.000
1.000
1.000
1.000
1.000
1.000
1.000
50.257
45.113
38.539
48.854
65.058
75.631
1.000
1.000
1.000
1.000
1.000
1.000
1.000
1.000
1.000
1.000
1.000
1.000
1.000
1.000
1.000
1.000
32.337
42.638
49.797
66.543
76.103
1.000
1.000
1.000
1.000
1.000
1.000
1.000
1.000
1.000
1.000
1.000
1.000
1.000
1.000
1.000
1.000
1.000
1.000
1.000
1.000
1.000
1.000
1.000
1.000
1.000
1.000
1.000
1.000
1.000
1.000
1.000
1.000
1.000
1.000
1.000
1.000
1.000
21.732
21.989
41.783
48.854
63.343
39.219
38.654
1.000
1.000
1.000
1.000
1.000
1.000
1.000
1.000
1.000
1.000
1.000
1.000
1.000
1.000
1.000
1.000
1.000
1.000
1.000
1.000
1.000
1.000
1.000
1.000
1.000
15.664
17.844
24.116
27.900
32.464
46.430
36.830
31.318
41.966
72.394
58.385
55.246
53.790
73.013
90.887
79.415
87.056
72.828
73.299
73.131
84.820
1.000
1.000
1.000
1.000
1.000
1.000
1.000
1.000
1.000
1.000
1.000
1.000
1.000
1.000
1.000
1.000
1.000
1.000
1.000
1.000
1.000
1.000
1.000
1.000
1.000
17.595
19.271
25.763
32.174
39.255
31.074
47.130
41.495
28.353
34.666
54.250
67.686
39.120
48.150
67.889
86.876
85.369
79.983
76.401
74.268
76.577
73.909
79.543
1.000
1.000
1.000
1.000
1.000
1.000
1.000
1.000
1.000
1.000
1.000
1.000
1.000
1.000
1.000
1.000
1.000
1.000
1.000
1.000
1.000
1.000
1.000
25.604
17.350
16.520
19.870
22.678
29.100
29.040
18.728
24.288
28.080
25.183
21.252
21.943
34.372
30.570
27.372
26.675
35.270
29.336
25.739
37.862
24.283
30.137
23.372
23.616
25.924
31.160
29.168
36.475
34.151
25.107
28.973
40.635
29.268
27.511
30.416
22.542
28.629
56.131
29.329
37.958
30.549
37.618
25.936
28.741
28.510
18.068
32.961
33.205
57.187
43.082
22.131
40.087
39.210
45.835
42.806
41.248
44.545
36.433
81.997
50.980
51.004
46.387
35.302
54.739
67.780
42.746
32.689
78.397
86.099
56.079
67.329
45.384
42.462
71.779
61.830
50.501
75.631
80.593
28.379
45.196
36.325
56.820
71.285
64.491
56.833
44.484
80.724
53.567
70.664
53.901
106.096
68.675
78.596
107.078
50.188
72.360
51.428
76.033
68.818
88.756
91.706
72.527
65.479
49.568
66.328
53.469
64.047
60.799
52.252
61.745
50.350
76.595
50.003
66.252
55.976
92.512
79.159
71.581
83.849
37.610
59.759
46.462
47.130
54.752
83.119
46.345
51.642
50.851
52.578
88.206
87.157
54.891
68.707
36.881
64.655
70.843
74.319
78.091
61.080
71.220
75.683
43.251
74.302
60.744
73.756
82.604
75.076
79.031
77.965
70.909
37.775
52.264
39.655
92.534
77.643
58.735
61.887
71.351
48.518
67.639
62.445
69.103
69.119
32.026
62.345
56.364
78.542
81.828
93.240
50.992
47.174
43.995
72.477
65.328
72.845
55.578
96.073
103.657
71.170
36.233
68.517
65.887
58.722
72.862
69.438
60.311
88.859
71.072
85.566
71.318
54.088
69.502
43.914
55.603
54.488
94.646
96.561
62.373
102.070
82.338
91.812
70.974
82.547
79.708
72.510
72.061
72.444
42.835
1.000
78.995
76.103
1.000
1.000
1.000
1.000
1.000
1.000
1.000
1.000
1.000
1.000
1.000
1.000
1.000
1.000
1.000
1.000
1.000
1.000
1.000
1.000
1.000
1.000
1.000
1.000
1.000
1.000
1.000
1.000
1.000
1.000
1.000
1.000
1.000
1.000
1.000
1.000
1.000
1.000
1.000
1.000
1.000
1.000
1.000
1.000
1.000
1.000
1.000
1.000
1.000
1.000
1.000
1.000
1.000
1.000
1.000
1.000
1.000
1.000
1.000
1.000
1.000
1.000
1.000
1.000
1.000
1.000
1.000
1.000
1.000
1.000
1.000
1.000
1.000
1.000
28.642
47.588
1.000
48.809
51.109
1.000
45.899
1.000
15.535
46.345
69.743
1.000
54.150
1.000
43.954
67.608
1.000
1.000
68.297
18.176
47.424
48.051
59.539
56.260
70.778
1.000
1.000
1.000
1.000
1.000
1.000
1.000
1.000
1.000
1.000
1.000
1.000
1.000
1.000
1.000
1.000
1.000
1.000
1.000
1.000
1.000
1.000
1.000
1.000
1.000
1.000
1.000
17.167
20.649
34.834
29.067
26.467
25.363
17.128
16.726
18.080
16.252
16.504
16.696
24.132
18.310
13.363
20.845
27.071
57.624
38.450
32.576
52.979
38.247
32.203
30.627
23.025
35.326
58.600
29.208
45.983
30.116
25.136
33.535
28.145
33.589
20.673
30.206
29.868
45.719
19.315
43.082
34.316
29.275
1.000
1.000
1.000
1.000
22.197
36.266
1.000
1.000
1.000
1.000
1.000
1.000
1.000
1.000
1.000
1.000
1.000
1.000
1.000
1.000
1.000
1.000
1.000
1.000
1.000
1.000
1.000
1.000
1.000
1.000
1.000
1.000
1.000
1.000
1.000
1.000
1.000
1.000
1.000
1.000
1.000
1.000
1.000
1.000
1.000
1.000
1.000
1.000
1.000
1.000
1.000
1.000
1.000
1.000
1.000
1.000
1.000
1.000
1.000
1.000
1.000
1.000
1.000
1.000
1.000
1.000
1.000
1.000
1.000
1.000
1.000
1.000
1.000
1.000
1.000
1.000
1.000
1.000
1.000
1.000
1.000
1.000
1.000
1.000
1.000
1.000
1.000
1.000
1.000
1.000
1.000
1.000
1.000
1.000
1.000
1.000
1.000
1.000
1.000
1.000
1.000
1.000
1.000
1.000
1.000
1.000
1.000
1.000
1.000
1.000
1.000
1.000
1.000
1.000
1.000
1.000
23.281
1.000
1.000
31.506
24.116
17.583
24.900
42.102
40.188
61.094
58.331
73.451
1.000
1.000
1.000
1.000
1.000
1.000
1.000
1.000
1.000
22.735
38.869
42.121
1.000
1.000
25.375
25.433
20.980
20.711
1.000
1.000
65.313
69.599
111.892
111.122
1.000
1.000
1.000
1.000
1.000
1.000
17.065
17.486
34.364
17.628
18.084
18.923
31.003
35.629
43.441
39.473
40.504
40.776
21.747
24.547
29.431
1.000
1.000
1.000
1.000
1.000
1.000
1.000
1.000
1.000
1.000
1.000
1.000
1.000
1.000
1.000
1.000
1.000
1.000
1.000
1.000
1.000
1.000
1.000
1.000
1.000
1.000
1.000
1.000
1.000
1.000
1.000
1.000
1.000
1.000
1.000
1.000
1.000
1.000
1.000
1.000
24.221
19.747
23.448
73.063
77.019
59.061
59.883
50.338
48.362
71.581
73.773
1.000
1.000
1.000
1.000
1.000
1.000
1.000
1.000
1.000
1.000
1.000
1.000
1.000
25.894
29.370
26.473
28.708
58.641
59.238
63.139
71.499
68.738
37.402
67.686
62.532
59.690
43.652
1.000
1.000
1.000
1.000
1.000
1.000
1.000
1.000
1.000
1.000
1.000
1.000
1.000
1.000
1.000
1.000
1.000
1.000
1.000
1.000
1.000
1.000
1.000
1.000
1.000
1.000
1.000
1.000
1.000
1.000
1.000
1.000
1.000
1.000
1.000
1.000
1.000
1.000
1.000
1.000
1.000
1.000
1.000
1.000
1.000
1.000
1.000
1.000
1.000
20.244
50.362
62.589
93.562
97.656
79.524
76.931
73.451
70.275
87.177
82.680
1.000
1.000
1.000
1.000
1.000
1.000
1.000
1.000
1.000
1.000
1.000
1.000
1.000
1.000
1.000
1.000
1.000
1.000
1.000
1.000
1.000
1.000
1.000
1.000
1.000
41.831
49.215
22.610
23.507
28.301
29.141
61.987
64.491
30.172
40.004
53.223
58.600
39.346
38.851
50.257
72.028
50.711
54.878
46.935
55.590
48.239
43.642
40.841
32.840
32.367
69.359
53.469
56.455
40.766
49.591
30.325
54.941
32.471
35.950
1.000
1.000
1.000
1.000
1.000
1.000
1.000
1.000
1.000
1.000
1.000
1.000
1.000
1.000
1.000
1.000
1.000
1.000
1.000
1.000
1.000
1.000
1.000
1.000
1.000
1.000
1.000
1.000
1.000
1.000
1.000
1.000
1.000
1.000
1.000
1.000
1.000
1.000
1.000
1.000
1.000
23.851
31.117
22.367
22.511
28.504
31.492
55.976
56.481
50.559
53.567
41.812
39.246
46.313
67.952
50.664
54.250
44.279
54.765
43.772
52.167
46.430
32.539
39.147
97.904
53.174
52.276
48.540
50.026
34.229
48.663
1.000
1.000
1.000
1.000
1.000
1.000
1.000
1.000
1.000
1.000
1.000
1.000
1.000
1.000
1.000
1.000
1.000
1.000
1.000
1.000
1.000
1.000
1.000
1.000
1.000
1.000
1.000
1.000
1.000
1.000
1.000
1.000
1.000
1.000
1.000
1.000
1.000
1.000
1.000
1.000
1.000
1.000
1.000
1.000
55.693
1.000
63.841
1.000
1.000
1.000
1.000
68.533
1.000
1.000
1.000
1.000
1.000
1.000
1.000
1.000
1.000
1.000
1.000
1.000
1.000
1.000
1.000
1.000
1.000
1.000
1.000
1.000
1.000
1.000
1.000
1.000
1.000
1.000
29.621
29.201
50.921
53.469
52.457
63.915
45.352
51.168
56.429
1.000
1.000
1.000
1.000
1.000
1.000
1.000
1.000
1.000
1.000
1.000
1.000
1.000
1.000
1.000
1.000
1.000
1.000
1.000
1.000
1.000
1.000
1.000
1.000
21.306
43.281
40.151
50.350
56.872
45.009
58.979
58.371
1.000
1.000
1.000
1.000
1.000
1.000
1.000
1.000
1.000
1.000
1.000
1.000
1.000
1.000
1.000
1.000
1.000
1.000
1.000
1.000
1.000
1.000
1.000
1.000
1.000
1.000
1.000
23.286
39.884
31.674
35.473
30.563
29.696
37.601
35.760
40.392
43.003
42.756
43.934
53.469
41.276
44.844
41.210
49.831
51.298
52.264
65.599
65.675
63.900
1.000
1.000
1.000
1.000
1.000
1.000
1.000
1.000
1.000
1.000
1.000
1.000
1.000
1.000
1.000
1.000
1.000
1.000
1.000
1.000
1.000
1.000
1.000
1.000
1.000
1.000
1.000
1.000
1.000
1.000
1.000
1.000
1.000
1.000
17.898
19.191
32.307
38.089
31.989
33.877
56.925
45.457
46.559
49.854
41.649
45.217
59.896
49.820
42.511
48.551
60.117
49.682
56.403
61.150
71.713
49.488
46.634
69.088
53.309
60.090
39.600
1.000
1.000
1.000
1.000
1.000
1.000
1.000
1.000
1.000
1.000
1.000
1.000
1.000
1.000
1.000
1.000
1.000
1.000
1.000
1.000
1.000
1.000
1.000
1.000
1.000
1.000
1.000
1.000
1.000
1.000
1.000
1.000
1.000
1.000
1.000
1.000
1.000
38.654
26.412
18.281
54.088
29.607
30.882
24.121
37.688
40.124
24.553
19.297
60.856
59.690
32.749
30.019
49.351
32.802
38.045
71.532
56.040
39.337
46.484
49.739
48.328
44.402
45.311
28.721
36.108
55.297
53.839
51.004
55.437
66.435
60.117
60.298
46.249
55.412
74.731
81.884
1.000
1.000
1.000
1.000
1.000
1.000
1.000
1.000
1.000
1.000
1.000
1.000
1.000
1.000
1.000
1.000
1.000
1.000
1.000
1.000
1.000
1.000
1.000
1.000
1.000
1.000
1.000
1.000
1.000
1.000
1.000
1.000
1.000
1.000
1.000
1.000
1.000
1.000
1.000
1.000
1.000
1.000
1.000
1.000
1.000
1.000
1.000
1.000
1.000
1.000
1.000
1.000
1.000
1.000
1.000
1.000
1.000
1.000
1.000
1.000
1.000
1.000
1.000
1.000
1.000
1.000
1.000
1.000
1.000
1.000
1.000
1.000
1.000
59.020
54.613
67.066
66.543
63.621
73.063
79.214
60.034
67.795
47.033
59.388
1.000
1.000
1.000
1.000
1.000
1.000
1.000
1.000
1.000
1.000
1.000
16.592
17.179
21.242
22.269
33.869
45.206
35.588
37.888
57.478
58.184
60.786
53.592
56.925
37.662
46.441
58.573
49.751
40.560
37.975
65.073
67.780
46.559
55.106
66.711
73.266
61.334
62.345
67.329
58.439
59.580
53.113
62.734
57.043
1.000
1.000
55.680
57.650
76.366
49.980
1.000
1.000
1.000
1.000
1.000
1.000
1.000
1.000
1.000
1.000
1.000
1.000
1.000
1.000
1.000
1.000
1.000
1.000
1.000
1.000
1.000
1.000
1.000
1.000
1.000
1.000
1.000
1.000
1.000
1.000
1.000
1.000
1.000
1.000
1.000
1.000
1.000
1.000
1.000
1.000
1.000
1.000
1.000
1.000
1.000
1.000
1.000
1.000
1.000
1.000
1.000
1.000
1.000
1.000
1.000
1.000
1.000
1.000
1.000
1.000
1.000
1.000
1.000
1.000
1.000
1.000
1.000
1.000
1.000
51.086
24.094
23.823
44.289
35.851
34.483
39.464
47.315
46.537
41.764
58.371
59.129
50.443
49.797
27.321
27.315
32.322
33.643
54.689
71.400
59.252
61.916
65.963
48.820
55.157
50.478
60.688
52.216
57.983
55.911
1.000
1.000
1.000
1.000
1.000
1.000
1.000
1.000
1.000
1.000
1.000
1.000
1.000
1.000
1.000
1.000
1.000
1.000
1.000
1.000
1.000
1.000
1.000
1.000
1.000
1.000
1.000
1.000
1.000
1.000
1.000
1.000
1.000
1.000
1.000
1.000
1.000
1.000
1.000
1.000
1.000
1.000
1.000
1.000
1.000
1.000
1.000
1.000
1.000
1.000
1.000
1.000
1.000
1.000
1.000
1.000
1.000
1.000
1.000
1.000
1.000
1.000
1.000
1.000
1.000
23.388
25.386
46.206
66.543
73.587
1.000
1.000
1.000
1.000
1.000
1.000
1.000
1.000
1.000
1.000
1.000
1.000
1.000
1.000
1.000
1.000
1.000
1.000
1.000
1.000
23.340
34.962
32.337
28.262
26.182
26.092
24.182
28.622
28.399
30.068
29.587
33.007
23.329
31.124
30.690
30.733
38.495
56.951
45.290
64.358
48.350
55.924
40.823
44.432
55.654
41.937
46.313
61.660
51.570
55.821
54.138
63.081
47.501
34.324
1.000
1.000
1.000
1.000
1.000
1.000
1.000
1.000
1.000
1.000
1.000
1.000
1.000
1.000
1.000
1.000
1.000
1.000
1.000
1.000
1.000
1.000
1.000
1.000
1.000
1.000
1.000
1.000
1.000
1.000
1.000
1.000
1.000
1.000
1.000
1.000
1.000
1.000
1.000
1.000
1.000
1.000
1.000
24.361
22.930
51.713
30.853
33.799
34.570
71.779
92.747
90.949
49.900
63.168
1.000
1.000
1.000
1.000
1.000
1.000
1.000
1.000
1.000
1.000
1.000
1.000
1.000
1.000
1.000
1.000
1.000
1.000
1.000
1.000
1.000
1.000
1.000
1.000
1.000
1.000
1.000
1.000
1.000
1.000
1.000
1.000
1.000
1.000
1.000
1.000
1.000
28.048
29.262
44.086
50.874
59.293
58.546
62.488
68.360
50.408
59.470
1.000
1.000
1.000
1.000
1.000
1.000
1.000
1.000
1.000
1.000
61.150
52.808
56.494
66.344
1.000
92.619
1.000
1.000
1.000
1.000
1.000
1.000
1.000
1.000
1.000
1.000
1.000
41.716
53.592
39.246
48.239
93.454
96.895
77.839
85.704
1.000
1.000
1.000
1.000
1.000
1.000
1.000
1.000
1.000
1.000
18.915
30.493
19.418
22.398
21.077
33.090
17.406
20.026
26.448
26.909
23.616
20.502
20.778
23.703
23.862
45.814
48.551
42.238
38.922
76.736
30.367
40.626
38.548
54.275
60.996
70.194
45.835
49.659
64.136
74.199
57.863
47.391
50.061
29.485
35.711
80.242
80.947
38.708
38.495
64.551
71.138
1.000
1.000
45.154
48.495
1.000
1.000
1.000
1.000
1.000
1.000
1.000
1.000
1.000
1.000
1.000
1.000
1.000
1.000
1.000
1.000
1.000
1.000
1.000
1.000
1.000
1.000
1.000
1.000
1.000
1.000
1.000
1.000
1.000
1.000
1.000
1.000
1.000
1.000
1.000
1.000
1.000
1.000
1.000
1.000
1.000
1.000
1.000
1.000
1.000
1.000
1.000
1.000
1.000
1.000
1.000
1.000
1.000
1.000
1.000
1.000
1.000
1.000
1.000
1.000
1.000
1.000
1.000
1.000
1.000
1.000
1.000
1.000
1.000
1.000
1.000
1.000
1.000
1.000
1.000
1.000
63.241
69.422
1.000
1.000
1.000
22.678
39.802
60.968
64.195
29.431
31.710
28.399
38.230
63.885
38.459
61.560
77.357
68.046
58.898
54.903
63.038
64.923
77.947
76.895
69.663
75.770
72.778
74.525
87.096
92.172
67.967
69.359
68.707
67.468
89.166
95.808
78.650
78.578
60.982
70.194
78.181
1.000
1.000
1.000
1.000
1.000
1.000
1.000
1.000
1.000
1.000
1.000
1.000
1.000
1.000
1.000
1.000
1.000
1.000
1.000
1.000
1.000
1.000
1.000
1.000
1.000
1.000
1.000
1.000
1.000
1.000
1.000
1.000
1.000
1.000
1.000
1.000
1.000
1.000
1.000
1.000
1.000
1.000
1.000
1.000
1.000
1.000
1.000
1.000
1.000
1.000
1.000
1.000
1.000
1.000
1.000
32.516
21.989
21.908
25.704
21.968
22.223
44.147
70.892
71.846
65.584
76.225
82.851
78.487
83.407
85.803
69.888
68.517
60.451
62.762
1.000
1.000
64.018
62.661
1.000
1.000
1.000
1.000
1.000
1.000
1.000
1.000
1.000
1.000
1.000
1.000
1.000
1.000
1.000
1.000
1.000
1.000
1.000
1.000
1.000
1.000
1.000
1.000
1.000
1.000
1.000
1.000
1.000
1.000
1.000
1.000
1.000
1.000
1.000
1.000
1.000
1.000
1.000
1.000
1.000
1.000
1.000
38.788
26.146
22.004
39.573
36.000
53.530
59.635
39.138
20.816
43.142
38.124
27.593
21.642
33.144
73.047
75.544
77.732
17.298
43.471
44.494
20.077
26.339
29.020
30.853
29.282
77.232
71.664
53.604
61.617
27.315
63.212
69.711
75.980
75.059
61.179
92.619
65.842
71.862
71.154
72.377
87.076
83.004
71.945
72.161
81.884
65.388
84.625
92.024
71.236
75.893
74.559
78.163
69.470
64.447
48.978
45.941
56.754
49.659
57.690
64.387
87.660
69.759
41.850
41.267
91.643
77.929
100.740
99.243
76.630
86.119
79.891
77.126
69.199
72.862
1.000
1.000
1.000
1.000
1.000
1.000
1.000
1.000
1.000
1.000
1.000
1.000
1.000
1.000
1.000
1.000
1.000
1.000
1.000
1.000
1.000
1.000
1.000
1.000
1.000
1.000
1.000
1.000
1.000
1.000
1.000
1.000
1.000
1.000
1.000
1.000
1.000
1.000
1.000
1.000
1.000
19.724
21.145
20.240
23.233
25.763
26.152
26.170
29.127
52.012
53.654
36.425
28.497
52.216
39.701
37.575
43.331
25.183
26.891
26.176
25.734
68.140
53.716
38.362
32.055
32.878
46.709
49.751
38.424
45.279
49.046
53.617
54.150
58.210
49.602
60.464
61.179
70.129
61.150
65.569
80.427
100.462
76.718
76.120
76.190
63.592
75.788
86.696
64.254
67.344
65.464
68.187
81.171
79.506
77.055
84.762
67.282
62.445
54.313
59.143
72.111
57.903
58.857
61.165
75.457
75.370
53.567
56.833
77.804
63.198
65.599
82.966
73.367
85.212
85.310
78.181
76.313
1.000
1.000
1.000
1.000
1.000
1.000
1.000
1.000
1.000
1.000
1.000
1.000
1.000
1.000
1.000
1.000
1.000
1.000
1.000
1.000
1.000
1.000
1.000
1.000
1.000
1.000
1.000
1.000
1.000
1.000
1.000
28.242
27.441
44.218
43.672
51.145
60.730
54.375
67.983
1.000
1.000
1.000
1.000
1.000
1.000
1.000
1.000
1.000
1.000
1.000
1.000
1.000
1.000
1.000
1.000
1.000
1.000
1.000
1.000
1.000
1.000
53.260
50.757
72.078
72.011
67.842
86.318
82.699
81.302
42.924
71.007
66.742
66.283
70.502
73.824
75.875
1.000
1.000
1.000
1.000
1.000
1.000
1.000
1.000
1.000
1.000
1.000
80.965
80.168
1.000
1.000
48.029
58.722
82.073
80.593
67.127
69.359
74.834
77.268
1.000
1.000
1.000
1.000
1.000
1.000
1.000
1.000
1.000
1.000
1.000
1.000
1.000
20.417
70.421
65.313
64.106
94.450
93.325
1.000
1.000
1.000
1.000
1.000
1.000
1.000
1.000
1.000
1.000
1.000
1.000
24.963
20.483
34.072
26.687
28.281
28.953
25.858
27.996
28.622
30.747
21.468
40.879
23.367
28.177
43.985
51.239
26.014
27.990
55.808
62.230
21.827
28.602
34.730
28.236
40.476
47.359
50.945
53.617
40.114
45.279
41.822
47.228
73.790
81.865
28.229
49.046
27.466
31.175
30.718
64.018
52.360
59.979
39.866
41.850
51.464
55.552
59.429
59.827
1.000
1.000
1.000
1.000
1.000
1.000
1.000
1.000
1.000
1.000
1.000
1.000
1.000
1.000
1.000
1.000
1.000
1.000
1.000
1.000
1.000
1.000
1.000
1.000
1.000
1.000
1.000
1.000
1.000
1.000
1.000
1.000
1.000
1.000
1.000
1.000
1.000
1.000
1.000
1.000
1.000
1.000
1.000
1.000
1.000
1.000
1.000
1.000
1.000
1.000
1.000
1.000
1.000
1.000
1.000
1.000
1.000
1.000
1.000
1.000
1.000
1.000
1.000
1.000
1.000
1.000
34.858
34.127
35.172
28.596
26.074
29.242
50.711
24.238
28.061
25.334
24.740
31.196
32.847
71.548
31.974
42.472
34.810
51.844
55.005
74.148
55.860
62.777
49.204
50.501
53.309
44.412
43.222
43.261
45.973
68.375
73.756
51.725
54.125
59.594
61.830
75.370
73.773
71.697
72.061
68.061
59.293
58.492
60.395
47.555
53.543
1.000
1.000
1.000
1.000
1.000
1.000
1.000
1.000
1.000
1.000
1.000
1.000
1.000
1.000
1.000
1.000
1.000
1.000
1.000
1.000
1.000
1.000
1.000
1.000
1.000
1.000
1.000
1.000
1.000
1.000
1.000
1.000
1.000
1.000
1.000
1.000
1.000
1.000
1.000
1.000
1.000
1.000
1.000
1.000
1.000
1.000
1.000
1.000
1.000
1.000
1.000
1.000
1.000
1.000
1.000
1.000
1.000
1.000
1.000
1.000
1.000
1.000
1.000
1.000
1.000
1.000
1.000
1.000
1.000
1.000
1.000
59.649
53.963
39.039
42.687
1.000
1.000
1.000
1.000
1.000
1.000
1.000
1.000
1.000
1.000
1.000
1.000
1.000
1.000
31.010
78.941
78.109
88.961
82.775
1.000
1.000
1.000
1.000
1.000
1.000
1.000
1.000
1.000
1.000
1.000
1.000
1.000
1.000
1.000
1.000
1.000
27.089
22.720
73.706
78.941
59.402
60.799
64.210
59.979
52.167
55.081
1.000
1.000
1.000
1.000
1.000
1.000
1.000
1.000
1.000
1.000
1.000
1.000
1.000
1.000
1.000
1.000
1.000
1.000
1.000
21.548
47.468
49.057
44.771
46.741
61.122
76.736
1.000
1.000
1.000
1.000
1.000
1.000
1.000
1.000
1.000
1.000
1.000
1.000
1.000
1.000
1.000
1.000
1.000
1.000
69.454
1.000
1.000
1.000
1.000
1.000
1.000
1.000
1.000
1.000
1.000
1.000
1.000
1.000
1.000
78.109
1.000
1.000
1.000
1.000
1.000
1.000
1.000
1.000
1.000
1.000
1.000
1.000
1.000
1.000
22.777
17.014
49.125
54.425
45.825
48.384
41.812
41.467
53.199
52.408
1.000
1.000
1.000
1.000
1.000
1.000
1.000
1.000
1.000
1.000
1.000
1.000
1.000
1.000
1.000
1.000
1.000
1.000
1.000
1.000
1.000
1.000
1.000
1.000
67.515
1.000
1.000
1.000
1.000
1.000
1.000
1.000
1.000
1.000
1.000
1.000
1.000
1.000
1.000
1.000
1.000
1.000
1.000
1.000
1.000
81.003
1.000
1.000
1.000
1.000
1.000
1.000
1.000
1.000
1.000
1.000
1.000
1.000
1.000
1.000
1.000
1.000
1.000
1.000
1.000
19.925
26.558
23.243
39.255
44.116
42.875
50.050
34.978
34.826
53.939
1.000
1.000
1.000
1.000
1.000
1.000
1.000
1.000
1.000
1.000
1.000
1.000
1.000
1.000
1.000
1.000
1.000
1.000
1.000
1.000
1.000
1.000
1.000
48.630
45.071
1.000
1.000
1.000
1.000
1.000
1.000
1.000
1.000
1.000
1.000
1.000
1.000
1.000
16.699
33.251
32.629
40.420
46.644
50.524
50.003
39.912
46.206
1.000
1.000
1.000
1.000
1.000
1.000
1.000
1.000
1.000
1.000
1.000
1.000
1.000
1.000
1.000
1.000
1.000
1.000
1.000
1.000
1.000
25.734
23.201
28.602
30.882
43.803
51.487
51.180
55.208
49.682
1.000
1.000
1.000
1.000
1.000
1.000
1.000
1.000
1.000
1.000
1.000
1.000
1.000
1.000
1.000
1.000
1.000
1.000
1.000
56.118
53.040
87.720
65.298
59.279
1.000
1.000
1.000
1.000
1.000
1.000
1.000
1.000
1.000
1.000
1.000
1.000
1.000
1.000
1.000
1.000
1.000
1.000
33.605
73.587
61.461
84.879
92.832
80.705
77.002
77.660
72.678
1.000
1.000
1.000
1.000
1.000
1.000
1.000
1.000
1.000
1.000
1.000
1.000
1.000
1.000
1.000
1.000
1.000
1.000
1.000
1.000
1.000
1.000
25.823
25.657
37.316
50.968
27.523
28.642
69.231
77.286
76.630
57.227
60.187
79.873
75.093
71.483
1.000
1.000
1.000
1.000
1.000
1.000
1.000
1.000
1.000
1.000
1.000
1.000
1.000
1.000
1.000
1.000
1.000
1.000
1.000
1.000
1.000
1.000
1.000
1.000
1.000
1.000
1.000
1.000
1.000
1.000
1.000
1.000
1.000
1.000
47.940
51.689
58.117
70.243
68.992
61.901
1.000
1.000
1.000
1.000
1.000
1.000
1.000
1.000
1.000
1.000
1.000
1.000
1.000
1.000
1.000
1.000
1.000
1.000
1.000
1.000
20.960
32.471
27.784
1.000
1.000
1.000
1.000
1.000
1.000
1.000
1.000
1.000
1.000
1.000
1.000
1.000
1.000
1.000
1.000
1.000
1.000
1.000
1.000
1.000
44.730
52.772
1.000
1.000
1.000
1.000
1.000
1.000
1.000
1.000
1.000
1.000
1.000
1.000
1.000
1.000
1.000
1.000
1.000
1.000
1.000
1.000
1.000
1.000
1.000
1.000
1.000
1.000
1.000
1.000
1.000
1.000
1.000
1.000
1.000
1.000
17.159
17.644
25.287
32.938
20.277
20.188
30.437
21.572
22.777
26.687
22.882
20.845
26.687
30.669
36.694
40.151
41.257
67.999
37.368
44.596
49.774
40.560
43.853
30.924
32.976
23.752
27.772
26.718
45.352
56.273
48.239
60.381
24.649
33.167
53.174
66.206
60.660
69.295
1.000
1.000
1.000
1.000
1.000
1.000
1.000
1.000
1.000
1.000
1.000
1.000
1.000
1.000
1.000
1.000
1.000
1.000
1.000
1.000
1.000
1.000
1.000
1.000
1.000
1.000
1.000
1.000
1.000
1.000
1.000
1.000
1.000
1.000
1.000
1.000
1.000
1.000
1.000
1.000
1.000
1.000
1.000
1.000
1.000
1.000
1.000
1.000
1.000
1.000
1.000
1.000
1.000
1.000
1.000
1.000
1.000
1.000
1.000
1.000
1.000
28.138
33.814
54.765
26.681
36.224
36.686
37.463
44.792
34.562
45.248
62.936
36.889
48.195
54.689
61.334
51.808
51.654
51.904
42.141
53.852
1.000
1.000
1.000
1.000
1.000
1.000
1.000
1.000
1.000
1.000
1.000
1.000
29.594
30.754
32.033
37.205
49.102
49.306
54.150
1.000
1.000
1.000
1.000
1.000
1.000
1.000
1.000
1.000
1.000
1.000
1.000
1.000
1.000
1.000
1.000
1.000
1.000
1.000
57.930
23.676
26.835
25.316
24.615
32.681
31.167
29.316
34.995
25.562
25.545
31.239
30.088
63.154
66.973
67.081
68.770
42.776
47.698
51.133
61.518
43.974
54.513
53.235
57.253
40.823
49.534
56.637
52.095
55.106
51.393
62.230
68.046
55.629
72.996
51.976
48.073
54.163
63.009
79.910
88.920
60.173
74.439
53.988
60.856
51.027
70.502
75.788
37.359
62.402
57.240
56.898
72.879
76.401
47.239
1.000
1.000
1.000
1.000
1.000
1.000
1.000
1.000
1.000
1.000
1.000
1.000
1.000
1.000
1.000
1.000
1.000
1.000
1.000
1.000
1.000
1.000
1.000
1.000
1.000
1.000
1.000
1.000
1.000
1.000
1.000
1.000
1.000
1.000
1.000
1.000
1.000
1.000
49.408
53.003
57.346
55.911
1.000
1.000
1.000
1.000
1.000
1.000
1.000
1.000
1.000
1.000
1.000
1.000
1.000
1.000
1.000
1.000
1.000
1.000
1.000
1.000
1.000
1.000
1.000
1.000
1.000
1.000
1.000
20.063
32.719
35.180
30.095
30.563
37.042
46.227
46.270
56.468
32.923
38.150
54.463
60.982
54.689
38.054
60.325
50.641
54.125
1.000
1.000
1.000
1.000
1.000
1.000
1.000
1.000
1.000
1.000
1.000
1.000
1.000
1.000
1.000
1.000
1.000
1.000
1.000
1.000
1.000
1.000
1.000
1.000
1.000
1.000
1.000
1.000
1.000
1.000
1.000
1.000
1.000
1.000
1.000
1.000
1.000
1.000
1.000
1.000
1.000
49.238
22.930
28.320
26.540
41.735
43.501
52.288
65.887
40.458
47.940
39.409
45.941
1.000
1.000
1.000
1.000
1.000
1.000
1.000
1.000
1.000
1.000
1.000
1.000
1.000
1.000
1.000
1.000
1.000
1.000
1.000
1.000
1.000
1.000
1.000
1.000
1.000
59.320
59.965
44.999
46.473
64.968
58.184
42.462
1.000
1.000
1.000
1.000
1.000
1.000
1.000
1.000
1.000
1.000
1.000
1.000
1.000
1.000
1.000
1.000
1.000
1.000
1.000
52.505
50.722
47.217
55.271
59.690
62.316
74.920
62.849
72.177
71.647
68.077
1.000
1.000
1.000
1.000
1.000
1.000
1.000
1.000
1.000
1.000
1.000
1.000
1.000
1.000
1.000
1.000
1.000
1.000
1.000
1.000
1.000
1.000
1.000
1.000
1.000
1.000
55.616
65.343
64.506
1.000
1.000
1.000
1.000
1.000
1.000
1.000
1.000
1.000
1.000
1.000
1.000
1.000
1.000
1.000
1.000
64.372
67.531
70.664
90.427
1.000
1.000
1.000
1.000
1.000
1.000
1.000
1.000
1.000
1.000
1.000
17.931
21.533
36.881
24.757
29.027
47.610
32.352
35.310
37.836
34.395
45.321
51.393
46.623
38.976
62.173
61.802
86.338
87.016
76.472
89.146
86.656
77.019
72.210
74.817
74.268
73.350
75.041
63.959
77.250
80.910
74.920
70.275
79.616
80.556
95.587
79.947
98.265
93.218
66.696
71.515
66.222
73.621
72.661
72.044
58.237
75.128
88.227
86.776
71.302
70.648
69.327
67.422
56.676
73.401
78.596
81.790
53.678
64.358
80.835
76.736
75.648
74.696
1.000
1.000
1.000
1.000
1.000
1.000
1.000
1.000
1.000
1.000
1.000
1.000
1.000
1.000
1.000
1.000
1.000
1.000
1.000
1.000
1.000
1.000
1.000
1.000
1.000
1.000
1.000
1.000
1.000
1.000
1.000
1.000
1.000
1.000
1.000
1.000
1.000
1.000
1.000
1.000
1.000
20.845
23.681
25.799
16.527
23.041
22.940
43.742
29.539
26.134
25.340
28.353
32.931
29.621
29.094
32.674
26.092
29.696
23.845
28.145
29.943
37.497
52.626
35.051
36.025
22.667
23.335
30.367
26.309
32.181
40.087
48.206
56.169
57.319
45.804
53.641
61.787
46.903
51.039
37.592
48.339
34.356
52.602
43.672
52.918
58.063
54.288
42.131
43.361
59.279
39.174
48.239
76.948
75.701
54.400
1.000
59.484
62.359
34.190
60.828
67.608
1.000
1.000
1.000
1.000
1.000
1.000
1.000
1.000
1.000
1.000
1.000
1.000
1.000
1.000
1.000
1.000
1.000
1.000
1.000
1.000
1.000
1.000
1.000
1.000
1.000
1.000
1.000
1.000
1.000
1.000
1.000
1.000
1.000
1.000
1.000
1.000
1.000
1.000
1.000
1.000
1.000
1.000
1.000
1.000
1.000
1.000
1.000
1.000
1.000
1.000
1.000
1.000
1.000
1.000
1.000
1.000
1.000
1.000
1.000
1.000
1.000
1.000
1.000
1.000
1.000
1.000
1.000
1.000
1.000
1.000
1.000
1.000
1.000
1.000
1.000
1.000
1.000
1.000
1.000
1.000
1.000
1.000
1.000
1.000
1.000
1.000
21.389
1.000
1.000
1.000
1.000
1.000
1.000
1.000
1.000
1.000
1.000
1.000
51.737
1.000
1.000
1.000
1.000
1.000
1.000
1.000
1.000
1.000
49.340
45.009
1.000
1.000
1.000
1.000
1.000
1.000
1.000
1.000
1.000
1.000
1.000
1.000
1.000
1.000
1.000
1.000
1.000
1.000
1.000
29.868
1.000
1.000
1.000
1.000
1.000
1.000
1.000
1.000
1.000
1.000
1.000
1.000
1.000
1.000
1.000
1.000
1.000
1.000
1.000
39.437
38.142
51.487
51.263
1.000
1.000
1.000
1.000
1.000
1.000
1.000
1.000
1.000
1.000
1.000
1.000
1.000
1.000
1.000
1.000
1.000
1.000
1.000
27.202
26.687
26.835
26.188
50.606
40.253
77.929
46.473
47.065
44.310
47.022
1.000
1.000
1.000
1.000
1.000
1.000
1.000
1.000
1.000
1.000
1.000
1.000
1.000
1.000
1.000
1.000
1.000
1.000
1.000
1.000
1.000
1.000
1.000
1.000
1.000
1.000
1.000
1.000
1.000
1.000
1.000
1.000
1.000
33.067
33.581
1.000
1.000
1.000
1.000
1.000
1.000
1.000
1.000
1.000
1.000
1.000
1.000
1.000
1.000
1.000
1.000
1.000
1.000
1.000
1.000
1.000
1.000
1.000
1.000
36.058
36.099
33.900
36.341
54.250
57.796
64.565
69.534
69.247
1.000
1.000
1.000
1.000
1.000
1.000
1.000
1.000
1.000
1.000
1.000
1.000
1.000
1.000
1.000
1.000
1.000
1.000
1.000
1.000
1.000
1.000
1.000
1.000
1.000
1.000
1.000
1.000
1.000
1.000
1.000
1.000
1.000
1.000
1.000
1.000
24.406
30.606
40.383
45.436
39.673
42.904
63.038
35.318
32.742
32.159
29.655
31.326
1.000
1.000
1.000
1.000
1.000
1.000
1.000
1.000
1.000
1.000
1.000
1.000
1.000
1.000
1.000
1.000
1.000
1.000
1.000
1.000
1.000
1.000
1.000
1.000
1.000
1.000
1.000
1.000
1.000
1.000
1.000
1.000
1.000
1.000
1.000
1.000
1.000
1.000
1.000
1.000
1.000
1.000
1.000
1.000
1.000
22.563
31.153
29.553
27.606
41.850
37.060
35.392
61.873
30.451
63.988
64.328
39.820
88.838
26.878
50.269
49.283
28.255
31.739
56.455
50.863
47.076
62.316
52.687
27.221
40.579
50.559
49.261
73.909
36.618
38.028
38.557
70.210
93.864
43.904
47.929
84.606
70.615
66.252
64.269
21.365
86.338
78.289
37.334
37.592
73.604
76.524
69.743
72.477
87.157
83.676
66.881
78.922
52.784
56.715
68.407
81.320
56.481
46.666
55.860
56.507
74.869
78.487
66.942
56.014
68.849
75.858
70.210
91.327
91.770
64.491
80.297
82.243
58.023
63.650
98.130
51.701
47.555
68.929
76.173
75.840
81.771
82.718
49.934
48.507
86.338
89.043
1.000
77.643
1.000
1.000
1.000
99.770
98.673
1.000
1.000
1.000
1.000
1.000
94.297
97.342
1.000
1.000
1.000
1.000
1.000
1.000
1.000
1.000
1.000
1.000
1.000
1.000
1.000
1.000
1.000
1.000
1.000
1.000
1.000
1.000
1.000
1.000
1.000
1.000
1.000
1.000
1.000
1.000
1.000
1.000
1.000
1.000
1.000
1.000
1.000
1.000
1.000
1.000
1.000
1.000
1.000
1.000
1.000
1.000
1.000
1.000
1.000
1.000
1.000
1.000
1.000
1.000
1.000
1.000
1.000
1.000
1.000
1.000
1.000
1.000
1.000
1.000
1.000
1.000
1.000
1.000
1.000
1.000
1.000
1.000
1.000
1.000
1.000
1.000
1.000
1.000
1.000
1.000
1.000
1.000
1.000
1.000
1.000
1.000
1.000
1.000
1.000
1.000
1.000
1.000
1.000
1.000
1.000
1.000
1.000
1.000
1.000
1.000
1.000
1.000
1.000
1.000
1.000
1.000
1.000
1.000
1.000
1.000
1.000
1.000
1.000
1.000
1.000
1.000
1.000
1.000
1.000
1.000
1.000
1.000
1.000
1.000
1.000
1.000
1.000
1.000
1.000
1.000
1.000
1.000
1.000
1.000
24.088
71.450
57.983
55.731
43.311
48.674
45.719
50.292
69.119
69.791
75.858
1.000
1.000
1.000
1.000
1.000
1.000
1.000
1.000
1.000
1.000
1.000
1.000
1.000
1.000
1.000
1.000
1.000
56.846
1.000
1.000
1.000
1.000
1.000
1.000
1.000
1.000
1.000
1.000
1.000
1.000
1.000
1.000
1.000
1.000
1.000
1.000
1.000
1.000
1.000
83.234
91.264
1.000
1.000
1.000
1.000
1.000
1.000
1.000
1.000
1.000
1.000
1.000
1.000
1.000
1.000
1.000
1.000
1.000
1.000
1.000
1.000
1.000
1.000
1.000
1.000
1.000
1.000
1.000
1.000
1.000
1.000
1.000
1.000
1.000
1.000
70.210
79.689
1.000
1.000
1.000
1.000
1.000
1.000
25.078
21.286
59.320
49.306
66.009
77.625
77.179
56.092
56.781
50.501
49.797
41.764
52.012
64.819
60.618
37.094
34.491
1.000
1.000
1.000
1.000
1.000
1.000
1.000
1.000
1.000
1.000
1.000
1.000
1.000
1.000
1.000
1.000
1.000
1.000
1.000
1.000
1.000
1.000
1.000
1.000
1.000
1.000
1.000
1.000
1.000
1.000
1.000
1.000
1.000
1.000
1.000
1.000
1.000
1.000
1.000
1.000
1.000
1.000
1.000
1.000
23.578
28.035
67.686
62.116
57.624
59.676
63.592
60.395
53.877
67.842
68.929
55.963
51.015
61.859
82.281
40.870
44.802
1.000
1.000
1.000
1.000
1.000
1.000
1.000
1.000
1.000
1.000
1.000
1.000
1.000
1.000
1.000
1.000
1.000
1.000
1.000
1.000
1.000
1.000
1.000
1.000
1.000
1.000
1.000
1.000
1.000
22.999
23.372
55.654
68.628
65.313
87.519
83.734
83.272
87.842
75.266
62.618
76.033
80.094
64.819
69.040
34.166
31.572
1.000
1.000
1.000
1.000
1.000
1.000
1.000
1.000
1.000
1.000
1.000
1.000
1.000
1.000
1.000
1.000
1.000
1.000
1.000
1.000
1.000
1.000
1.000
1.000
1.000
1.000
1.000
1.000
1.000
1.000
1.000
1.000
1.000
1.000
1.000
1.000
1.000
1.000
1.000
1.000
1.000
1.000
1.000
1.000
1.000
31.732
24.485
27.492
54.929
50.524
74.131
64.136
65.736
75.840
83.888
57.637
50.350
64.759
75.963
64.091
64.224
41.812
43.621
1.000
1.000
1.000
1.000
1.000
1.000
1.000
1.000
1.000
1.000
1.000
1.000
1.000
1.000
1.000
1.000
1.000
1.000
1.000
1.000
1.000
1.000
1.000
1.000
1.000
1.000
1.000
1.000
1.000
1.000
1.000
1.000
1.000
1.000
1.000
1.000
1.000
1.000
1.000
1.000
1.000
1.000
1.000
1.000
25.545
27.861
30.867
65.433
66.344
67.298
90.657
88.512
75.683
72.310
61.787
73.080
62.589
72.477
54.138
49.193
1.000
1.000
1.000
1.000
1.000
1.000
1.000
1.000
1.000
1.000
1.000
1.000
1.000
1.000
1.000
1.000
1.000
1.000
1.000
1.000
1.000
1.000
1.000
1.000
1.000
1.000
1.000
1.000
1.000
1.000
1.000
1.000
1.000
1.000
1.000
1.000
1.000
1.000
1.000
1.000
1.000
1.000
1.000
1.000
1.000
24.300
26.406
26.632
49.992
76.701
78.109
83.888
68.470
70.113
64.714
71.335
57.148
63.445
67.952
70.713
42.934
47.918
1.000
1.000
1.000
1.000
1.000
1.000
1.000
1.000
1.000
1.000
1.000
1.000
1.000
1.000
1.000
1.000
1.000
1.000
1.000
1.000
1.000
1.000
1.000
1.000
1.000
1.000
1.000
1.000
1.000
1.000
1.000
1.000
1.000
1.000
1.000
1.000
1.000
1.000
1.000
1.000
1.000
1.000
1.000
1.000
1.000
1.000
1.000
1.000
1.000
1.000
1.000
1.000
31.203
32.114
29.730
30.690
58.681
67.174
69.167
72.694
70.000
72.377
58.654
66.115
42.786
51.725
38.646
36.258
1.000
1.000
1.000
1.000
1.000
1.000
1.000
1.000
1.000
1.000
1.000
1.000
1.000
1.000
1.000
1.000
1.000
1.000
1.000
1.000
1.000
1.000
1.000
1.000
1.000
1.000
1.000
1.000
1.000
1.000
1.000
1.000
1.000
1.000
1.000
1.000
1.000
1.000
1.000
1.000
1.000
1.000
1.000
1.000
1.000
1.000
1.000
1.000
1.000
1.000
1.000
1.000
20.821
21.444
52.529
63.650
57.293
75.318
51.487
65.630
84.918
83.888
1.000
1.000
1.000
1.000
1.000
1.000
1.000
1.000
1.000
1.000
1.000
1.000
1.000
1.000
1.000
1.000
1.000
1.000
1.000
1.000
1.000
1.000
1.000
1.000
1.000
1.000
1.000
1.000
1.000
1.000
1.000
1.000
1.000
1.000
37.740
36.241
54.375
60.367
51.737
73.232
66.313
81.621
57.438
60.076
54.150
57.770
1.000
1.000
1.000
1.000
1.000
1.000
1.000
1.000
1.000
1.000
1.000
1.000
1.000
1.000
1.000
1.000
23.889
22.851
26.767
34.730
36.627
47.261
50.687
48.062
49.625
45.962
58.776
55.424
61.973
39.310
44.617
38.309
37.653
55.297
60.576
56.676
64.476
64.032
1.000
1.000
54.150
1.000
1.000
1.000
1.000
1.000
1.000
1.000
1.000
1.000
1.000
1.000
1.000
1.000
1.000
1.000
1.000
1.000
1.000
1.000
1.000
1.000
1.000
1.000
1.000
1.000
1.000
1.000
1.000
1.000
1.000
1.000
29.309
26.122
36.543
46.345
46.537
63.592
87.096
86.616
59.007
73.909
67.205
1.000
75.788
80.427
72.694
77.714
1.000
1.000
1.000
1.000
1.000
1.000
1.000
1.000
1.000
1.000
1.000
1.000
1.000
1.000
1.000
1.000
1.000
1.000
1.000
1.000
1.000
1.000
1.000
1.000
1.000
1.000
1.000
1.000
1.000
1.000
1.000
13.204
27.695
25.751
41.610
47.239
23.383
22.872
40.973
42.944
37.308
32.931
35.662
27.887
39.102
48.719
54.878
21.247
49.283
56.429
47.119
45.061
64.849
75.561
83.753
87.943
62.922
72.728
49.023
45.709
82.471
76.595
55.783
63.241
47.676
48.484
65.539
69.040
1.000
1.000
1.000
1.000
1.000
68.786
66.069
1.000
1.000
1.000
1.000
1.000
1.000
1.000
1.000
1.000
1.000
1.000
1.000
1.000
1.000
1.000
1.000
1.000
1.000
1.000
1.000
1.000
1.000
1.000
1.000
1.000
1.000
1.000
1.000
1.000
1.000
1.000
1.000
1.000
1.000
1.000
1.000
1.000
1.000
1.000
1.000
1.000
1.000
1.000
1.000
1.000
1.000
1.000
1.000
1.000
1.000
1.000
1.000
1.000
1.000
1.000
1.000
1.000
1.000
1.000
1.000
1.000
1.000
1.000
1.000
1.000
1.000
1.000
1.000
1.000
1.000
1.000
1.000
27.848
23.878
26.272
26.218
24.871
44.392
50.130
41.276
47.863
39.728
36.762
36.957
45.331
30.179
39.783
44.761
66.665
50.176
36.442
43.883
50.443
39.847
55.616
64.047
45.677
48.373
39.719
35.043
40.542
39.655
61.532
1.000
1.000
1.000
1.000
1.000
1.000
1.000
1.000
1.000
1.000
1.000
1.000
1.000
1.000
1.000
1.000
1.000
1.000
1.000
1.000
1.000
1.000
1.000
1.000
1.000
1.000
1.000
73.706
77.822
86.417
90.407
84.606
87.862
66.881
61.603
82.737
82.985
1.000
1.000
1.000
1.000
1.000
1.000
1.000
1.000
1.000
1.000
1.000
1.000
1.000
1.000
1.000
1.000
1.000
1.000
1.000
1.000
1.000
1.000
1.000
1.000
1.000
1.000
1.000
1.000
1.000
1.000
1.000
24.643
26.940
36.686
29.107
28.438
55.603
24.980
29.343
52.759
50.711
64.372
42.423
41.687
46.068
65.948
57.030
55.119
55.719
59.416
43.122
45.962
44.514
63.665
84.801
89.640
53.777
54.765
1.000
1.000
1.000
1.000
1.000
1.000
1.000
1.000
1.000
1.000
1.000
1.000
1.000
1.000
1.000
1.000
1.000
1.000
1.000
1.000
1.000
1.000
1.000
1.000
1.000
1.000
1.000
1.000
1.000
1.000
1.000
1.000
1.000
19.476
21.086
19.788
35.768
21.928
33.136
20.059
22.331
35.465
37.610
51.880
56.754
34.938
32.961
35.686
47.348
50.315
49.283
1.000
1.000
1.000
1.000
1.000
1.000
1.000
1.000
1.000
1.000
1.000
1.000
1.000
1.000
1.000
1.000
1.000
1.000
1.000
1.000
1.000
1.000
1.000
1.000
1.000
1.000
1.000
1.000
1.000
1.000
1.000
1.000
1.000
1.000
1.000
1.000
1.000
1.000
1.000
1.000
1.000
1.000
1.000
1.000
1.000
1.000
1.000
1.000
1.000
1.000
1.000
1.000
1.000
1.000
1.000
1.000
1.000
1.000
1.000
1.000
1.000
1.000
1.000
33.884
34.459
89.372
90.928
93.025
91.285
85.664
89.722
1.000
1.000
1.000
1.000
1.000
1.000
1.000
1.000
1.000
1.000
23.878
67.983
75.648
49.351
59.074
72.560
70.291
1.000
1.000
1.000
1.000
1.000
1.000
1.000
1.000
1.000
1.000
1.000
1.000
1.000
1.000
1.000
1.000
1.000
1.000
1.000
1.000
1.000
85.035
89.228
55.412
59.170
56.520
74.456
1.000
1.000
1.000
1.000
1.000
1.000
1.000
1.000
1.000
1.000
1.000
1.000
1.000
1.000
1.000
28.602
68.580
73.672
49.397
47.819
68.486
79.543
1.000
1.000
1.000
1.000
1.000
1.000
1.000
1.000
1.000
1.000
1.000
1.000
1.000
1.000
1.000
1.000
1.000
1.000
1.000
1.000
22.325
81.658
79.469
70.162
58.358
64.254
74.628
78.469
1.000
1.000
1.000
1.000
1.000
1.000
1.000
1.000
1.000
1.000
1.000
1.000
1.000
1.000
1.000
1.000
1.000
24.638
66.742
67.081
43.712
68.549
70.081
72.929
85.546
1.000
1.000
1.000
1.000
1.000
1.000
1.000
1.000
1.000
1.000
1.000
1.000
1.000
1.000
1.000
1.000
49.877
1.000
1.000
1.000
1.000
65.193
62.661
64.908
69.631
67.967
68.171
77.161
81.320
68.960
69.566
1.000
1.000
1.000
1.000
1.000
1.000
1.000
1.000
1.000
1.000
1.000
1.000
1.000
1.000
1.000
1.000
1.000
1.000
1.000
1.000
1.000
1.000
1.000
1.000
1.000
1.000
1.000
1.000
28.807
26.026
26.669
58.925
57.359
61.038
63.460
72.427
80.131
62.965
64.610
59.841
58.966
36.737
33.320
52.348
1.000
1.000
1.000
1.000
1.000
1.000
1.000
1.000
1.000
1.000
1.000
1.000
1.000
1.000
1.000
1.000
1.000
1.000
1.000
1.000
1.000
1.000
1.000
1.000
1.000
1.000
1.000
1.000
1.000
1.000
1.000
1.000
1.000
1.000
1.000
1.000
1.000
1.000
1.000
1.000
1.000
1.000
1.000
1.000
1.000
1.000
1.000
1.000
1.000
1.000
1.000
1.000
1.000
1.000
28.820
32.270
26.315
28.177
31.254
33.838
59.320
54.325
40.050
38.247
52.228
59.883
49.694
54.916
1.000
1.000
1.000
1.000
1.000
1.000
1.000
1.000
1.000
1.000
1.000
1.000
39.737
38.779
50.548
74.542
78.163
61.916
55.526
64.863
64.893
64.210
58.506
65.073
66.589
66.543
77.965
75.544
72.611
71.978
73.080
66.161
1.000
1.000
1.000
1.000
1.000
1.000
1.000
1.000
1.000
1.000
1.000
1.000
1.000
1.000
1.000
1.000
1.000
1.000
1.000
1.000
1.000
1.000
1.000
1.000
1.000
1.000
1.000
24.877
27.523
63.900
79.232
58.911
84.411
88.328
1.000
1.000
1.000
1.000
1.000
1.000
1.000
1.000
1.000
1.000
1.000
1.000
1.000
1.000
25.113
29.971
51.785
54.051
58.600
54.250
63.067
74.955
72.510
90.469
61.489
63.636
69.871
63.915
72.979
52.578
66.466
66.757
58.898
68.140
66.206
78.632
86.040
77.002
1.000
1.000
60.954
68.155
1.000
1.000
1.000
1.000
1.000
1.000
1.000
1.000
1.000
1.000
1.000
1.000
1.000
1.000
1.000
1.000
1.000
1.000
1.000
1.000
1.000
1.000
1.000
1.000
1.000
1.000
1.000
89.289
85.625
78.777
74.182
65.208
58.197
77.965
72.494
69.791
74.251
80.556
1.000
79.451
85.882
84.081
1.000
1.000
1.000
1.000
1.000
1.000
1.000
1.000
1.000
1.000
1.000
1.000
1.000
1.000
1.000
1.000
1.000
1.000
20.216
21.478
86.397
85.330
70.697
67.827
1.000
1.000
1.000
1.000
1.000
1.000
1.000
1.000
1.000
1.000
1.000
1.000
32.004
33.489
54.250
53.469
57.003
82.851
55.157
54.828
48.195
64.328
62.532
1.000
1.000
1.000
1.000
1.000
1.000
1.000
1.000
1.000
1.000
1.000
1.000
1.000
1.000
1.000
1.000
1.000
1.000
1.000
1.000
1.000
1.000
1.000
1.000
1.000
1.000
1.000
1.000
1.000
1.000
1.000
1.000
1.000
29.060
30.465
53.248
50.629
56.286
59.129
78.650
59.279
57.610
1.000
1.000
1.000
1.000
1.000
1.000
1.000
1.000
1.000
1.000
1.000
1.000
1.000
1.000
1.000
1.000
1.000
1.000
1.000
1.000
1.000
1.000
1.000
1.000
1.000
1.000
1.000
22.248
25.924
38.583
40.870
35.736
64.878
36.149
33.636
62.345
60.772
44.895
44.137
67.004
67.780
46.569
47.490
43.122
60.786
42.993
48.306
45.973
49.091
32.825
39.847
46.559
43.501
37.662
47.174
1.000
1.000
1.000
1.000
1.000
1.000
1.000
1.000
1.000
1.000
1.000
1.000
1.000
1.000
1.000
1.000
1.000
1.000
1.000
1.000
1.000
1.000
1.000
1.000
1.000
1.000
1.000
1.000
29.655
29.444
26.062
21.478
22.315
26.212
25.386
46.057
29.689
28.774
52.930
52.772
80.910
72.410
59.498
57.876
57.876
64.998
79.616
61.603
63.768
79.031
80.965
78.741
76.683
71.912
71.170
74.216
58.573
57.069
81.040
72.494
80.854
58.277
73.249
68.360
97.208
102.070
68.014
69.279
67.035
89.640
88.920
79.983
84.938
55.911
59.814
1.000
1.000
63.314
60.492
1.000
1.000
1.000
1.000
1.000
1.000
1.000
1.000
1.000
1.000
1.000
1.000
1.000
1.000
1.000
1.000
1.000
1.000
1.000
1.000
1.000
1.000
1.000
1.000
1.000
1.000
1.000
1.000
1.000
1.000
1.000
1.000
1.000
1.000
1.000
1.000
1.000
1.000
1.000
1.000
1.000
1.000
1.000
1.000
1.000
1.000
1.000
1.000
1.000
1.000
1.000
26.412
26.188
23.567
23.578
52.264
61.390
83.023
81.979
46.784
53.003
56.156
63.782
45.363
42.717
1.000
1.000
1.000
1.000
1.000
1.000
1.000
1.000
35.392
67.842
65.933
1.000
1.000
1.000
1.000
1.000
1.000
1.000
1.000
1.000
1.000
1.000
1.000
1.000
1.000
56.898
56.195
58.790
75.249
1.000
1.000
1.000
1.000
1.000
1.000
1.000
1.000
1.000
1.000
1.000
1.000
1.000
1.000
1.000
57.890
53.827
77.482
83.927
1.000
1.000
1.000
1.000
1.000
1.000
1.000
1.000
1.000
1.000
1.000
1.000
1.000
1.000
50.898
51.440
73.689
70.388
1.000
1.000
1.000
1.000
1.000
1.000
1.000
1.000
1.000
1.000
1.000
1.000
1.000
1.000
25.651
27.765
59.649
62.230
1.000
1.000
1.000
1.000
1.000
1.000
1.000
1.000
1.000
1.000
1.000
1.000
1.000
1.000
1.000
1.000
1.000
31.463
1.000
1.000
1.000
1.000
1.000
1.000
1.000
1.000
1.000
1.000
1.000
1.000
1.000
1.000
1.000
1.000
58.506
54.967
1.000
1.000
1.000
1.000
1.000
1.000
1.000
1.000
1.000
1.000
1.000
1.000
1.000
38.433
34.451
32.181
28.655
25.223
29.154
30.130
30.290
33.760
26.866
32.092
27.900
26.230
27.504
38.699
42.707
55.898
49.923
63.256
53.260
58.925
48.730
46.698
50.107
40.983
44.035
61.122
59.361
57.677
45.009
62.201
61.404
41.381
53.815
51.606
1.000
1.000
1.000
1.000
1.000
1.000
1.000
1.000
1.000
1.000
1.000
1.000
1.000
1.000
1.000
1.000
1.000
1.000
1.000
1.000
1.000
1.000
1.000
1.000
1.000
1.000
1.000
1.000
1.000
1.000
1.000
1.000
1.000
1.000
1.000
1.000
1.000
1.000
1.000
1.000
1.000
1.000
37.111
21.140
30.179
30.061
29.916
24.536
26.595
22.977
43.092
63.402
32.742
31.528
46.741
52.264
40.346
23.779
43.351
44.279
30.213
45.488
45.878
48.831
52.845
38.896
47.775
36.484
37.136
40.383
59.717
62.690
49.408
56.741
61.560
41.333
58.506
71.187
58.103
1.000
1.000
1.000
1.000
1.000
1.000
1.000
1.000
1.000
1.000
1.000
1.000
1.000
1.000
1.000
1.000
1.000
1.000
1.000
1.000
1.000
1.000
1.000
1.000
1.000
1.000
1.000
1.000
1.000
1.000
1.000
1.000
1.000
1.000
1.000
1.000
1.000
1.000
1.000
1.000
1.000
1.000
1.000
1.000
1.000
1.000
1.000
1.000
1.000
1.000
1.000
1.000
1.000
1.000
1.000
1.000
1.000
24.110
24.547
22.803
22.972
20.179
23.115
23.703
22.851
28.827
25.745
25.142
32.999
25.615
42.756
33.752
36.033
33.861
30.996
34.946
22.075
42.345
35.917
31.565
34.237
31.160
33.900
50.898
57.810
29.573
35.760
44.535
52.674
52.228
50.722
39.555
51.440
27.964
47.065
50.269
35.294
41.966
1.000
1.000
1.000
1.000
1.000
1.000
1.000
1.000
1.000
1.000
1.000
1.000
1.000
1.000
1.000
1.000
1.000
1.000
1.000
1.000
1.000
1.000
1.000
1.000
1.000
1.000
1.000
1.000
1.000
1.000
1.000
1.000
1.000
1.000
1.000
1.000
1.000
1.000
1.000
1.000
1.000
1.000
1.000
1.000
1.000
1.000
1.000
1.000
1.000
1.000
1.000
1.000
1.000
1.000
1.000
1.000
1.000
1.000
1.000
1.000
1.000
1.000
30.832
34.340
39.610
37.879
59.855
69.759
60.021
66.497
61.830
62.517
1.000
1.000
1.000
1.000
1.000
1.000
1.000
1.000
1.000
1.000
34.182
36.966
46.827
57.903
57.095
62.705
75.041
75.405
59.649
54.903
1.000
1.000
1.000
1.000
1.000
1.000
1.000
1.000
1.000
1.000
32.855
32.063
31.871
36.501
58.331
66.145
62.546
70.323
64.804
64.849
1.000
1.000
1.000
1.000
1.000
1.000
1.000
1.000
1.000
1.000
18.518
18.823
46.100
42.815
65.675
68.913
48.195
55.386
1.000
1.000
1.000
1.000
1.000
1.000
1.000
1.000
1.000
1.000
1.000
1.000
1.000
1.000
1.000
1.000
1.000
1.000
1.000
1.000
1.000
1.000
17.426
26.400
68.250
64.983
53.988
53.456
57.876
34.826
32.412
31.630
74.370
80.965
56.859
58.358
59.252
86.796
69.647
75.318
58.911
64.447
73.790
83.349
70.534
73.131
71.236
73.655
1.000
1.000
1.000
1.000
1.000
1.000
1.000
1.000
1.000
1.000
1.000
1.000
1.000
1.000
1.000
1.000
1.000
1.000
1.000
1.000
1.000
1.000
1.000
1.000
1.000
1.000
1.000
1.000
1.000
1.000
1.000
1.000
1.000
1.000
1.000
1.000
1.000
1.000
1.000
1.000
1.000
1.000
1.000
1.000
1.000
1.000
1.000
1.000
63.270
54.891
59.553
73.706
63.343
75.561
1.000
1.000
1.000
1.000
1.000
1.000
1.000
1.000
1.000
1.000
1.000
1.000
1.000
1.000
1.000
1.000
52.180
54.765
1.000
1.000
1.000
1.000
1.000
1.000
1.000
1.000
1.000
1.000
1.000
1.000
1.000
1.000
1.000
1.000
1.000
1.000
1.000
1.000
1.000
1.000
1.000
1.000
1.000
1.000
1.000
1.000
1.000
1.000
1.000
1.000
45.082
42.766
67.967
1.000
1.000
1.000
1.000
1.000
1.000
1.000
1.000
1.000
1.000
1.000
1.000
1.000
1.000
54.325
49.091
48.161
54.488
60.090
70.000
1.000
1.000
1.000
1.000
1.000
1.000
1.000
1.000
1.000
1.000
1.000
1.000
1.000
1.000
1.000
1.000
31.696
34.483
62.532
71.105
74.063
76.507
1.000
1.000
1.000
1.000
1.000
1.000
1.000
1.000
1.000
1.000
1.000
1.000
1.000
1.000
1.000
1.000
43.511
39.364
67.484
69.566
77.482
85.075
1.000
1.000
1.000
1.000
1.000
1.000
1.000
1.000
1.000
1.000
1.000
1.000
1.000
1.000
1.000
1.000
33.297
32.704
50.107
57.610
76.560
80.390
1.000
1.000
1.000
1.000
1.000
1.000
1.000
1.000
1.000
1.000
38.690
38.001
52.991
67.143
60.228
62.158
1.000
1.000
1.000
1.000
1.000
1.000
1.000
1.000
1.000
1.000
1.000
1.000
1.000
1.000
1.000
1.000
34.245
1.000
1.000
1.000
1.000
1.000
1.000
1.000
1.000
1.000
1.000
1.000
1.000
1.000
1.000
46.111
61.122
1.000
1.000
1.000
1.000
1.000
1.000
1.000
1.000
1.000
1.000
1.000
1.000
89.619
85.605
1.000
1.000
1.000
1.000
1.000
1.000
1.000
1.000
1.000
1.000
22.930
26.140
34.190
40.281
29.221
27.384
31.081
27.612
29.458
38.054
52.614
32.666
36.644
48.922
48.173
52.288
53.321
52.012
37.025
46.462
81.115
42.678
48.128
62.015
55.182
67.999
68.849
62.158
48.652
46.079
60.674
60.828
72.394
82.262
70.958
67.764
57.876
61.731
68.360
45.071
52.881
59.951
48.989
52.918
49.181
53.728
52.071
58.358
84.547
61.617
55.450
50.396
1.000
1.000
1.000
1.000
1.000
1.000
1.000
1.000
1.000
1.000
1.000
1.000
1.000
1.000
1.000
1.000
1.000
1.000
1.000
1.000
1.000
1.000
1.000
1.000
1.000
1.000
1.000
1.000
1.000
1.000
1.000
1.000
1.000
1.000
1.000
1.000
1.000
1.000
1.000
1.000
1.000
1.000
1.000
1.000
1.000
1.000
1.000
1.000
1.000
1.000
1.000
1.000
1.000
1.000
1.000
1.000
1.000
1.000
1.000
1.000
31.232
30.747
35.278
35.019
36.711
41.134
62.244
40.504
37.975
43.631
54.438
55.005
70.000
89.619
54.929
51.535
63.636
68.438
55.501
53.297
50.188
1.000
1.000
1.000
1.000
1.000
1.000
1.000
1.000
1.000
1.000
1.000
1.000
1.000
1.000
1.000
1.000
1.000
1.000
1.000
1.000
1.000
1.000
1.000
1.000
1.000
1.000
1.000
1.000
1.000
1.000
1.000
1.000
1.000
1.000
1.000
1.000
1.000
1.000
1.000
1.000
1.000
1.000
1.000
1.000
1.000
1.000
1.000
1.000
1.000
1.000
1.000
1.000
31.470
31.038
43.521
40.486
47.141
51.928
51.004
56.182
37.377
37.437
45.321
53.358
61.433
86.696
43.162
50.396
72.377
71.730
47.098
49.820
41.764
1.000
1.000
1.000
1.000
1.000
1.000
1.000
1.000
1.000
1.000
1.000
1.000
1.000
1.000
1.000
1.000
1.000
1.000
1.000
1.000
1.000
1.000
1.000
1.000
1.000
1.000
1.000
1.000
1.000
1.000
1.000
1.000
1.000
1.000
1.000
1.000
1.000
1.000
1.000
1.000
1.000
1.000
1.000
1.000
1.000
1.000
1.000
1.000
1.000
1.000
25.380
27.644
15.864
17.754
20.893
23.496
22.662
24.199
19.262
21.852
26.363
25.492
19.068
19.893
17.923
22.909
26.327
28.960
40.616
42.835
36.847
26.798
25.882
48.317
53.777
45.154
46.313
24.797
67.655
68.723
24.288
25.148
63.416
66.589
47.272
51.856
74.972
54.288
57.943
46.979
50.281
38.628
49.283
71.647
60.048
65.933
58.385
62.030
73.249
58.830
87.438
89.351
53.027
63.518
54.526
54.026
49.147
56.066
74.765
73.943
60.173
68.486
58.735
60.381
63.299
42.560
53.765
48.106
53.125
47.566
70.648
66.742
66.161
65.993
72.627
71.697
77.535
75.596
46.806
51.940
1.000
1.000
1.000
1.000
1.000
1.000
1.000
1.000
1.000
1.000
1.000
1.000
1.000
1.000
1.000
1.000
1.000
1.000
1.000
1.000
1.000
1.000
1.000
1.000
1.000
1.000
1.000
1.000
1.000
1.000
1.000
1.000
1.000
1.000
1.000
1.000
1.000
1.000
1.000
1.000
1.000
1.000
1.000
1.000
1.000
1.000
1.000
1.000
1.000
1.000
1.000
1.000
1.000
1.000
1.000
1.000
1.000
1.000
51.192
52.662
53.346
1.000
1.000
1.000
1.000
1.000
1.000
1.000
1.000
1.000
1.000
1.000
1.000
1.000
1.000
1.000
40.851
65.690
67.174
70.049
1.000
1.000
1.000
1.000
1.000
1.000
1.000
1.000
1.000
1.000
1.000
1.000
52.553
51.773
55.119
75.666
1.000
1.000
1.000
1.000
1.000
1.000
1.000
1.000
1.000
1.000
1.000
1.000
1.000
1.000
1.000
1.000
1.000
1.000
1.000
1.000
1.000
1.000
1.000
1.000
1.000
1.000
1.000
1.000
1.000
1.000
1.000
1.000
1.000
1.000
1.000
1.000
1.000
1.000
1.000
1.000
1.000
1.000
21.052
44.218
41.957
74.851
1.000
1.000
1.000
1.000
1.000
1.000
1.000
1.000
1.000
1.000
1.000
1.000
1.000
1.000
1.000
1.000
51.761
48.775
60.688
70.681
1.000
1.000
1.000
1.000
1.000
1.000
1.000
1.000
1.000
1.000
1.000
1.000
1.000
71.121
48.719
51.856
54.588
1.000
1.000
1.000
1.000
1.000
1.000
1.000
1.000
1.000
1.000
1.000
1.000
1.000
1.000
1.000
1.000
1.000
1.000
1.000
1.000
59.211
55.195
56.650
1.000
1.000
1.000
1.000
1.000
1.000
1.000
1.000
1.000
1.000
56.144
42.462
50.769
57.069
55.514
1.000
1.000
1.000
1.000
1.000
1.000
1.000
1.000
1.000
1.000
1.000
1.000
1.000
1.000
1.000
1.000
1.000
1.000
1.000
1.000
1.000
1.000
1.000
1.000
59.566
49.306
61.887
63.460
1.000
1.000
1.000
1.000
1.000
1.000
1.000
1.000
1.000
1.000
1.000
1.000
1.000
1.000
1.000
1.000
1.000
1.000
1.000
1.000
1.000
21.473
58.224
42.521
52.481
1.000
1.000
1.000
1.000
1.000
1.000
1.000
1.000
1.000
1.000
1.000
1.000
1.000
1.000
1.000
1.000
1.000
1.000
1.000
1.000
1.000
88.328
62.259
64.834
1.000
1.000
1.000
1.000
1.000
1.000
1.000
1.000
1.000
1.000
1.000
1.000
1.000
1.000
1.000
1.000
1.000
1.000
1.000
1.000
1.000
1.000
1.000
1.000
1.000
1.000
1.000
1.000
1.000
1.000
1.000
1.000
1.000
1.000
1.000
1.000
1.000
1.000
1.000
47.808
54.063
71.846
70.000
1.000
1.000
1.000
1.000
1.000
1.000
1.000
1.000
1.000
1.000
1.000
1.000
1.000
1.000
1.000
1.000
1.000
1.000
1.000
1.000
62.130
58.681
58.506
65.842
60.744
74.834
1.000
1.000
1.000
1.000
1.000
1.000
1.000
1.000
1.000
1.000
1.000
1.000
1.000
1.000
1.000
1.000
1.000
1.000
1.000
1.000
1.000
1.000
1.000
1.000
32.946
32.711
64.224
62.259
72.744
70.811
1.000
1.000
1.000
1.000
1.000
1.000
1.000
1.000
1.000
1.000
1.000
1.000
1.000
1.000
1.000
1.000
1.000
1.000
50.536
47.698
55.144
62.244
59.375
63.915
83.445
76.630
1.000
1.000
1.000
1.000
1.000
1.000
1.000
1.000
1.000
1.000
1.000
1.000
1.000
1.000
1.000
1.000
1.000
1.000
1.000
1.000
1.000
1.000
1.000
1.000
1.000
1.000
17.128
31.196
39.219
48.273
51.381
54.325
38.833
71.138
51.310
52.517
47.852
54.400
1.000
1.000
1.000
1.000
1.000
1.000
1.000
1.000
1.000
1.000
1.000
1.000
1.000
1.000
1.000
1.000
1.000
1.000
1.000
1.000
1.000
1.000
1.000
1.000
1.000
21.757
25.363
32.749
29.208
52.420
55.068
60.214
56.079
64.417
65.720
1.000
1.000
1.000
1.000
1.000
1.000
1.000
1.000
1.000
1.000
1.000
1.000
1.000
1.000
1.000
1.000
1.000
1.000
1.000
1.000
1.000
1.000
1.000
1.000
1.000
1.000
1.000
1.000
1.000
35.859
35.011
32.524
49.785
48.888
46.935
57.491
56.964
55.693
55.043
1.000
1.000
75.353
82.737
1.000
1.000
1.000
1.000
1.000
1.000
1.000
1.000
1.000
1.000
1.000
1.000
1.000
1.000
1.000
1.000
1.000
1.000
1.000
1.000
1.000
36.266
36.813
52.662
55.335
61.136
61.165
66.973
60.786
1.000
1.000
1.000
1.000
1.000
1.000
1.000
1.000
1.000
1.000
1.000
1.000
1.000
1.000
1.000
1.000
1.000
1.000
1.000
38.459
37.958
22.803
25.363
27.114
32.144
44.392
52.192
48.730
40.992
1.000
1.000
1.000
1.000
1.000
1.000
1.000
1.000
1.000
1.000
1.000
1.000
1.000
1.000
1.000
1.000
1.000
1.000
1.000
1.000
1.000
1.000
1.000
1.000
1.000
23.676
40.004
36.796
38.054
31.960
48.473
45.290
1.000
1.000
1.000
1.000
1.000
1.000
1.000
1.000
1.000
1.000
1.000
1.000
1.000
1.000
1.000
1.000
28.255
43.954
42.501
74.268
94.558
57.956
1.000
1.000
1.000
1.000
1.000
1.000
1.000
1.000
1.000
1.000
1.000
1.000
1.000
1.000
1.000
22.877
23.308
36.923
35.449
56.131
59.265
34.111
34.658
51.039
52.167
1.000
1.000
1.000
1.000
1.000
1.000
1.000
1.000
1.000
1.000
1.000
1.000
1.000
1.000
1.000
1.000
1.000
1.000
1.000
1.000
1.000
1.000
1.000
1.000
1.000
1.000
1.000
1.000
1.000
1.000
1.000
1.000
1.000
1.000
1.000
1.000
1.000
1.000
1.000
1.000
1.000
1.000
1.000
23.922
25.942
37.239
34.395
28.041
33.304
49.046
48.339
53.407
54.300
61.702
62.316
1.000
1.000
1.000
1.000
1.000
1.000
1.000
1.000
1.000
1.000
1.000
1.000
1.000
1.000
1.000
1.000
1.000
1.000
1.000
1.000
1.000
1.000
1.000
1.000
1.000
1.000
1.000
1.000
58.023
59.334
44.668
43.202
60.298
61.674
63.562
76.683
75.422
71.812
93.843
1.000
1.000
1.000
1.000
1.000
1.000
1.000
1.000
1.000
1.000
1.000
1.000
1.000
1.000
1.000
1.000
1.000
49.238
42.053
35.059
39.976
33.799
30.262
58.345
58.251
66.865
71.631
1.000
1.000
1.000
1.000
1.000
1.000
1.000
1.000
1.000
1.000
1.000
1.000
1.000
1.000
1.000
1.000
1.000
1.000
1.000
1.000
1.000
1.000
1.000
1.000
1.000
1.000
48.362
48.284
38.878
38.503
30.339
31.945
54.613
61.731
66.191
73.722
54.802
1.000
1.000
1.000
1.000
1.000
1.000
1.000
1.000
1.000
1.000
1.000
1.000
1.000
1.000
1.000
1.000
1.000
1.000
1.000
1.000
1.000
1.000
1.000
1.000
1.000
1.000
1.000
1.000
43.212
34.610
32.449
30.374
53.272
60.576
60.242
53.939
64.491
66.344
71.532
1.000
1.000
1.000
1.000
1.000
1.000
1.000
1.000
1.000
1.000
1.000
1.000
1.000
1.000
1.000
1.000
1.000
1.000
1.000
1.000
1.000
1.000
1.000
1.000
1.000
1.000
38.054
58.952
1.000
1.000
1.000
1.000
1.000
1.000
1.000
1.000
1.000
1.000
1.000
64.254
50.153
29.194
30.931
1.000
1.000
1.000
1.000
34.850
39.219
1.000
1.000
57.043
1.000
1.000
1.000
1.000
1.000
1.000
1.000
1.000
48.663
65.238
27.359
31.089
30.109
40.654
48.018
69.759
77.268
57.346
59.690
1.000
1.000
1.000
1.000
1.000
1.000
1.000
1.000
1.000
1.000
1.000
1.000
1.000
1.000
1.000
1.000
1.000
1.000
1.000
1.000
1.000
1.000
1.000
1.000
1.000
1.000
1.000
1.000
1.000
1.000
1.000
28.386
55.821
61.419
81.677
74.285
59.034
60.562
53.358
54.853
71.515
67.889
54.954
66.481
82.813
74.336
77.286
83.753
73.148
78.632
75.893
1.000
1.000
1.000
1.000
1.000
1.000
1.000
1.000
1.000
1.000
1.000
1.000
1.000
1.000
1.000
1.000
1.000
51.452
47.011
1.000
1.000
1.000
1.000
1.000
1.000
1.000
1.000
1.000
1.000
1.000
57.863
1.000
1.000
1.000
1.000
1.000
1.000
1.000
1.000
1.000
1.000
1.000
1.000
1.000
1.000
1.000
1.000
64.106
40.888
40.448
23.378
57.398
63.944
66.359
71.138
1.000
1.000
1.000
1.000
1.000
1.000
1.000
1.000
1.000
1.000
1.000
1.000
1.000
1.000
23.928
24.082
33.366
52.541
51.050
65.781
77.126
64.476
74.611
53.003
56.859
1.000
1.000
1.000
1.000
1.000
1.000
1.000
1.000
1.000
1.000
1.000
1.000
1.000
1.000
1.000
1.000
1.000
1.000
1.000
1.000
1.000
1.000
1.000
1.000
26.050
26.841
28.242
39.802
42.335
63.724
70.016
57.743
68.501
44.576
53.939
62.734
41.448
48.373
65.268
49.295
60.688
1.000
1.000
1.000
1.000
1.000
1.000
1.000
1.000
1.000
1.000
1.000
1.000
1.000
1.000
1.000
1.000
1.000
1.000
1.000
1.000
1.000
1.000
1.000
1.000
1.000
1.000
1.000
1.000
1.000
1.000
1.000
1.000
1.000
1.000
1.000
1.000
1.000
1.000
1.000
1.000
1.000
1.000
1.000
1.000
1.000
1.000
1.000
1.000
1.000
1.000
1.000
1.000
1.000
1.000
1.000
1.000
1.000
1.000
60.325
63.212
52.384
56.846
60.007
64.432
80.872
81.696
1.000
1.000
1.000
1.000
1.000
1.000
1.000
1.000
1.000
1.000
1.000
1.000
1.000
1.000
1.000
1.000
1.000
1.000
1.000
1.000
1.000
1.000
1.000
1.000
1.000
1.000
1.000
1.000
1.000
1.000
1.000
1.000
1.000
1.000
1.000
1.000
1.000
37.316
46.409
27.695
27.416
46.196
49.057
58.573
57.174
60.021
59.429
63.548
69.024
35.043
40.983
1.000
1.000
1.000
1.000
1.000
1.000
1.000
1.000
1.000
1.000
1.000
1.000
1.000
1.000
77.428
73.655
1.000
1.000
1.000
1.000
1.000
1.000
1.000
1.000
1.000
1.000
1.000
1.000
55.055
53.567
1.000
1.000
1.000
1.000
1.000
1.000
1.000
1.000
1.000
1.000
1.000
52.650
60.548
1.000
1.000
1.000
1.000
1.000
1.000
1.000
1.000
1.000
1.000
1.000
1.000
1.000
1.000
26.467
44.310
57.280
48.206
46.623
49.000
69.695
67.936
56.429
80.668
55.706
56.624
57.227
67.437
43.642
66.283
47.370
57.187
1.000
1.000
1.000
1.000
1.000
1.000
1.000
1.000
1.000
1.000
1.000
1.000
1.000
1.000
1.000
1.000
1.000
1.000
1.000
1.000
1.000
1.000
1.000
1.000
1.000
1.000
1.000
1.000
37.775
40.281
79.818
1.000
1.000
1.000
1.000
1.000
1.000
1.000
1.000
1.000
1.000
1.000
1.000
1.000
1.000
1.000
1.000
1.000
1.000
1.000
1.000
29.302
30.598
26.626
22.248
24.769
24.440
23.823
25.130
26.194
28.767
32.915
25.357
21.548
27.372
32.129
40.542
40.860
35.473
61.207
30.409
23.507
23.928
37.094
42.044
51.630
51.856
33.358
31.608
47.995
61.263
41.754
52.784
41.162
46.548
57.465
39.491
51.713
38.142
40.917
51.404
48.295
45.814
67.313
49.454
54.979
77.553
67.795
69.422
56.533
51.192
60.104
58.398
58.023
75.110
37.239
41.783
71.466
69.486
60.021
68.124
54.576
50.304
53.802
55.770
50.142
53.518
56.663
47.011
56.990
59.745
31.189
46.047
69.888
66.451
70.388
72.946
75.180
60.716
63.650
70.615
54.213
60.730
99.609
94.820
63.504
53.333
68.929
59.553
57.983
1.000
1.000
73.553
39.391
44.906
60.940
55.297
1.000
1.000
54.588
1.000
1.000
1.000
1.000
1.000
1.000
1.000
1.000
1.000
1.000
1.000
1.000
1.000
1.000
1.000
1.000
1.000
1.000
1.000
1.000
1.000
1.000
1.000
1.000
1.000
1.000
1.000
1.000
1.000
1.000
1.000
1.000
1.000
1.000
1.000
1.000
1.000
1.000
1.000
1.000
1.000
1.000
1.000
1.000
1.000
1.000
1.000
1.000
1.000
1.000
1.000
1.000
1.000
1.000
1.000
1.000
1.000
1.000
1.000
1.000
1.000
1.000
1.000
1.000
1.000
1.000
1.000
1.000
1.000
1.000
1.000
1.000
1.000
1.000
1.000
1.000
1.000
24.021
21.062
23.036
16.638
21.533
25.769
23.115
23.961
33.527
35.975
24.311
23.818
26.278
27.378
27.127
29.201
30.409
31.820
45.614
40.124
21.340
25.852
32.764
35.481
49.329
64.834
31.521
28.262
40.068
58.291
65.978
76.050
48.820
54.563
67.967
61.973
66.850
55.220
65.223
46.111
58.614
74.696
62.273
54.225
60.200
71.829
66.604
55.271
56.312
51.761
56.156
45.793
46.516
78.073
60.117
64.998
85.585
79.360
65.223
60.702
50.431
38.450
63.812
65.599
62.878
28.814
43.924
57.451
58.871
84.023
80.761
89.784
58.358
60.437
79.799
52.024
49.386
100.092
110.866
54.363
59.443
78.163
61.291
64.536
60.395
60.353
43.511
49.785
53.040
1.000
1.000
1.000
37.282
1.000
1.000
1.000
1.000
1.000
1.000
1.000
1.000
1.000
1.000
1.000
1.000
1.000
1.000
1.000
1.000
1.000
1.000
1.000
1.000
1.000
1.000
1.000
1.000
1.000
1.000
1.000
1.000
1.000
1.000
1.000
1.000
1.000
1.000
1.000
1.000
1.000
1.000
1.000
1.000
1.000
1.000
1.000
1.000
1.000
1.000
1.000
1.000
1.000
1.000
1.000
1.000
1.000
1.000
1.000
1.000
1.000
1.000
1.000
1.000
1.000
1.000
1.000
1.000
1.000
17.947
51.251
29.916
61.916
43.995
65.433
66.958
57.491
60.367
44.730
53.321
63.475
60.228
75.145
59.034
65.660
46.838
63.052
70.210
74.542
59.910
75.683
69.486
65.766
65.872
69.390
57.082
61.716
1.000
1.000
1.000
1.000
1.000
1.000
1.000
1.000
1.000
1.000
1.000
1.000
1.000
1.000
1.000
1.000
1.000
1.000
1.000
1.000
1.000
1.000
1.000
15.860
20.711
42.355
26.315
44.895
53.654
47.973
53.716
54.651
58.925
97.589
47.654
61.433
75.405
67.827
63.052
1.000
1.000
1.000
1.000
1.000
1.000
1.000
1.000
1.000
1.000
1.000
1.000
1.000
1.000
16.315
17.579
29.724
46.871
45.134
69.008
44.771
84.489
38.610
53.777
62.560
63.841
63.139
60.200
61.150
61.731
73.926
84.528
78.686
70.827
79.561
73.909
74.370
1.000
1.000
1.000
1.000
1.000
1.000
1.000
1.000
1.000
1.000
1.000
1.000
1.000
1.000
1.000
1.000
1.000
1.000
1.000
1.000
1.000
1.000
1.000
1.000
1.000
1.000
1.000
1.000
1.000
1.000
37.299
14.083
28.820
55.590
67.920
66.788
75.701
55.348
59.690
59.457
55.182
62.474
54.727
87.197
56.520
68.328
50.606
65.902
67.468
63.856
69.151
64.210
74.765
71.879
61.958
67.952
84.840
1.000
1.000
1.000
1.000
1.000
1.000
1.000
1.000
1.000
1.000
1.000
1.000
1.000
1.000
1.000
1.000
1.000
1.000
1.000
1.000
1.000
1.000
1.000
16.699
23.211
22.243
42.865
33.752
41.658
52.517
44.566
50.096
63.023
89.105
52.408
67.608
70.909
84.781
88.552
65.660
81.227
77.518
81.527
72.210
85.526
73.080
64.047
73.621
1.000
1.000
1.000
1.000
1.000
1.000
1.000
1.000
1.000
1.000
1.000
1.000
1.000
1.000
1.000
1.000
1.000
1.000
1.000
1.000
1.000
1.000
1.000
1.000
31.405
16.136
27.650
36.501
57.850
49.934
57.584
58.345
56.156
53.125
69.231
97.904
67.515
55.898
59.979
62.330
71.121
79.177
64.224
85.408
83.081
63.782
73.655
1.000
1.000
1.000
1.000
1.000
1.000
1.000
1.000
1.000
1.000
1.000
1.000
1.000
1.000
1.000
1.000
1.000
1.000
1.000
1.000
1.000
1.000
20.802
18.845
21.787
26.662
57.016
33.682
62.144
33.752
60.173
54.026
57.412
53.235
57.544
63.431
91.728
66.650
76.683
85.724
66.283
77.518
84.411
74.800
80.094
73.722
57.504
75.928
1.000
1.000
1.000
1.000
1.000
1.000
1.000
1.000
1.000
1.000
1.000
1.000
1.000
1.000
1.000
1.000
1.000
1.000
1.000
1.000
1.000
1.000
1.000
16.417
25.264
47.984
53.877
49.477
45.009
61.787
61.362
52.240
82.680
58.776
58.184
72.260
72.661
63.959
81.527
93.154
72.761
69.599
82.073
80.593
81.715
1.000
1.000
1.000
1.000
1.000
1.000
1.000
1.000
1.000
1.000
1.000
1.000
1.000
1.000
1.000
1.000
1.000
1.000
1.000
1.000
23.496
22.331
26.928
27.612
26.351
25.067
25.805
25.639
25.739
31.608
39.437
47.217
28.993
46.462
44.895
27.855
29.546
37.506
38.761
36.686
47.076
25.451
31.688
33.412
45.572
41.773
41.591
37.334
55.132
71.302
74.989
50.061
56.650
75.440
71.367
56.351
82.338
80.649
65.993
61.066
64.923
64.670
49.534
60.104
75.648
65.208
62.488
56.650
62.144
61.702
65.720
58.224
52.264
54.125
57.703
61.645
57.756
61.348
57.810
77.518
70.049
58.197
61.504
47.457
62.820
72.227
47.413
60.842
70.648
75.318
61.136
62.101
82.947
63.431
71.318
73.485
1.000
1.000
60.325
66.130
74.285
68.770
42.806
56.286
99.312
106.096
56.053
62.044
73.638
40.022
46.957
61.066
57.531
68.596
1.000
1.000
50.980
1.000
44.116
1.000
1.000
1.000
1.000
1.000
1.000
1.000
1.000
1.000
1.000
1.000
1.000
1.000
1.000
1.000
1.000
1.000
1.000
1.000
1.000
1.000
1.000
1.000
1.000
1.000
1.000
1.000
1.000
1.000
1.000
1.000
1.000
1.000
1.000
1.000
1.000
1.000
1.000
1.000
1.000
1.000
1.000
1.000
1.000
1.000
1.000
1.000
1.000
1.000
1.000
1.000
1.000
1.000
1.000
1.000
1.000
1.000
1.000
1.000
1.000
1.000
1.000
1.000
1.000
1.000
1.000
1.000
22.951
25.015
23.206
21.478
20.855
44.259
38.036
37.000
47.490
42.875
65.917
61.987
61.603
42.482
46.838
49.843
54.941
71.664
30.019
38.344
50.292
36.050
63.460
56.416
1.000
1.000
1.000
1.000
1.000
1.000
1.000
1.000
1.000
1.000
1.000
1.000
1.000
1.000
1.000
1.000
1.000
1.000
1.000
1.000
1.000
1.000
1.000
1.000
1.000
1.000
1.000
1.000
1.000
1.000
1.000
1.000
1.000
1.000
1.000
1.000
1.000
1.000
1.000
1.000
1.000
1.000
1.000
1.000
1.000
1.000
1.000
1.000
1.000
1.000
1.000
1.000
1.000
1.000
1.000
1.000
1.000
1.000
1.000
1.000
1.000
1.000
1.000
1.000
1.000
1.000
1.000
1.000
1.000
1.000
1.000
1.000
1.000
1.000
1.000
1.000
1.000
26.491
27.447
27.321
28.151
23.878
26.915
33.674
60.159
42.413
49.283
49.057
65.811
44.066
46.132
54.051
53.137
63.299
81.414
45.030
45.583
48.417
59.238
68.328
44.833
35.876
39.664
41.077
49.000
1.000
1.000
1.000
1.000
1.000
1.000
1.000
1.000
1.000
1.000
1.000
1.000
1.000
1.000
1.000
1.000
1.000
1.000
1.000
1.000
1.000
1.000
1.000
1.000
1.000
1.000
1.000
1.000
1.000
1.000
1.000
1.000
1.000
1.000
1.000
1.000
1.000
1.000
1.000
1.000
1.000
1.000
1.000
1.000
1.000
1.000
1.000
1.000
1.000
1.000
1.000
1.000
1.000
1.000
1.000
1.000
1.000
1.000
1.000
1.000
1.000
1.000
1.000
1.000
1.000
1.000
1.000
1.000
1.000
1.000
1.000
1.000
1.000
1.000
1.000
1.000
1.000
1.000
1.000
1.000
1.000
1.000
1.000
1.000
1.000
1.000
1.000
1.000
31.261
40.917
1.000
1.000
1.000
1.000
1.000
1.000
1.000
1.000
1.000
1.000
1.000
58.857
62.835
44.576
54.639
66.252
63.402
57.425
60.799
60.506
70.664
68.770
91.770
61.745
64.938
37.931
52.288
57.836
59.525
58.587
72.744
77.108
62.302
78.542
51.204
59.238
41.495
68.360
51.749
1.000
1.000
1.000
1.000
1.000
1.000
1.000
1.000
1.000
1.000
1.000
1.000
1.000
1.000
1.000
1.000
1.000
1.000
1.000
1.000
1.000
1.000
1.000
1.000
1.000
1.000
1.000
1.000
1.000
1.000
1.000
1.000
1.000
1.000
1.000
1.000
1.000
1.000
1.000
1.000
1.000
1.000
1.000
1.000
1.000
1.000
1.000
1.000
1.000
1.000
1.000
1.000
1.000
1.000
1.000
1.000
1.000
1.000
1.000
1.000
1.000
1.000
1.000
1.000
1.000
1.000
1.000
1.000
1.000
1.000
1.000
1.000
1.000
1.000
1.000
1.000
1.000
1.000
1.000
1.000
1.000
1.000
1.000
1.000
1.000
1.000
1.000
51.535
65.373
62.705
60.772
1.000
1.000
1.000
1.000
1.000
1.000
1.000
1.000
1.000
1.000
1.000
1.000
1.000
1.000
1.000
1.000
17.167
31.311
31.232
23.030
24.769
23.410
18.668
33.551
37.897
19.943
22.506
22.279
51.713
20.352
29.648
28.523
21.242
21.933
25.235
26.601
19.240
32.802
44.802
39.628
29.744
41.495
41.390
67.251
39.473
40.851
46.774
44.875
49.797
51.440
42.560
54.651
39.437
42.238
32.946
50.107
56.715
53.064
55.157
48.809
51.808
34.127
34.778
62.259
63.489
38.089
48.742
31.290
32.576
38.124
36.737
1.000
1.000
32.026
1.000
1.000
1.000
1.000
1.000
1.000
1.000
1.000
1.000
1.000
1.000
1.000
1.000
1.000
1.000
1.000
1.000
1.000
1.000
1.000
1.000
1.000
1.000
1.000
1.000
1.000
1.000
1.000
1.000
1.000
1.000
1.000
1.000
1.000
1.000
1.000
1.000
1.000
1.000
1.000
1.000
1.000
1.000
1.000
1.000
1.000
1.000
1.000
1.000
1.000
1.000
1.000
1.000
1.000
1.000
1.000
1.000
1.000
1.000
1.000
1.000
1.000
1.000
1.000
1.000
1.000
1.000
1.000
71.351
79.634
42.102
42.316
52.216
62.922
86.976
89.536
69.167
78.253
71.614
93.004
95.192
80.482
84.275
80.501
79.287
80.464
94.450
102.731
71.581
73.468
95.786
90.970
70.681
79.799
66.267
71.796
73.790
68.375
76.278
87.217
92.939
96.939
95.039
89.207
65.569
81.040
93.132
85.526
80.686
103.205
1.000
1.000
79.579
83.330
94.363
87.398
1.000
1.000
1.000
1.000
1.000
1.000
1.000
1.000
1.000
1.000
1.000
1.000
1.000
1.000
1.000
1.000
1.000
1.000
1.000
1.000
1.000
1.000
1.000
1.000
22.223
23.856
46.355
47.632
30.818
65.599
73.333
69.599
73.536
45.835
44.208
67.391
65.902
92.768
98.719
1.000
1.000
89.310
94.167
1.000
1.000
1.000
1.000
1.000
1.000
1.000
1.000
1.000
1.000
1.000
1.000
1.000
1.000
1.000
1.000
1.000
1.000
1.000
1.000
1.000
74.765
80.668
1.000
1.000
1.000
1.000
1.000
1.000
1.000
1.000
1.000
1.000
1.000
1.000
1.000
1.000
19.792
23.163
29.758
32.794
28.800
65.842
55.335
61.419
50.315
48.809
1.000
1.000
1.000
1.000
1.000
1.000
1.000
1.000
1.000
1.000
1.000
1.000
1.000
1.000
1.000
1.000
1.000
1.000
1.000
1.000
1.000
1.000
1.000
1.000
1.000
1.000
1.000
1.000
1.000
1.000
1.000
1.000
1.000
24.860
35.003
37.731
38.415
43.511
89.578
86.457
92.193
94.319
87.700
88.573
1.000
1.000
1.000
1.000
1.000
1.000
1.000
1.000
1.000
1.000
1.000
1.000
47.326
51.204
53.321
39.555
49.136
92.024
89.970
88.044
95.984
85.704
89.970
1.000
1.000
1.000
1.000
1.000
1.000
1.000
1.000
1.000
1.000
1.000
1.000
1.000
1.000
1.000
1.000
17.398
18.569
31.761
19.566
16.132
20.678
22.377
20.133
20.212
29.013
34.978
16.722
23.158
16.293
21.543
18.034
23.041
15.174
24.010
17.290
24.406
23.078
21.291
25.751
22.284
21.414
20.649
23.741
20.045
23.222
15.223
19.293
28.675
29.221
27.158
29.682
29.737
21.513
26.430
29.424
28.184
22.121
22.914
24.457
32.471
31.477
26.823
27.561
45.488
52.590
26.990
22.972
22.382
25.539
29.833
19.387
22.898
37.351
49.147
18.118
26.804
28.504
37.128
35.826
55.629
36.325
19.534
19.720
28.158
22.814
22.803
30.283
47.907
19.611
61.645
54.664
49.283
21.478
25.486
24.266
54.714
40.860
71.961
60.284
49.602
68.438
63.900
52.408
65.373
37.984
33.235
47.676
56.820
62.144
45.269
38.327
33.636
45.635
40.133
40.411
50.478
58.722
40.355
43.411
50.362
56.182
55.450
61.263
51.976
63.168
48.922
55.005
50.839
58.546
40.281
70.811
70.243
40.570
49.751
48.787
53.395
63.038
74.748
70.778
39.138
46.580
33.566
60.842
64.819
40.504
35.752
55.030
63.183
70.437
54.325
34.127
78.469
68.077
62.849
56.234
54.163
60.325
69.839
36.408
50.466
60.339
90.240
93.627
57.438
70.486
73.909
72.644
1.000
1.000
1.000
55.488
64.417
1.000
1.000
62.980
1.000
1.000
1.000
1.000
1.000
1.000
1.000
1.000
1.000
1.000
1.000
1.000
1.000
1.000
1.000
1.000
1.000
1.000
1.000
1.000
1.000
1.000
1.000
1.000
1.000
1.000
1.000
1.000
1.000
1.000
1.000
1.000
1.000
1.000
1.000
1.000
1.000
1.000
1.000
1.000
1.000
1.000
1.000
1.000
1.000
1.000
1.000
1.000
1.000
1.000
1.000
1.000
1.000
1.000
1.000
1.000
1.000
1.000
1.000
1.000
1.000
1.000
1.000
1.000
1.000
1.000
1.000
1.000
1.000
1.000
1.000
1.000
1.000
24.166
27.139
21.272
19.404
28.100
26.903
21.033
17.215
33.986
22.867
26.996
25.948
28.353
25.686
25.480
31.246
27.638
28.216
24.155
55.055
46.355
48.473
50.073
32.330
27.290
21.612
48.062
31.835
34.922
30.811
33.029
32.704
30.796
38.583
29.404
47.687
53.988
57.266
49.046
53.790
39.774
51.039
73.080
78.361
48.708
52.687
57.970
65.433
77.108
71.879
72.327
72.728
75.145
45.719
41.248
65.373
63.212
47.239
67.624
66.988
58.911
65.766
62.474
64.447
54.450
25.136
43.063
49.923
69.327
69.711
66.988
69.663
63.009
67.313
71.040
58.063
54.288
60.131
64.819
44.218
76.648
85.075
87.398
74.046
76.630
77.500
53.383
65.539
69.311
48.362
49.579
71.351
73.790
73.013
65.088
50.874
57.863
71.614
74.131
81.564
63.416
65.208
59.924
62.431
91.411
90.095
72.477
59.034
62.044
68.014
97.746
88.593
45.856
64.491
60.674
57.836
46.892
58.277
69.518
33.366
36.241
85.862
91.685
72.260
77.500
64.506
67.066
84.996
87.943
110.053
97.477
95.367
76.595
89.166
67.795
63.038
64.565
73.114
1.000
1.000
1.000
1.000
1.000
1.000
1.000
1.000
1.000
1.000
1.000
1.000
1.000
1.000
1.000
1.000
1.000
1.000
1.000
1.000
1.000
1.000
1.000
1.000
1.000
1.000
1.000
1.000
1.000
1.000
1.000
1.000
1.000
1.000
1.000
1.000
1.000
1.000
1.000
1.000
1.000
1.000
1.000
1.000
1.000
1.000
1.000
1.000
1.000
1.000
1.000
1.000
1.000
1.000
1.000
1.000
1.000
1.000
1.000
50.968
38.940
48.518
36.392
76.033
82.471
39.930
36.534
19.449
53.753
67.873
83.522
38.115
30.556
40.420
69.135
32.248
72.611
74.216
21.081
29.813
31.681
55.386
54.263
36.433
70.876
80.742
37.265
46.057
59.855
57.823
23.829
21.762
77.875
33.435
76.878
65.358
80.279
38.247
42.550
85.743
83.792
67.236
70.550
71.203
69.647
65.343
72.661
30.924
59.293
81.639
67.842
72.845
87.357
78.542
76.454
75.093
77.161
68.407
80.854
63.241
79.671
75.059
96.605
72.761
64.269
69.791
67.952
61.193
63.431
61.277
80.631
78.199
79.305
83.272
50.816
49.261
86.397
86.776
46.270
1.000
1.000
96.073
105.925
60.702
48.540
1.000
52.602
78.941
79.891
75.197
72.011
1.000
1.000
1.000
1.000
1.000
1.000
1.000
1.000
1.000
1.000
1.000
1.000
1.000
1.000
1.000
1.000
1.000
1.000
1.000
1.000
1.000
1.000
1.000
1.000
1.000
1.000
1.000
1.000
1.000
1.000
1.000
1.000
1.000
1.000
1.000
1.000
1.000
1.000
1.000
1.000
1.000
1.000
1.000
1.000
1.000
1.000
1.000
1.000
1.000
1.000
1.000
1.000
18.281
22.310
20.907
26.485
21.483
24.060
35.801
32.285
26.675
22.172
19.262
29.404
31.261
30.054
31.769
24.814
23.906
22.903
30.458
59.938
46.827
40.207
68.691
59.896
41.210
32.832
26.607
43.944
46.462
36.433
56.911
66.558
25.386
39.967
43.003
36.484
25.200
31.886
54.752
74.422
78.379
41.879
45.730
27.765
30.761
42.462
68.014
43.361
44.978
60.117
71.252
48.888
41.191
51.004
58.251
52.893
40.365
45.071
29.936
30.775
39.857
44.566
58.277
33.144
31.776
64.077
60.409
24.712
27.618
65.013
1.000
1.000
1.000
1.000
1.000
1.000
1.000
1.000
1.000
1.000
1.000
1.000
1.000
1.000
1.000
1.000
1.000
1.000
1.000
1.000
1.000
1.000
1.000
1.000
1.000
1.000
1.000
1.000
1.000
1.000
1.000
1.000
1.000
1.000
1.000
1.000
1.000
1.000
1.000
1.000
1.000
1.000
1.000
1.000
1.000
1.000
1.000
1.000
1.000
1.000
1.000
1.000
1.000
1.000
1.000
1.000
1.000
1.000
1.000
1.000
1.000
1.000
1.000
1.000
1.000
1.000
1.000
1.000
1.000
1.000
1.000
1.000
1.000
1.000
1.000
1.000
1.000
1.000
1.000
1.000
1.000
1.000
1.000
1.000
1.000
1.000
1.000
1.000
1.000
1.000
1.000
1.000
1.000
1.000
1.000
1.000
1.000
1.000
1.000
1.000
1.000
1.000
1.000
1.000
1.000
1.000
1.000
1.000
1.000
1.000
1.000
1.000
1.000
1.000
1.000
1.000
1.000
1.000
1.000
1.000
1.000
1.000
1.000
1.000
60.187
56.990
52.893
64.580
1.000
1.000
1.000
1.000
1.000
50.350
38.788
53.088
64.062
54.475
86.816
73.926
1.000
54.526
1.000
1.000
1.000
1.000
66.942
75.596
1.000
59.457
1.000
1.000
1.000
1.000
1.000
1.000
1.000
22.930
26.965
48.161
75.631
80.612
17.498
64.091
27.945
28.933
1.000
30.711
53.827
26.779
32.033
27.593
1.000
83.560
55.271
78.145
75.805
65.675
79.104
70.648
67.236
62.144
61.334
85.231
44.895
64.491
59.388
78.073
54.063
45.740
1.000
77.286
1.000
54.263
74.834
70.632
58.654
70.713
75.422
1.000
61.108
54.866
76.613
83.849
49.283
1.000
83.426
55.501
55.565
64.506
61.376
56.105
62.936
63.198
68.470
59.293
73.181
92.215
57.996
93.907
53.765
73.080
1.000
1.000
60.968
90.573
61.603
63.489
65.781
97.566
50.350
61.901
82.851
54.979
66.435
84.996
28.874
1.000
43.571
79.141
63.841
62.187
1.000
1.000
1.000
66.573
64.968
64.077
64.983
29.930
47.446
28.366
28.662
28.880
37.085
44.392
1.000
1.000
28.635
30.584
67.344
1.000
1.000
34.332
16.003
27.765
55.808
31.652
26.026
32.077
42.727
49.969
60.660
64.387
63.285
46.698
52.517
1.000
1.000
1.000
1.000
1.000
1.000
1.000
1.000
1.000
1.000
1.000
1.000
1.000
1.000
1.000
1.000
1.000
1.000
46.452
49.854
56.585
52.723
55.119
59.047
1.000
1.000
1.000
1.000
1.000
1.000
1.000
1.000
1.000
1.000
1.000
1.000
1.000
1.000
1.000
1.000
1.000
1.000
1.000
1.000
1.000
1.000
1.000
1.000
1.000
1.000
1.000
1.000
1.000
1.000
1.000
1.000
71.252
1.000
1.000
1.000
22.751
27.240
63.548
1.000
1.000
1.000
1.000
58.036
66.100
1.000
1.000
1.000
1.000
1.000
1.000
1.000
1.000
1.000
1.000
1.000
1.000
1.000
1.000
45.656
36.517
1.000
1.000
1.000
1.000
1.000
1.000
1.000
1.000
1.000
1.000
1.000
1.000
1.000
79.653
75.110
1.000
21.399
14.342
34.182
50.582
55.847
60.464
30.860
25.716
31.139
82.433
90.615
89.660
78.235
78.832
60.228
76.630
56.118
71.417
77.037
65.028
57.890
95.060
80.519
96.139
100.000
68.533
77.411
69.599
80.390
62.777
78.145
77.589
1.000
1.000
1.000
1.000
1.000
1.000
1.000
1.000
1.000
1.000
1.000
1.000
1.000
1.000
1.000
1.000
1.000
1.000
1.000
1.000
1.000
1.000
1.000
1.000
1.000
1.000
1.000
1.000
1.000
1.000
1.000
1.000
1.000
1.000
1.000
1.000
1.000
1.000
1.000
1.000
1.000
1.000
1.000
1.000
1.000
1.000
1.000
1.000
1.000
1.000
1.000
1.000
1.000
1.000
31.499
42.530
40.096
62.073
60.423
50.641
50.096
79.671
53.654
60.506
75.666
96.984
95.258
67.531
1.000
1.000
1.000
1.000
1.000
1.000
1.000
1.000
1.000
1.000
1.000
1.000
1.000
1.000
1.000
1.000
1.000
1.000
1.000
1.000
1.000
1.000
1.000
1.000
1.000
1.000
1.000
1.000
1.000
1.000
1.000
1.000
1.000
1.000
1.000
1.000
1.000
23.491
24.672
24.946
26.509
22.909
25.258
25.439
27.133
24.694
34.064
26.804
37.000
31.871
36.025
47.174
51.109
57.043
23.572
30.953
27.214
38.001
31.798
45.175
41.295
41.908
45.530
55.706
63.358
32.344
43.995
70.388
62.994
52.711
54.979
59.662
59.827
68.929
45.867
42.648
76.208
41.562
50.816
32.419
46.473
66.267
79.598
45.509
48.742
65.645
74.234
48.798
50.617
48.708
54.777
36.602
43.241
57.306
54.866
41.467
53.543
63.387
57.703
58.844
58.479
46.644
55.886
43.172
60.870
1.000
1.000
1.000
1.000
1.000
1.000
1.000
1.000
1.000
1.000
1.000
1.000
1.000
1.000
1.000
1.000
1.000
1.000
1.000
1.000
1.000
1.000
1.000
1.000
1.000
1.000
1.000
1.000
1.000
1.000
1.000
1.000
1.000
1.000
1.000
1.000
1.000
1.000
1.000
1.000
1.000
1.000
1.000
1.000
1.000
1.000
1.000
1.000
1.000
1.000
1.000
1.000
1.000
1.000
1.000
1.000
1.000
1.000
1.000
1.000
1.000
1.000
1.000
1.000
1.000
1.000
1.000
1.000
1.000
1.000
1.000
1.000
1.000
1.000
1.000
1.000
1.000
1.000
1.000
1.000
1.000
1.000
1.000
1.000
1.000
1.000
1.000
1.000
1.000
1.000
1.000
1.000
1.000
1.000
1.000
1.000
1.000
1.000
1.000
1.000
1.000
1.000
1.000
1.000
1.000
1.000
1.000
1.000
1.000
1.000
1.000
1.000
1.000
1.000
1.000
1.000
1.000
1.000
1.000
1.000
1.000
1.000
1.000
1.000
1.000
1.000
1.000
1.000
1.000
1.000
1.000
23.372
22.485
1.000
1.000
1.000
1.000
1.000
43.152
53.015
24.992
53.493
48.073
48.618
69.454
82.016
87.357
101.391
92.342
79.195
75.840
89.929
87.297
79.598
85.212
93.132
97.342
67.066
86.956
87.478
102.259
99.197
77.607
82.642
81.152
85.173
93.519
81.414
1.000
1.000
1.000
1.000
1.000
1.000
1.000
1.000
1.000
1.000
1.000
1.000
1.000
1.000
1.000
1.000
1.000
1.000
1.000
1.000
1.000
1.000
1.000
1.000
1.000
1.000
1.000
1.000
1.000
1.000
1.000
1.000
1.000
1.000
1.000
1.000
1.000
1.000
1.000
1.000
1.000
1.000
1.000
1.000
1.000
1.000
20.497
21.188
36.166
34.522
42.403
44.792
58.560
63.709
66.267
59.197
63.959
58.036
61.944
56.221
53.666
45.635
56.702
1.000
1.000
1.000
1.000
1.000
1.000
1.000
1.000
1.000
1.000
1.000
1.000
1.000
1.000
1.000
1.000
1.000
1.000
1.000
1.000
1.000
1.000
1.000
1.000
1.000
1.000
1.000
1.000
1.000
1.000
1.000
1.000
1.000
1.000
1.000
26.779
33.343
24.177
24.570
53.889
51.180
29.771
25.299
29.492
28.490
66.512
84.256
39.491
31.131
84.489
87.801
44.751
46.313
45.352
56.715
53.199
53.543
75.422
74.765
82.035
83.772
37.783
45.646
95.565
82.073
81.264
80.482
76.419
83.483
46.430
44.916
78.959
74.714
80.556
77.535
80.705
53.926
57.201
59.306
63.475
51.642
49.113
57.637
1.000
73.249
96.583
87.559
39.573
44.566
54.777
61.052
63.241
60.688
81.865
84.353
48.775
56.131
82.794
65.103
1.000
1.000
85.075
86.159
1.000
1.000
1.000
1.000
1.000
1.000
1.000
1.000
47.764
1.000
1.000
1.000
1.000
1.000
1.000
1.000
1.000
1.000
1.000
1.000
1.000
1.000
1.000
1.000
1.000
1.000
1.000
1.000
1.000
1.000
1.000
1.000
1.000
1.000
1.000
1.000
1.000
1.000
1.000
1.000
1.000
1.000
1.000
1.000
1.000
1.000
1.000
1.000
1.000
1.000
1.000
1.000
1.000
1.000
1.000
1.000
1.000
1.000
1.000
1.000
1.000
1.000
1.000
1.000
1.000
1.000
1.000
1.000
1.000
1.000
1.000
1.000
1.000
1.000
1.000
1.000
1.000
1.000
1.000
1.000
1.000
1.000
1.000
1.000
1.000
1.000
1.000
1.000
1.000
1.000
1.000
1.000
1.000
1.000
1.000
1.000
39.418
32.456
1.000
1.000
1.000
1.000
32.041
34.002
33.458
34.682
27.164
27.189
54.727
51.156
55.220
48.018
53.137
58.573
64.551
68.202
67.795
1.000
1.000
1.000
1.000
1.000
1.000
1.000
1.000
1.000
1.000
1.000
1.000
1.000
1.000
1.000
1.000
1.000
1.000
1.000
1.000
1.000
1.000
1.000
1.000
1.000
1.000
1.000
1.000
1.000
1.000
1.000
1.000
39.939
26.509
26.835
66.665
70.795
1.000
1.000
1.000
1.000
92.619
73.282
1.000
1.000
1.000
1.000
1.000
1.000
1.000
1.000
1.000
1.000
1.000
1.000
1.000
1.000
1.000
1.000
1.000
1.000
1.000
1.000
1.000
1.000
1.000
1.000
29.587
34.802
31.196
82.073
78.941
68.077
65.751
65.313
83.138
80.223
90.991
91.538
1.000
1.000
1.000
1.000
1.000
1.000
1.000
1.000
1.000
1.000
1.000
1.000
1.000
1.000
1.000
1.000
1.000
1.000
1.000
1.000
1.000
1.000
1.000
1.000
1.000
1.000
1.000
1.000
1.000
1.000
22.909
24.322
43.823
42.628
51.558
70.518
63.885
56.977
59.347
50.478
54.967
54.213
56.676
33.620
41.918
77.126
78.959
1.000
1.000
1.000
1.000
1.000
1.000
1.000
1.000
1.000
1.000
1.000
1.000
1.000
1.000
1.000
1.000
1.000
1.000
1.000
1.000
1.000
1.000
1.000
1.000
1.000
1.000
1.000
1.000
1.000
1.000
1.000
1.000
1.000
1.000
1.000
1.000
1.000
1.000
1.000
1.000
1.000
1.000
1.000
1.000
1.000
1.000
27.196
26.705
23.502
23.801
20.864
30.493
44.422
31.254
25.888
25.799
24.182
29.751
28.615
23.632
20.123
42.394
42.296
30.960
31.710
33.404
20.970
23.105
22.824
23.265
29.154
51.168
65.013
36.501
53.530
53.877
68.565
42.983
45.825
53.174
57.717
55.808
70.469
83.157
65.343
67.004
38.072
69.231
40.041
42.746
38.388
57.108
34.642
41.629
71.829
51.582
68.375
75.928
43.601
70.081
66.466
78.361
52.796
53.580
69.984
71.581
36.830
56.195
71.895
62.201
73.892
72.127
72.544
82.890
85.231
62.647
62.690
62.893
75.318
81.658
1.000
1.000
1.000
1.000
53.889
1.000
1.000
1.000
1.000
1.000
1.000
1.000
1.000
1.000
1.000
1.000
1.000
1.000
1.000
1.000
1.000
1.000
1.000
1.000
1.000
1.000
1.000
1.000
1.000
1.000
1.000
1.000
1.000
1.000
1.000
1.000
1.000
1.000
1.000
1.000
1.000
1.000
1.000
1.000
1.000
1.000
1.000
1.000
1.000
1.000
1.000
1.000
1.000
1.000
1.000
1.000
1.000
1.000
1.000
1.000
1.000
1.000
1.000
1.000
1.000
1.000
1.000
1.000
1.000
1.000
1.000
1.000
1.000
1.000
1.000
1.000
1.000
1.000
1.000
1.000
1.000
1.000
1.000
1.000
1.000
1.000
1.000
1.000
1.000
1.000
1.000
1.000
1.000
1.000
1.000
1.000
1.000
1.000
1.000
1.000
1.000
1.000
1.000
1.000
1.000
1.000
1.000
1.000
1.000
1.000
1.000
1.000
1.000
1.000
1.000
1.000
1.000
1.000
1.000
1.000
1.000
1.000
1.000
1.000
1.000
1.000
1.000
1.000
1.000
1.000
1.000
1.000
1.000
1.000
1.000
1.000
1.000
1.000
1.000
1.000
1.000
1.000
1.000
1.000
1.000
1.000
1.000
1.000
1.000
1.000
1.000
1.000
1.000
1.000
1.000
1.000
1.000
1.000
1.000
1.000
1.000
1.000
1.000
1.000
1.000
1.000
1.000
1.000
1.000
1.000
1.000
1.000
1.000
1.000
1.000
1.000
1.000
1.000
1.000
1.000
1.000
12.128
21.311
16.665
20.956
32.397
21.592
20.850
18.750
20.759
27.283
21.787
26.491
23.142
23.730
25.775
30.853
27.765
22.909
27.868
38.115
28.386
29.689
31.754
24.508
25.633
32.471
30.648
26.718
29.020
34.626
55.246
29.215
35.975
51.004
53.125
19.920
34.080
43.762
35.859
31.318
50.050
59.841
32.599
42.024
41.229
70.486
43.823
43.391
41.143
46.345
41.238
48.006
60.618
57.943
34.602
39.573
29.034
33.373
30.186
31.369
37.060
31.326
34.190
38.230
37.334
63.915
41.276
61.532
35.375
39.884
29.485
29.282
41.077
49.046
81.433
1.000
25.492
30.402
34.435
32.885
51.558
1.000
1.000
1.000
1.000
1.000
1.000
1.000
1.000
1.000
1.000
1.000
1.000
1.000
1.000
1.000
1.000
1.000
1.000
1.000
1.000
1.000
1.000
1.000
1.000
1.000
1.000
1.000
1.000
1.000
1.000
1.000
1.000
1.000
1.000
1.000
1.000
1.000
1.000
1.000
1.000
1.000
1.000
1.000
1.000
1.000
1.000
1.000
1.000
1.000
1.000
1.000
1.000
1.000
1.000
1.000
1.000
1.000
1.000
1.000
1.000
1.000
1.000
1.000
1.000
1.000
1.000
1.000
1.000
1.000
1.000
1.000
1.000
1.000
1.000
1.000
1.000
1.000
1.000
1.000
1.000
1.000
1.000
1.000
1.000
1.000
1.000
1.000
1.000
1.000
1.000
1.000
1.000
1.000
1.000
1.000
1.000
1.000
13.465
17.943
18.501
26.786
30.782
42.648
45.625
42.599
48.206
58.966
65.403
58.210
63.826
58.641
59.993
69.199
59.938
57.690
64.878
1.000
1.000
1.000
1.000
1.000
1.000
1.000
1.000
1.000
1.000
1.000
1.000
1.000
1.000
1.000
1.000
1.000
1.000
1.000
1.000
1.000
1.000
1.000
1.000
1.000
1.000
1.000
1.000
1.000
1.000
1.000
1.000
1.000
1.000
1.000
1.000
1.000
1.000
1.000
1.000
1.000
1.000
1.000
1.000
1.000
1.000
1.000
1.000
1.000
1.000
1.000
1.000
1.000
1.000
1.000
1.000
1.000
1.000
1.000
1.000
1.000
1.000
1.000
1.000
1.000
1.000
1.000
1.000
1.000
1.000
1.000
1.000
1.000
1.000
1.000
1.000
1.000
1.000
18.323
66.405
67.143
64.180
62.864
64.328
73.282
71.945
65.766
67.764
67.905
58.668
45.783
62.965
48.095
48.663
1.000
1.000
1.000
1.000
1.000
1.000
1.000
1.000
1.000
1.000
1.000
1.000
1.000
1.000
1.000
1.000
1.000
1.000
1.000
1.000
1.000
1.000
1.000
1.000
1.000
1.000
1.000
1.000
1.000
1.000
1.000
1.000
1.000
35.596
54.866
45.909
46.784
51.074
1.000
1.000
1.000
1.000
1.000
1.000
1.000
1.000
1.000
1.000
1.000
1.000
1.000
1.000
1.000
1.000
1.000
1.000
1.000
1.000
1.000
1.000
1.000
1.000
1.000
1.000
1.000
1.000
1.000
1.000
1.000
1.000
1.000
70.697
46.387
21.232
23.955
71.285
35.620
35.694
43.023
60.367
64.863
83.657
84.840
55.360
65.268
82.111
79.396
53.765
58.251
75.370
69.343
67.780
82.509
85.467
47.720
85.763
50.292
68.328
74.611
77.411
83.176
77.571
66.252
72.744
56.898
79.305
45.436
44.782
1.000
1.000
1.000
1.000
1.000
1.000
1.000
1.000
72.460
1.000
1.000
1.000
1.000
1.000
1.000
1.000
1.000
1.000
1.000
1.000
1.000
1.000
1.000
1.000
1.000
1.000
1.000
1.000
1.000
1.000
1.000
1.000
1.000
1.000
1.000
1.000
1.000
1.000
1.000
1.000
1.000
1.000
1.000
1.000
1.000
1.000
1.000
1.000
1.000
1.000
1.000
1.000
1.000
1.000
1.000
1.000
1.000
1.000
1.000
1.000
1.000
1.000
1.000
1.000
1.000
1.000
1.000
1.000
1.000
1.000
1.000
1.000
1.000
1.000
1.000
25.639
25.888
28.622
64.195
35.449
18.463
21.627
34.618
18.893
23.217
84.023
82.585
70.746
78.145
65.449
51.440
52.505
71.548
75.041
80.761
76.913
74.216
59.759
68.596
53.186
43.904
87.640
93.799
82.528
74.559
65.584
65.842
88.573
99.129
49.238
64.565
72.778
64.998
66.497
62.893
63.841
81.264
88.941
85.546
85.349
1.000
1.000
1.000
1.000
1.000
1.000
1.000
1.000
1.000
1.000
1.000
1.000
1.000
1.000
1.000
1.000
1.000
1.000
1.000
1.000
1.000
1.000
1.000
1.000
1.000
1.000
1.000
1.000
1.000
1.000
1.000
1.000
1.000
1.000
1.000
1.000
1.000
1.000
1.000
1.000
1.000
1.000
1.000
1.000
1.000
1.000
1.000
1.000
1.000
1.000
1.000
19.072
25.084
40.823
44.137
59.265
65.766
56.014
45.154
61.603
75.388
65.238
62.994
44.300
44.494
65.781
83.407
93.240
66.298
69.534
67.468
82.756
83.503
90.365
79.488
74.696
85.822
85.743
82.490
84.004
79.653
73.047
78.832
74.611
65.283
85.369
84.120
1.000
80.112
86.716
1.000
1.000
1.000
1.000
1.000
1.000
1.000
1.000
1.000
1.000
1.000
1.000
1.000
1.000
1.000
1.000
1.000
1.000
1.000
1.000
1.000
1.000
1.000
1.000
1.000
1.000
1.000
1.000
1.000
1.000
1.000
1.000
1.000
1.000
1.000
1.000
1.000
1.000
1.000
1.000
1.000
1.000
1.000
1.000
1.000
1.000
1.000
1.000
1.000
1.000
1.000
1.000
1.000
1.000
1.000
1.000
1.000
1.000
1.000
1.000
1.000
1.000
1.000
1.000
1.000
1.000
1.000
1.000
1.000
1.000
1.000
21.797
32.644
49.420
49.625
65.645
69.839
54.916
37.783
47.261
78.614
65.599
67.936
52.590
67.811
69.695
90.678
89.105
64.819
66.927
54.188
72.394
70.843
79.524
92.300
87.680
74.817
80.649
85.763
91.453
96.361
94.820
68.501
73.943
63.826
71.236
74.046
77.073
73.655
66.497
73.367
1.000
1.000
1.000
1.000
1.000
1.000
1.000
1.000
1.000
1.000
1.000
1.000
1.000
1.000
1.000
1.000
1.000
1.000
1.000
1.000
1.000
1.000
1.000
1.000
1.000
1.000
1.000
1.000
1.000
1.000
1.000
1.000
1.000
1.000
1.000
1.000
1.000
1.000
1.000
1.000
1.000
1.000
1.000
1.000
1.000
1.000
1.000
1.000
1.000
1.000
1.000
1.000
1.000
1.000
1.000
1.000
1.000
1.000
1.000
1.000
1.000
1.000
1.000
1.000
1.000
1.000
1.000
1.000
1.000
1.000
1.000
1.000
17.551
24.791
24.723
27.214
87.781
87.539
66.512
85.566
50.050
63.797
51.796
61.859
62.748
70.372
66.527
87.680
93.347
78.868
72.611
73.097
85.389
81.922
93.972
87.378
81.733
72.360
85.822
84.275
83.907
91.770
89.248
80.835
81.677
78.632
1.000
1.000
1.000
82.224
81.059
1.000
1.000
1.000
1.000
1.000
1.000
1.000
1.000
1.000
1.000
1.000
1.000
1.000
1.000
1.000
1.000
1.000
1.000
1.000
1.000
1.000
1.000
1.000
1.000
1.000
1.000
1.000
1.000
1.000
1.000
1.000
1.000
1.000
1.000
1.000
1.000
1.000
1.000
1.000
1.000
1.000
1.000
1.000
1.000
1.000
1.000
1.000
1.000
1.000
1.000
1.000
1.000
1.000
1.000
1.000
1.000
1.000
1.000
1.000
1.000
1.000
1.000
1.000
1.000
1.000
1.000
1.000
1.000
1.000
1.000
1.000
1.000
63.416
1.000
1.000
1.000
65.720
55.642
65.313
67.717
1.000
1.000
1.000
1.000
35.245
34.866
1.000
1.000
1.000
1.000
1.000
1.000
51.856
27.964
54.714
75.162
83.407
1.000
1.000
1.000
1.000
1.000
38.344
33.558
16.912
18.164
30.005
42.924
73.519
74.920
65.148
72.879
1.000
1.000
1.000
1.000
1.000
1.000
1.000
1.000
1.000
1.000
1.000
1.000
1.000
1.000
1.000
1.000
30.839
25.026
34.754
58.533
28.840
37.905
49.728
66.988
68.407
66.881
1.000
1.000
1.000
1.000
1.000
1.000
1.000
1.000
25.787
26.134
1.000
1.000
26.224
29.141
21.558
35.172
41.879
31.290
1.000
1.000
42.355
55.860
1.000
1.000
63.988
52.288
48.820
68.533
1.000
1.000
1.000
1.000
1.000
1.000
1.000
1.000
1.000
1.000
1.000
1.000
1.000
1.000
1.000
1.000
1.000
1.000
1.000
1.000
1.000
1.000
41.039
56.312
44.238
61.873
71.367
89.619
46.334
74.268
1.000
1.000
1.000
1.000
1.000
1.000
1.000
1.000
1.000
1.000
1.000
1.000
1.000
13.351
62.417
32.397
76.913
81.809
81.171
74.268
1.000
1.000
1.000
24.105
24.860
21.878
28.787
25.978
52.662
41.629
53.827
59.938
64.878
37.696
64.313
68.328
54.802
54.840
56.820
56.442
1.000
1.000
1.000
1.000
1.000
1.000
1.000
1.000
1.000
1.000
1.000
1.000
1.000
1.000
19.240
1.000
1.000
1.000
41.601
69.247
70.340
72.510
67.515
70.729
54.500
44.596
57.903
1.000
1.000
1.000
1.000
1.000
1.000
1.000
1.000
1.000
1.000
1.000
55.963
57.810
71.598
63.067
1.000
1.000
1.000
1.000
1.000
1.000
1.000
1.000
24.249
24.530
34.253
40.973
66.635
63.227
64.774
36.316
59.211
59.265
47.337
59.717
47.984
54.325
43.985
1.000
1.000
1.000
1.000
1.000
1.000
1.000
1.000
1.000
1.000
1.000
1.000
1.000
1.000
1.000
1.000
1.000
1.000
1.000
1.000
1.000
48.073
62.015
58.237
60.940
63.285
63.110
1.000
1.000
1.000
1.000
1.000
1.000
1.000
1.000
1.000
1.000
1.000
1.000
1.000
1.000
1.000
1.000
1.000
1.000
1.000
1.000
1.000
1.000
63.270
1.000
1.000
1.000
1.000
1.000
1.000
1.000
1.000
1.000
1.000
1.000
1.000
1.000
1.000
1.000
1.000
1.000
61.958
67.686
1.000
1.000
1.000
1.000
1.000
1.000
60.034
63.343
1.000
1.000
1.000
1.000
1.000
1.000
1.000
61.958
1.000
1.000
1.000
1.000
1.000
56.872
63.709
76.454
63.125
1.000
1.000
1.000
1.000
1.000
1.000
1.000
1.000
1.000
1.000
1.000
1.000
1.000
1.000
1.000
1.000
1.000
1.000
1.000
1.000
1.000
26.345
1.000
51.475
28.834
24.406
42.044
49.408
1.000
1.000
1.000
1.000
1.000
1.000
1.000
63.959
57.187
78.199
71.269
70.323
71.187
66.283
76.366
1.000
1.000
1.000
1.000
1.000
1.000
1.000
1.000
1.000
1.000
1.000
1.000
1.000
1.000
1.000
1.000
1.000
1.000
1.000
1.000
1.000
1.000
1.000
1.000
1.000
1.000
1.000
1.000
1.000
1.000
1.000
1.000
1.000
1.000
1.000
1.000
1.000
1.000
1.000
1.000
1.000
1.000
1.000
1.000
1.000
1.000
1.000
1.000
1.000
1.000
1.000
1.000
1.000
1.000
1.000
1.000
1.000
1.000
1.000
1.000
1.000
1.000
1.000
1.000
1.000
1.000
1.000
1.000
1.000
1.000
1.000
1.000
1.000
1.000
1.000
1.000
1.000
1.000
1.000
1.000
1.000
1.000
1.000
1.000
1.000
1.000
1.000
1.000
1.000
1.000
1.000
1.000
1.000
1.000
1.000
1.000
1.000
1.000
1.000
1.000
1.000
51.274
1.000
1.000
1.000
1.000
1.000
1.000
1.000
1.000
1.000
1.000
1.000
1.000
1.000
1.000
1.000
1.000
1.000
1.000
1.000
1.000
1.000
1.000
1.000
1.000
1.000
1.000
1.000
1.000
1.000
1.000
1.000
1.000
1.000
1.000
1.000
1.000
1.000
1.000
1.000
77.268
69.984
1.000
1.000
1.000
1.000
1.000
1.000
1.000
1.000
38.628
36.669
1.000
1.000
1.000
1.000
1.000
1.000
1.000
1.000
39.564
40.114
1.000
1.000
1.000
1.000
1.000
1.000
1.000
1.000
1.000
1.000
1.000
1.000
1.000
1.000
35.653
1.000
1.000
1.000
1.000
1.000
1.000
1.000
1.000
1.000
23.665
58.749
65.826
1.000
1.000
1.000
1.000
1.000
1.000
1.000
1.000
1.000
1.000
1.000
1.000
1.000
1.000
1.000
1.000
1.000
1.000
29.188
81.903
1.000
1.000
26.212
77.179
69.566
1.000
1.000
64.863
69.167
1.000
1.000
1.000
1.000
1.000
1.000
1.000
1.000
1.000
1.000
1.000
18.005
20.879
1.000
21.873
52.966
53.162
1.000
1.000
1.000
1.000
65.720
1.000
1.000
1.000
25.113
26.158
36.991
21.999
25.645
29.744
30.019
40.851
38.168
33.729
37.368
58.412
66.115
50.015
65.857
60.284
50.096
57.876
1.000
1.000
1.000
1.000
1.000
1.000
1.000
1.000
1.000
1.000
1.000
1.000
1.000
1.000
1.000
1.000
1.000
1.000
1.000
1.000
1.000
1.000
1.000
1.000
1.000
1.000
1.000
1.000
58.762
28.288
30.116
63.870
76.489
83.522
1.000
1.000
1.000
1.000
1.000
22.626
72.127
1.000
1.000
1.000
1.000
19.852
56.481
71.367
65.403
78.325
1.000
1.000
1.000
1.000
1.000
1.000
1.000
25.757
72.828
78.217
1.000
66.267
62.330
69.375
25.334
74.165
81.752
59.869
65.781
57.903
56.364
1.000
1.000
1.000
1.000
1.000
1.000
28.787
67.174
57.597
65.736
77.500
67.097
67.158
46.004
52.590
1.000
1.000
1.000
1.000
1.000
1.000
1.000
1.000
1.000
1.000
1.000
1.000
1.000
48.195
1.000
1.000
1.000
1.000
1.000
1.000
20.240
24.244
25.692
23.583
23.448
23.955
38.503
26.829
42.433
42.904
28.800
42.540
33.589
35.744
68.407
63.606
69.775
75.631
63.081
43.652
51.204
55.297
63.227
64.062
58.573
66.481
50.513
52.832
46.355
60.618
79.524
76.050
77.911
74.920
69.199
69.566
79.653
1.000
1.000
1.000
1.000
1.000
1.000
1.000
1.000
1.000
1.000
1.000
1.000
1.000
1.000
1.000
1.000
1.000
1.000
1.000
1.000
1.000
1.000
1.000
1.000
1.000
1.000
19.050
31.543
32.270
29.147
24.221
26.742
38.842
36.745
26.285
51.464
39.400
81.997
47.022
82.205
52.348
50.223
58.010
76.103
65.933
68.691
66.191
55.757
58.184
70.243
75.180
75.041
77.625
73.418
72.560
82.985
82.661
1.000
1.000
1.000
1.000
1.000
1.000
1.000
1.000
1.000
1.000
1.000
1.000
1.000
1.000
1.000
1.000
1.000
1.000
44.320
47.896
63.139
71.433
64.121
31.521
29.778
61.660
63.562
23.556
51.369
39.637
60.968
47.588
48.730
70.827
73.790
58.345
60.730
1.000
1.000
1.000
1.000
1.000
1.000
1.000
1.000
1.000
1.000
1.000
1.000
1.000
1.000
1.000
1.000
1.000
1.000
1.000
1.000
1.000
1.000
1.000
1.000
1.000
1.000
1.000
1.000
1.000
1.000
1.000
1.000
1.000
1.000
1.000
1.000
1.000
1.000
1.000
67.422
43.371
33.389
66.206
71.285
41.677
44.926
56.898
58.600
54.488
71.023
52.445
72.394
48.206
66.896
67.329
77.197
60.954
65.736
1.000
1.000
1.000
1.000
1.000
1.000
1.000
1.000
1.000
1.000
1.000
1.000
1.000
1.000
1.000
1.000
1.000
1.000
1.000
1.000
1.000
1.000
1.000
1.000
1.000
1.000
1.000
1.000
1.000
1.000
1.000
1.000
1.000
1.000
1.000
1.000
1.000
1.000
24.227
40.954
51.535
66.328
74.972
53.777
27.071
1.000
1.000
1.000
1.000
1.000
1.000
1.000
1.000
1.000
1.000
1.000
1.000
24.088
31.659
55.132
66.711
67.282
54.213
33.698
35.793
1.000
1.000
1.000
1.000
1.000
1.000
1.000
1.000
1.000
1.000
1.000
1.000
77.857
80.482
90.033
88.982
1.000
1.000
1.000
1.000
87.498
89.228
1.000
1.000
1.000
1.000
1.000
1.000
1.000
1.000
23.383
28.353
76.103
74.886
54.113
69.663
1.000
1.000
1.000
1.000
1.000
1.000
1.000
1.000
1.000
58.668
71.730
1.000
1.000
1.000
1.000
1.000
22.972
26.375
23.201
24.632
22.662
23.507
36.408
39.939
24.934
26.564
19.387
22.620
36.501
30.662
29.724
26.613
78.941
80.631
54.526
52.565
51.761
28.366
43.621
27.096
30.867
72.594
66.267
36.821
44.999
54.238
61.404
51.027
71.072
81.715
65.599
76.120
51.940
74.370
73.350
79.415
90.908
86.278
69.438
82.661
83.387
67.515
66.850
69.247
70.941
57.517
65.902
79.928
77.393
1.000
1.000
78.037
46.494
46.957
71.664
67.019
80.186
80.947
1.000
1.000
1.000
1.000
82.471
83.985
1.000
1.000
1.000
1.000
1.000
1.000
1.000
1.000
1.000
1.000
1.000
1.000
1.000
1.000
1.000
1.000
1.000
1.000
1.000
1.000
1.000
1.000
1.000
1.000
1.000
1.000
48.106
51.665
40.281
49.408
53.040
60.799
70.049
76.489
74.029
79.965
1.000
1.000
1.000
1.000
1.000
1.000
1.000
1.000
1.000
1.000
1.000
1.000
1.000
1.000
1.000
1.000
1.000
1.000
1.000
1.000
1.000
1.000
1.000
1.000
1.000
1.000
1.000
1.000
19.311
21.812
22.914
25.609
25.663
25.692
26.816
25.480
31.074
29.614
37.836
51.904
42.815
39.637
33.404
35.229
55.373
55.246
41.476
44.525
30.054
32.893
42.150
26.681
29.799
47.228
57.743
54.363
1.000
1.000
1.000
1.000
1.000
1.000
1.000
1.000
1.000
1.000
1.000
1.000
1.000
1.000
1.000
1.000
1.000
1.000
1.000
1.000
1.000
1.000
1.000
1.000
1.000
1.000
1.000
1.000
1.000
1.000
1.000
1.000
1.000
1.000
1.000
24.877
26.552
26.626
33.022
34.253
38.878
39.057
37.119
36.661
31.923
25.125
25.078
57.187
62.546
76.068
76.718
73.773
53.444
58.224
55.821
62.864
47.109
51.039
63.038
60.187
66.635
69.359
80.631
89.372
60.506
78.127
65.328
65.208
78.037
85.704
73.215
78.433
63.915
67.983
72.244
70.129
1.000
1.000
1.000
1.000
1.000
1.000
1.000
1.000
1.000
1.000
1.000
1.000
1.000
1.000
1.000
1.000
1.000
1.000
1.000
1.000
1.000
1.000
1.000
1.000
1.000
1.000
1.000
1.000
1.000
1.000
1.000
1.000
1.000
1.000
1.000
47.174
45.878
80.612
87.177
40.672
50.652
53.297
56.559
1.000
1.000
1.000
1.000
1.000
1.000
1.000
1.000
1.000
1.000
1.000
1.000
1.000
1.000
1.000
1.000
1.000
1.000
1.000
1.000
1.000
1.000
32.174
34.650
28.158
26.779
28.933
29.471
30.832
22.310
22.709
36.224
38.931
21.963
38.212
27.146
27.919
19.548
20.310
45.123
20.352
66.451
67.952
69.390
60.884
63.183
71.515
63.577
64.461
48.384
59.115
57.359
56.286
55.488
62.316
66.681
65.917
71.928
75.110
65.479
34.506
40.439
60.898
70.323
47.764
47.995
45.730
49.488
80.371
84.606
60.284
101.251
97.994
41.870
44.679
81.246
1.000
1.000
1.000
1.000
1.000
1.000
1.000
1.000
1.000
1.000
1.000
1.000
1.000
1.000
1.000
1.000
1.000
1.000
1.000
1.000
1.000
1.000
1.000
1.000
1.000
1.000
1.000
1.000
1.000
1.000
1.000
1.000
1.000
1.000
1.000
1.000
1.000
1.000
1.000
1.000
1.000
1.000
1.000
1.000
1.000
1.000
1.000
1.000
1.000
1.000
19.503
24.389
26.724
35.967
37.017
38.566
43.441
27.146
32.629
69.727
61.716
48.417
36.635
48.708
64.640
71.713
63.445
51.345
62.532
50.234
53.629
48.173
64.834
1.000
1.000
1.000
1.000
1.000
1.000
1.000
1.000
1.000
1.000
1.000
1.000
1.000
1.000
1.000
1.000
1.000
1.000
1.000
1.000
1.000
1.000
1.000
1.000
1.000
1.000
1.000
1.000
1.000
1.000
1.000
1.000
1.000
1.000
1.000
21.777
26.291
27.158
42.983
59.704
64.402
51.215
51.452
69.008
1.000
1.000
1.000
1.000
1.000
1.000
1.000
1.000
1.000
1.000
1.000
25.480
21.968
1.000
1.000
1.000
1.000
1.000
1.000
1.000
1.000
1.000
1.000
1.000
1.000
1.000
1.000
1.000
1.000
1.000
1.000
1.000
1.000
1.000
1.000
51.039
58.844
87.579
64.968
52.905
57.491
67.749
71.614
1.000
1.000
1.000
1.000
1.000
1.000
1.000
1.000
1.000
1.000
1.000
1.000
1.000
1.000
1.000
30.137
27.746
27.158
27.008
52.131
68.328
41.030
48.933
63.081
65.615
1.000
1.000
1.000
1.000
1.000
1.000
1.000
1.000
1.000
1.000
1.000
1.000
1.000
1.000
1.000
1.000
1.000
1.000
1.000
1.000
1.000
1.000
1.000
1.000
1.000
1.000
1.000
1.000
1.000
1.000
1.000
1.000
1.000
1.000
1.000
1.000
1.000
1.000
1.000
1.000
1.000
1.000
1.000
1.000
39.084
47.272
91.706
86.816
66.573
59.183
57.003
54.450
75.963
84.742
75.875
78.181
1.000
1.000
1.000
1.000
1.000
1.000
1.000
1.000
1.000
1.000
1.000
1.000
1.000
1.000
1.000
1.000
1.000
1.000
1.000
1.000
1.000
1.000
1.000
1.000
1.000
1.000
1.000
1.000
1.000
1.000
