18.463
28.530
43.662
17.989
1.000
1.000
1.000
1.000
1.000
1.000
1.000
1.000
19.498
19.311
18.836
22.867
23.030
28.615
52.845
40.374
43.481
33.877
32.689
32.501
25.026
26.473
49.091
25.722
45.019
34.033
26.242
30.939
1.000
1.000
41.687
51.098
51.109
1.000
1.000
1.000
1.000
1.000
1.000
1.000
1.000
1.000
1.000
1.000
1.000
1.000
1.000
1.000
1.000
1.000
1.000
1.000
1.000
1.000
1.000
1.000
1.000
1.000
1.000
1.000
1.000
1.000
1.000
1.000
1.000
1.000
1.000
1.000
1.000
1.000
1.000
1.000
1.000
1.000
1.000
1.000
1.000
1.000
1.000
1.000
1.000
1.000
1.000
1.000
1.000
57.214
1.000
1.000
1.000
1.000
1.000
1.000
1.000
29.424
30.704
44.106
85.783
85.290
57.438
57.836
50.921
58.681
1.000
1.000
1.000
1.000
1.000
1.000
1.000
1.000
1.000
1.000
1.000
1.000
1.000
1.000
1.000
1.000
1.000
1.000
1.000
1.000
28.582
18.226
40.654
28.563
36.274
25.340
20.559
29.717
49.888
28.392
31.805
19.856
1.000
1.000
59.279
31.521
34.111
1.000
1.000
1.000
1.000
1.000
1.000
1.000
1.000
1.000
1.000
1.000
1.000
1.000
1.000
1.000
1.000
1.000
1.000
1.000
1.000
1.000
1.000
1.000
1.000
1.000
1.000
1.000
1.000
1.000
1.000
1.000
1.000
17.045
73.384
50.050
48.663
56.221
53.052
46.623
48.095
64.774
77.126
79.013
77.804
80.816
1.000
1.000
1.000
1.000
1.000
1.000
1.000
1.000
1.000
1.000
1.000
1.000
1.000
1.000
1.000
1.000
1.000
1.000
1.000
1.000
1.000
1.000
1.000
1.000
1.000
1.000
1.000
1.000
1.000
1.000
1.000
1.000
1.000
1.000
1.000
1.000
1.000
1.000
1.000
1.000
1.000
1.000
1.000
1.000
26.170
56.247
62.633
1.000
1.000
1.000
1.000
1.000
1.000
1.000
1.000
1.000
1.000
1.000
1.000
1.000
1.000
1.000
1.000
1.000
23.211
23.785
20.082
26.816
20.003
20.903
20.559
23.222
23.453
27.283
42.904
31.225
27.625
49.957
43.672
49.181
46.838
46.057
53.827
51.582
43.833
60.520
47.109
73.434
42.403
46.968
77.643
28.655
30.109
47.315
43.311
55.526
31.703
34.451
56.925
56.403
59.924
89.454
58.668
63.768
42.472
47.381
30.061
29.161
83.062
51.050
108.094
1.000
94.973
67.019
79.616
1.000
1.000
98.175
1.000
78.995
79.232
1.000
1.000
1.000
1.000
1.000
1.000
1.000
1.000
1.000
1.000
1.000
1.000
1.000
1.000
1.000
1.000
1.000
1.000
1.000
1.000
1.000
1.000
1.000
1.000
1.000
1.000
1.000
1.000
1.000
1.000
1.000
1.000
1.000
29.100
67.437
58.210
44.823
43.591
67.205
67.577
1.000
1.000
1.000
1.000
1.000
1.000
1.000
1.000
1.000
1.000
1.000
1.000
1.000
1.000
1.000
1.000
1.000
1.000
1.000
1.000
1.000
1.000
1.000
1.000
1.000
55.081
1.000
1.000
1.000
1.000
1.000
1.000
1.000
1.000
1.000
1.000
1.000
1.000
50.304
46.313
40.964
47.282
60.926
74.817
1.000
1.000
1.000
1.000
1.000
1.000
1.000
1.000
1.000
1.000
1.000
1.000
1.000
1.000
1.000
1.000
29.930
32.991
41.248
60.912
74.920
1.000
1.000
1.000
1.000
1.000
1.000
1.000
1.000
1.000
1.000
1.000
1.000
1.000
1.000
1.000
1.000
1.000
1.000
1.000
1.000
1.000
1.000
1.000
1.000
1.000
1.000
1.000
1.000
1.000
1.000
1.000
1.000
1.000
1.000
1.000
1.000
1.000
22.423
24.294
25.858
33.083
42.806
39.930
35.950
1.000
1.000
1.000
1.000
1.000
1.000
1.000
1.000
1.000
1.000
1.000
1.000
1.000
1.000
1.000
1.000
1.000
1.000
1.000
1.000
1.000
1.000
1.000
1.000
1.000
15.988
17.231
25.858
33.037
40.216
40.663
31.579
34.159
43.742
65.479
64.968
62.907
64.521
71.995
84.918
91.939
77.839
88.125
77.144
78.163
76.807
1.000
1.000
1.000
1.000
1.000
1.000
1.000
1.000
1.000
1.000
1.000
1.000
1.000
1.000
1.000
1.000
1.000
1.000
1.000
1.000
1.000
1.000
1.000
1.000
1.000
18.408
20.592
28.893
28.119
32.802
31.225
49.102
43.321
29.067
28.464
49.648
72.094
39.003
48.596
54.752
79.561
76.542
82.604
83.522
64.150
68.171
67.236
76.807
1.000
1.000
1.000
1.000
1.000
1.000
1.000
1.000
1.000
1.000
1.000
1.000
1.000
1.000
1.000
1.000
1.000
1.000
1.000
1.000
1.000
1.000
1.000
26.074
17.939
16.998
20.850
24.033
30.634
31.427
20.512
25.668
27.925
24.957
21.154
22.893
35.563
28.734
26.835
25.246
35.975
33.799
27.152
38.851
25.050
32.188
24.632
25.906
28.840
32.449
28.242
38.019
32.456
27.208
29.034
32.070
25.966
28.464
24.672
22.903
32.531
35.620
30.996
37.196
24.182
38.949
25.692
27.593
21.657
22.377
35.801
27.227
47.874
32.961
22.720
34.586
36.308
40.532
39.237
30.248
37.801
38.028
82.718
18.433
30.186
47.753
31.506
34.033
70.811
36.484
23.610
66.958
69.183
43.732
67.873
43.541
56.728
76.454
50.327
50.804
80.891
83.311
38.001
40.672
37.188
57.346
71.400
59.883
56.938
46.591
95.039
57.703
70.534
48.978
100.995
77.839
85.981
93.864
49.579
90.469
50.373
86.996
59.347
90.678
93.325
81.960
79.287
57.717
56.925
67.531
62.216
64.565
52.541
68.124
50.711
71.548
64.819
62.517
55.654
70.958
73.485
69.199
74.063
38.256
73.282
38.318
48.206
58.857
84.567
46.345
52.845
42.540
45.625
90.594
84.957
65.343
62.820
36.141
63.592
69.263
84.703
76.984
52.845
66.039
80.223
46.217
61.277
58.237
75.180
92.321
77.500
71.879
73.875
75.232
46.559
62.705
44.906
80.947
79.524
60.898
67.717
73.756
45.102
75.405
76.401
70.958
85.566
40.467
73.350
51.940
64.714
69.183
99.197
51.004
46.323
48.261
70.876
79.653
69.615
55.642
97.746
102.047
77.571
45.248
60.117
77.983
52.204
69.088
82.642
58.966
87.177
71.072
96.117
68.265
64.893
76.278
59.731
60.646
64.595
97.454
96.073
56.885
98.220
84.898
86.298
70.974
80.593
82.300
67.593
61.859
72.444
42.835
64.849
78.995
76.103
1.000
1.000
71.236
1.000
1.000
1.000
1.000
1.000
1.000
1.000
1.000
1.000
1.000
1.000
1.000
1.000
1.000
1.000
1.000
1.000
1.000
1.000
1.000
1.000
1.000
1.000
1.000
1.000
1.000
1.000
1.000
1.000
1.000
1.000
1.000
1.000
1.000
1.000
1.000
1.000
1.000
1.000
1.000
1.000
1.000
1.000
1.000
1.000
1.000
1.000
1.000
1.000
1.000
1.000
1.000
1.000
1.000
1.000
1.000
1.000
1.000
1.000
1.000
1.000
1.000
1.000
1.000
1.000
1.000
1.000
1.000
1.000
1.000
1.000
30.409
29.999
1.000
43.621
49.204
1.000
39.518
1.000
14.328
62.676
77.660
1.000
58.466
1.000
48.562
74.800
1.000
64.744
62.173
18.252
48.062
54.979
59.211
49.204
81.489
1.000
1.000
1.000
1.000
1.000
1.000
1.000
1.000
1.000
1.000
1.000
1.000
1.000
1.000
1.000
1.000
1.000
1.000
1.000
1.000
1.000
1.000
1.000
1.000
1.000
1.000
1.000
18.741
19.980
35.620
31.103
28.125
23.939
18.815
16.592
18.412
17.298
16.604
18.201
28.523
17.100
14.031
18.578
27.416
63.387
40.105
31.783
61.546
37.523
34.738
25.433
33.274
44.371
60.870
35.083
44.596
35.335
29.322
38.566
34.253
37.299
21.737
31.318
32.569
44.381
23.153
23.616
30.109
23.254
44.300
46.047
31.937
33.628
22.197
36.266
47.896
46.196
34.451
38.194
24.763
27.177
1.000
28.229
1.000
1.000
1.000
1.000
1.000
1.000
1.000
1.000
1.000
1.000
1.000
1.000
1.000
1.000
1.000
1.000
1.000
1.000
1.000
1.000
1.000
1.000
1.000
1.000
1.000
1.000
1.000
1.000
1.000
1.000
1.000
1.000
1.000
1.000
1.000
1.000
1.000
1.000
1.000
1.000
1.000
1.000
1.000
1.000
1.000
1.000
1.000
1.000
1.000
1.000
1.000
1.000
1.000
1.000
1.000
1.000
1.000
1.000
1.000
1.000
1.000
1.000
1.000
1.000
1.000
1.000
1.000
1.000
1.000
1.000
1.000
1.000
1.000
1.000
1.000
1.000
1.000
1.000
1.000
1.000
1.000
1.000
1.000
1.000
1.000
1.000
1.000
1.000
1.000
1.000
1.000
1.000
1.000
1.000
1.000
1.000
1.000
1.000
1.000
1.000
1.000
1.000
22.516
1.000
1.000
31.053
22.673
18.357
24.820
40.888
32.486
71.548
68.093
59.883
74.216
1.000
1.000
1.000
1.000
1.000
1.000
1.000
1.000
25.177
29.641
32.621
1.000
1.000
26.092
25.246
19.222
19.620
1.000
1.000
60.534
69.167
111.892
111.122
1.000
1.000
1.000
1.000
1.000
1.000
16.998
18.138
32.509
16.846
16.873
17.923
31.038
26.656
40.832
44.086
38.672
30.747
22.187
24.660
24.786
21.837
20.469
55.680
1.000
1.000
1.000
1.000
1.000
1.000
1.000
1.000
1.000
1.000
1.000
1.000
1.000
1.000
1.000
1.000
1.000
1.000
1.000
1.000
1.000
1.000
1.000
1.000
1.000
1.000
1.000
1.000
1.000
1.000
1.000
1.000
1.000
1.000
1.000
1.000
1.000
26.218
21.252
23.994
71.961
73.892
56.131
62.618
60.007
61.532
72.410
70.909
71.548
73.148
1.000
1.000
1.000
1.000
1.000
1.000
1.000
1.000
1.000
1.000
1.000
27.549
26.804
24.300
28.164
57.756
52.881
62.187
65.811
69.103
41.267
63.372
76.190
56.118
55.552
29.888
30.939
45.290
45.698
1.000
1.000
1.000
1.000
1.000
1.000
1.000
1.000
1.000
1.000
1.000
1.000
1.000
1.000
1.000
1.000
1.000
1.000
1.000
1.000
1.000
1.000
1.000
1.000
1.000
1.000
1.000
1.000
1.000
1.000
1.000
1.000
1.000
1.000
1.000
1.000
1.000
1.000
1.000
1.000
1.000
1.000
1.000
1.000
1.000
22.772
54.150
62.158
92.130
97.589
79.031
75.197
75.998
74.748
87.056
75.788
85.389
78.361
1.000
1.000
1.000
1.000
1.000
1.000
1.000
1.000
1.000
1.000
1.000
1.000
1.000
1.000
1.000
1.000
1.000
1.000
1.000
1.000
1.000
1.000
1.000
36.830
41.879
23.518
23.292
32.825
33.628
56.208
58.439
24.479
27.810
50.489
61.263
36.091
43.053
51.310
65.178
51.133
55.976
50.211
49.465
45.551
47.163
41.754
35.003
38.646
58.790
46.291
57.584
42.717
48.820
32.584
53.444
42.228
47.195
1.000
52.954
67.422
1.000
1.000
1.000
1.000
1.000
1.000
1.000
1.000
1.000
1.000
1.000
1.000
1.000
1.000
1.000
1.000
1.000
1.000
1.000
1.000
1.000
1.000
1.000
1.000
1.000
1.000
1.000
1.000
1.000
1.000
1.000
1.000
1.000
1.000
1.000
1.000
1.000
1.000
28.340
34.025
25.586
21.617
31.747
33.589
54.676
54.815
46.419
53.506
37.402
36.762
46.968
63.241
51.558
57.030
48.084
54.200
43.421
58.573
60.214
36.813
40.105
65.978
50.061
47.885
30.465
31.908
30.676
42.875
1.000
1.000
1.000
1.000
1.000
1.000
1.000
1.000
1.000
1.000
1.000
1.000
1.000
1.000
1.000
1.000
1.000
1.000
1.000
1.000
1.000
1.000
1.000
1.000
1.000
1.000
1.000
1.000
1.000
1.000
1.000
1.000
1.000
1.000
1.000
1.000
1.000
1.000
1.000
1.000
1.000
1.000
1.000
1.000
48.854
1.000
66.573
1.000
1.000
1.000
1.000
46.623
1.000
1.000
1.000
1.000
1.000
1.000
1.000
1.000
1.000
1.000
1.000
1.000
60.618
57.253
1.000
1.000
1.000
1.000
1.000
1.000
1.000
1.000
1.000
1.000
1.000
1.000
29.744
30.123
50.992
55.335
51.665
61.816
46.452
51.630
53.815
1.000
1.000
66.100
1.000
1.000
1.000
1.000
1.000
1.000
1.000
1.000
1.000
1.000
1.000
1.000
1.000
1.000
1.000
1.000
1.000
1.000
1.000
1.000
1.000
22.218
38.557
46.111
52.228
55.976
50.851
58.979
58.371
1.000
1.000
1.000
1.000
1.000
1.000
1.000
1.000
1.000
1.000
1.000
1.000
1.000
1.000
1.000
1.000
1.000
1.000
1.000
1.000
1.000
1.000
1.000
1.000
1.000
1.000
1.000
26.008
40.832
33.167
36.610
32.307
30.102
38.922
37.128
37.428
52.372
40.973
51.333
57.996
40.041
44.740
42.472
49.820
54.992
59.814
65.599
65.675
63.900
33.744
37.722
56.377
42.983
46.602
44.596
45.825
1.000
1.000
1.000
1.000
1.000
1.000
1.000
1.000
1.000
1.000
1.000
1.000
1.000
1.000
1.000
1.000
1.000
1.000
1.000
1.000
1.000
1.000
1.000
1.000
1.000
1.000
1.000
18.754
19.756
37.111
40.096
32.456
34.182
48.641
50.722
51.606
49.934
41.610
38.824
59.061
49.420
45.488
55.233
60.464
60.548
60.145
66.819
75.561
45.051
47.984
59.662
54.967
61.787
43.102
49.351
66.130
1.000
1.000
1.000
1.000
1.000
1.000
1.000
1.000
1.000
1.000
1.000
1.000
1.000
1.000
1.000
1.000
1.000
1.000
1.000
1.000
1.000
1.000
1.000
1.000
1.000
1.000
1.000
1.000
1.000
1.000
1.000
1.000
1.000
1.000
1.000
35.612
28.714
17.294
56.951
29.826
30.151
28.747
44.895
37.705
22.387
18.776
44.249
51.630
21.091
22.993
51.761
39.373
40.244
65.948
62.058
48.719
49.762
55.873
47.797
42.218
43.924
29.248
35.563
52.143
53.027
61.603
63.023
41.295
46.249
58.264
48.317
60.423
74.731
81.884
1.000
1.000
1.000
59.594
55.565
49.716
1.000
1.000
1.000
1.000
1.000
1.000
1.000
1.000
1.000
1.000
1.000
1.000
1.000
1.000
1.000
1.000
1.000
1.000
1.000
1.000
1.000
1.000
1.000
1.000
1.000
1.000
1.000
1.000
1.000
1.000
1.000
1.000
1.000
1.000
1.000
1.000
1.000
1.000
1.000
1.000
1.000
1.000
1.000
1.000
1.000
1.000
1.000
1.000
1.000
1.000
1.000
1.000
1.000
1.000
1.000
1.000
1.000
1.000
1.000
1.000
1.000
1.000
1.000
1.000
1.000
1.000
1.000
51.677
54.727
65.283
64.387
71.697
70.729
80.835
58.519
70.291
45.165
59.007
1.000
1.000
1.000
1.000
1.000
1.000
1.000
1.000
1.000
1.000
1.000
17.124
18.189
22.279
23.757
35.711
44.412
37.351
39.518
61.916
60.478
60.772
47.720
54.450
39.301
48.854
64.387
52.905
34.690
42.082
59.020
71.335
54.513
47.033
60.353
73.536
61.038
65.963
66.512
67.733
60.912
55.654
62.734
57.043
88.512
87.599
64.003
65.418
76.033
59.416
1.000
1.000
1.000
1.000
1.000
1.000
1.000
1.000
1.000
1.000
1.000
1.000
1.000
1.000
1.000
1.000
1.000
1.000
1.000
1.000
1.000
1.000
1.000
1.000
1.000
1.000
1.000
1.000
1.000
1.000
1.000
1.000
1.000
1.000
1.000
1.000
1.000
1.000
1.000
1.000
1.000
1.000
1.000
1.000
1.000
1.000
1.000
1.000
1.000
1.000
1.000
1.000
1.000
1.000
1.000
1.000
1.000
1.000
1.000
1.000
1.000
1.000
1.000
1.000
1.000
1.000
1.000
1.000
1.000
53.383
20.682
23.834
39.373
38.887
38.001
39.582
52.638
43.142
45.835
62.748
67.717
50.746
51.535
26.200
26.761
36.108
37.818
64.077
71.072
63.504
60.968
63.812
35.662
46.687
45.751
60.688
52.216
63.212
71.056
47.512
1.000
1.000
1.000
1.000
62.719
1.000
1.000
1.000
1.000
1.000
1.000
1.000
1.000
1.000
1.000
1.000
1.000
1.000
1.000
1.000
1.000
1.000
1.000
1.000
1.000
1.000
1.000
1.000
1.000
1.000
1.000
1.000
1.000
1.000
1.000
1.000
1.000
1.000
1.000
1.000
1.000
1.000
1.000
1.000
1.000
1.000
1.000
1.000
1.000
1.000
1.000
1.000
1.000
1.000
1.000
1.000
1.000
1.000
1.000
1.000
1.000
1.000
1.000
1.000
22.930
25.609
46.892
59.211
70.146
1.000
1.000
1.000
1.000
1.000
1.000
1.000
1.000
1.000
1.000
1.000
1.000
1.000
1.000
1.000
1.000
1.000
1.000
1.000
1.000
23.862
38.592
30.374
28.980
28.648
26.528
25.527
28.314
27.015
30.213
29.007
30.924
24.797
29.181
31.739
28.569
31.254
41.966
48.350
64.432
45.019
54.992
44.157
48.250
49.091
48.184
50.582
57.478
54.338
64.121
59.470
70.081
49.374
38.887
59.143
66.681
1.000
1.000
1.000
1.000
1.000
1.000
1.000
1.000
1.000
1.000
1.000
1.000
1.000
1.000
1.000
1.000
1.000
1.000
1.000
1.000
1.000
1.000
1.000
1.000
1.000
1.000
1.000
1.000
1.000
1.000
1.000
1.000
1.000
1.000
1.000
1.000
1.000
1.000
1.000
1.000
1.000
24.060
24.621
49.522
33.128
26.485
31.864
72.560
84.004
86.596
58.251
66.435
1.000
1.000
1.000
1.000
1.000
1.000
1.000
1.000
1.000
1.000
1.000
1.000
1.000
1.000
1.000
1.000
1.000
1.000
1.000
1.000
1.000
1.000
1.000
1.000
1.000
1.000
1.000
1.000
1.000
1.000
1.000
1.000
1.000
1.000
1.000
1.000
1.000
29.047
29.087
43.501
51.582
55.526
65.933
68.344
62.864
64.417
70.033
1.000
1.000
1.000
1.000
1.000
1.000
1.000
1.000
1.000
1.000
60.325
56.715
58.790
64.091
1.000
92.619
89.598
94.929
1.000
1.000
1.000
1.000
1.000
1.000
1.000
1.000
1.000
43.411
53.641
43.082
46.925
62.030
70.081
77.839
85.704
1.000
1.000
1.000
1.000
1.000
1.000
1.000
1.000
1.000
1.000
18.159
32.166
19.253
21.592
21.296
32.122
17.848
20.587
25.811
26.953
23.818
21.385
22.090
21.827
23.025
27.977
28.893
34.946
32.531
70.372
32.404
43.341
45.740
59.594
63.768
73.655
40.851
42.452
69.775
80.020
51.227
44.710
52.553
24.952
32.122
78.289
85.231
36.291
42.934
64.551
71.138
48.933
33.189
45.154
48.495
1.000
1.000
1.000
1.000
1.000
1.000
1.000
1.000
1.000
1.000
1.000
1.000
1.000
1.000
1.000
1.000
1.000
1.000
1.000
1.000
1.000
1.000
1.000
1.000
1.000
1.000
1.000
1.000
1.000
1.000
1.000
1.000
1.000
1.000
1.000
1.000
1.000
1.000
1.000
1.000
1.000
1.000
1.000
1.000
1.000
1.000
1.000
1.000
1.000
1.000
1.000
1.000
1.000
1.000
1.000
1.000
1.000
1.000
1.000
1.000
1.000
1.000
1.000
1.000
1.000
1.000
1.000
1.000
1.000
1.000
1.000
1.000
1.000
1.000
1.000
1.000
59.745
64.417
1.000
1.000
1.000
24.412
38.362
55.208
64.313
30.095
30.493
26.786
39.174
41.371
37.094
66.206
69.072
76.683
46.259
51.642
57.108
58.966
78.668
73.858
76.895
80.761
71.121
69.904
88.716
90.323
67.764
61.475
58.224
61.973
89.475
95.653
67.468
73.875
68.202
62.864
70.632
1.000
1.000
97.859
86.099
1.000
1.000
1.000
1.000
1.000
1.000
1.000
1.000
1.000
1.000
1.000
1.000
1.000
1.000
1.000
1.000
1.000
1.000
1.000
1.000
1.000
1.000
1.000
1.000
1.000
1.000
1.000
1.000
1.000
1.000
1.000
1.000
1.000
1.000
1.000
1.000
1.000
1.000
1.000
1.000
1.000
1.000
1.000
1.000
1.000
1.000
1.000
1.000
1.000
1.000
1.000
33.799
22.491
21.468
25.299
23.217
23.747
49.374
71.269
74.405
69.167
81.040
77.732
76.878
79.396
98.062
75.284
69.406
67.019
66.009
1.000
1.000
64.018
62.661
87.801
86.776
1.000
1.000
1.000
1.000
1.000
1.000
1.000
1.000
1.000
1.000
1.000
1.000
1.000
1.000
1.000
1.000
1.000
1.000
1.000
1.000
1.000
1.000
1.000
1.000
1.000
1.000
1.000
1.000
1.000
1.000
1.000
1.000
1.000
1.000
1.000
1.000
1.000
1.000
1.000
1.000
1.000
37.627
31.945
22.192
42.189
33.366
58.479
58.871
39.939
19.561
44.392
40.738
28.987
22.574
34.794
73.858
73.807
66.558
18.180
47.141
47.261
21.208
27.277
23.388
30.283
32.011
73.485
75.110
51.832
51.535
27.221
75.963
78.487
71.647
71.598
72.177
95.565
72.895
77.215
79.122
80.965
77.965
68.218
63.460
67.004
76.931
65.963
81.715
91.348
71.220
76.948
75.405
79.598
66.589
66.527
41.572
43.914
58.358
57.624
55.360
56.131
74.817
80.519
42.904
46.057
89.392
85.546
88.145
92.747
72.277
75.701
68.691
65.163
80.094
69.823
1.000
1.000
1.000
1.000
89.619
85.941
1.000
1.000
1.000
1.000
1.000
1.000
1.000
1.000
1.000
1.000
1.000
1.000
1.000
1.000
1.000
1.000
1.000
1.000
1.000
1.000
1.000
1.000
1.000
1.000
1.000
1.000
1.000
1.000
1.000
1.000
1.000
1.000
1.000
1.000
1.000
21.792
22.856
20.450
24.277
22.004
26.309
25.805
29.329
53.641
51.133
35.091
29.215
47.819
38.806
38.654
43.421
28.629
29.127
26.224
27.002
70.713
64.461
39.683
35.942
34.882
48.362
46.548
39.537
46.323
48.117
47.109
60.926
58.898
54.777
63.900
71.007
65.615
62.259
77.002
79.579
94.276
76.261
77.929
83.811
71.730
74.422
81.227
58.641
66.069
64.580
73.722
81.790
86.357
71.450
75.736
64.032
71.515
56.416
63.753
69.743
63.489
56.911
65.963
80.186
71.680
55.081
54.727
72.828
68.501
70.534
74.285
78.217
76.613
80.854
82.395
69.486
1.000
1.000
79.873
77.804
1.000
1.000
1.000
1.000
1.000
1.000
1.000
1.000
1.000
1.000
1.000
1.000
1.000
1.000
1.000
1.000
1.000
1.000
1.000
1.000
1.000
1.000
1.000
1.000
1.000
1.000
1.000
28.255
29.094
43.591
44.238
52.324
56.520
53.174
70.081
1.000
1.000
1.000
1.000
1.000
1.000
1.000
1.000
1.000
1.000
1.000
1.000
1.000
1.000
1.000
1.000
1.000
1.000
1.000
1.000
1.000
1.000
51.263
48.944
73.519
69.888
65.193
81.621
73.350
75.561
50.921
61.150
53.383
62.373
70.502
73.824
75.875
1.000
1.000
1.000
1.000
1.000
1.000
1.000
1.000
1.000
1.000
1.000
71.697
81.358
1.000
1.000
43.471
56.403
70.372
77.161
64.358
68.913
84.957
73.030
1.000
1.000
1.000
1.000
1.000
1.000
1.000
1.000
1.000
1.000
1.000
1.000
1.000
21.228
65.615
64.983
69.247
98.424
93.864
108.793
82.167
1.000
1.000
1.000
1.000
1.000
1.000
1.000
1.000
1.000
1.000
25.948
20.193
34.308
30.213
30.088
32.441
27.701
31.046
26.339
30.346
20.147
36.291
26.558
31.067
52.735
53.003
22.428
25.177
46.946
54.413
21.350
29.978
35.490
25.615
39.555
43.082
50.015
50.536
34.127
40.973
40.225
42.257
65.403
77.660
28.184
52.264
28.827
32.196
24.564
60.842
52.759
62.388
35.777
35.818
51.464
55.552
59.429
59.827
40.022
42.678
52.192
1.000
1.000
1.000
1.000
1.000
1.000
1.000
1.000
1.000
1.000
1.000
1.000
1.000
1.000
1.000
1.000
1.000
1.000
1.000
1.000
1.000
1.000
1.000
1.000
1.000
1.000
1.000
1.000
1.000
1.000
1.000
1.000
1.000
1.000
1.000
1.000
1.000
1.000
1.000
1.000
1.000
1.000
1.000
1.000
1.000
1.000
1.000
1.000
1.000
1.000
1.000
1.000
1.000
1.000
1.000
1.000
1.000
1.000
1.000
1.000
1.000
1.000
1.000
33.830
30.514
36.585
31.038
25.188
26.224
52.336
29.957
30.151
25.966
25.246
31.982
33.090
76.878
32.862
39.482
36.889
51.964
52.723
85.704
57.836
71.105
45.269
50.559
58.076
40.738
45.962
43.803
51.976
73.485
77.321
50.886
49.820
63.212
65.917
78.271
78.001
73.013
75.266
63.533
65.826
61.024
64.655
50.026
54.488
83.657
90.949
82.928
79.469
1.000
1.000
54.138
1.000
1.000
1.000
1.000
1.000
1.000
1.000
1.000
1.000
1.000
1.000
1.000
1.000
1.000
1.000
1.000
1.000
1.000
1.000
1.000
1.000
1.000
1.000
1.000
1.000
1.000
1.000
1.000
1.000
1.000
1.000
1.000
1.000
1.000
1.000
1.000
1.000
1.000
1.000
1.000
1.000
1.000
1.000
1.000
1.000
1.000
1.000
1.000
1.000
1.000
1.000
1.000
1.000
1.000
1.000
1.000
1.000
1.000
1.000
1.000
1.000
1.000
1.000
1.000
63.606
47.687
42.433
49.068
1.000
1.000
1.000
1.000
1.000
1.000
1.000
1.000
1.000
1.000
1.000
1.000
1.000
1.000
31.333
73.978
79.671
88.961
82.775
96.028
100.600
1.000
1.000
1.000
1.000
1.000
1.000
1.000
1.000
1.000
1.000
1.000
1.000
1.000
1.000
1.000
28.100
23.115
76.384
75.353
54.313
59.814
60.590
63.096
59.883
57.783
54.275
72.044
1.000
1.000
1.000
1.000
1.000
1.000
1.000
1.000
1.000
1.000
1.000
1.000
1.000
1.000
1.000
1.000
1.000
22.511
34.498
38.080
45.656
45.478
61.080
69.647
1.000
1.000
1.000
1.000
1.000
1.000
1.000
1.000
1.000
1.000
1.000
1.000
1.000
1.000
1.000
1.000
1.000
1.000
63.768
1.000
1.000
1.000
1.000
1.000
1.000
1.000
1.000
1.000
1.000
1.000
1.000
1.000
1.000
80.816
1.000
1.000
71.285
1.000
1.000
1.000
1.000
1.000
1.000
1.000
1.000
1.000
1.000
1.000
23.796
16.353
31.681
41.889
40.225
39.283
37.377
36.501
33.729
38.327
41.210
58.023
1.000
1.000
1.000
1.000
1.000
1.000
1.000
1.000
1.000
1.000
1.000
1.000
1.000
1.000
1.000
1.000
1.000
1.000
1.000
1.000
58.722
56.118
67.515
1.000
1.000
1.000
1.000
1.000
1.000
1.000
1.000
1.000
1.000
1.000
1.000
1.000
1.000
1.000
1.000
1.000
1.000
1.000
1.000
81.003
1.000
1.000
1.000
1.000
1.000
1.000
1.000
1.000
1.000
1.000
1.000
1.000
1.000
1.000
1.000
1.000
1.000
1.000
1.000
19.962
26.626
26.742
40.926
45.196
41.172
38.905
36.821
35.917
55.450
48.798
72.778
1.000
1.000
1.000
65.073
70.795
1.000
1.000
1.000
1.000
1.000
1.000
1.000
1.000
1.000
1.000
1.000
1.000
1.000
1.000
1.000
1.000
52.228
52.192
1.000
1.000
1.000
1.000
1.000
1.000
1.000
1.000
1.000
1.000
1.000
1.000
1.000
16.539
33.205
30.606
38.860
43.642
53.530
52.288
44.771
44.228
34.794
42.530
64.210
73.232
71.598
1.000
1.000
1.000
1.000
1.000
1.000
1.000
1.000
1.000
1.000
1.000
1.000
1.000
1.000
1.000
1.000
25.639
22.009
28.151
30.974
43.601
39.976
50.373
49.820
52.614
34.443
59.416
1.000
1.000
1.000
1.000
1.000
1.000
1.000
1.000
1.000
1.000
1.000
1.000
1.000
1.000
1.000
1.000
1.000
47.413
49.545
75.823
72.845
62.431
47.654
57.703
1.000
1.000
1.000
1.000
1.000
1.000
1.000
1.000
1.000
1.000
1.000
1.000
1.000
1.000
1.000
1.000
36.108
58.790
63.416
88.105
85.290
72.946
80.742
76.348
81.003
1.000
1.000
1.000
1.000
1.000
1.000
1.000
1.000
1.000
1.000
1.000
1.000
1.000
1.000
1.000
1.000
1.000
1.000
1.000
1.000
1.000
1.000
26.546
25.380
30.768
47.830
28.920
32.516
73.282
77.678
77.643
64.372
61.958
82.357
75.093
71.483
1.000
1.000
1.000
1.000
1.000
1.000
1.000
1.000
1.000
1.000
1.000
1.000
1.000
1.000
1.000
1.000
1.000
1.000
1.000
1.000
1.000
1.000
1.000
1.000
1.000
1.000
1.000
1.000
1.000
1.000
1.000
1.000
1.000
1.000
51.086
49.751
50.676
62.030
68.501
53.666
1.000
1.000
1.000
1.000
1.000
1.000
1.000
1.000
1.000
1.000
1.000
1.000
1.000
1.000
1.000
1.000
1.000
1.000
1.000
1.000
22.925
29.874
28.184
1.000
1.000
1.000
1.000
1.000
1.000
1.000
1.000
1.000
1.000
1.000
1.000
1.000
1.000
1.000
1.000
1.000
1.000
1.000
1.000
1.000
46.079
48.730
66.298
63.299
55.667
66.958
1.000
1.000
1.000
1.000
1.000
1.000
1.000
1.000
1.000
1.000
1.000
1.000
1.000
1.000
59.088
60.048
1.000
1.000
1.000
1.000
1.000
1.000
1.000
1.000
1.000
1.000
1.000
1.000
1.000
1.000
18.306
18.850
23.779
33.029
22.693
21.468
30.332
21.677
25.130
28.392
21.702
22.202
26.632
28.907
37.034
40.542
35.449
61.830
36.974
42.707
54.488
45.740
47.874
29.676
32.174
24.261
28.940
34.578
59.156
58.979
43.321
53.137
25.188
35.530
46.377
61.362
60.660
69.295
1.000
1.000
1.000
1.000
1.000
1.000
1.000
1.000
1.000
1.000
1.000
1.000
1.000
1.000
1.000
1.000
1.000
1.000
1.000
1.000
1.000
1.000
1.000
1.000
1.000
1.000
1.000
1.000
1.000
1.000
1.000
1.000
1.000
1.000
1.000
1.000
1.000
1.000
1.000
1.000
1.000
1.000
1.000
1.000
1.000
1.000
1.000
1.000
1.000
1.000
1.000
1.000
1.000
1.000
1.000
1.000
1.000
1.000
1.000
1.000
1.000
28.734
36.058
57.850
28.210
40.439
39.701
39.482
40.327
37.308
44.555
62.604
39.138
45.175
52.505
58.277
55.731
51.618
54.815
46.047
61.546
1.000
1.000
1.000
1.000
1.000
1.000
1.000
1.000
1.000
1.000
1.000
1.000
30.186
29.060
32.621
37.420
54.992
50.606
50.711
64.893
1.000
1.000
1.000
1.000
1.000
1.000
1.000
1.000
1.000
1.000
1.000
1.000
1.000
1.000
1.000
1.000
1.000
1.000
37.601
24.587
26.705
25.948
24.992
31.543
31.725
33.775
34.332
25.229
27.164
32.802
28.087
63.680
62.316
62.359
67.983
43.401
49.340
53.852
60.646
49.568
58.117
51.594
64.180
36.576
47.141
58.506
50.073
53.321
56.208
60.702
69.582
62.287
62.546
53.567
51.940
59.197
62.676
75.370
72.360
64.789
68.897
56.611
56.951
51.523
66.283
75.128
53.125
50.478
67.267
66.512
70.081
76.931
47.239
53.137
52.276
1.000
1.000
1.000
1.000
1.000
1.000
1.000
1.000
1.000
1.000
1.000
1.000
1.000
1.000
1.000
1.000
1.000
1.000
1.000
1.000
1.000
1.000
1.000
1.000
1.000
1.000
1.000
1.000
1.000
1.000
1.000
1.000
1.000
1.000
1.000
1.000
48.708
49.488
51.713
62.230
1.000
1.000
1.000
1.000
1.000
1.000
1.000
1.000
1.000
1.000
1.000
1.000
1.000
1.000
1.000
1.000
1.000
1.000
1.000
1.000
1.000
1.000
1.000
1.000
1.000
1.000
1.000
20.725
33.566
37.085
29.669
30.634
25.015
31.268
44.351
48.261
31.674
38.450
51.345
64.077
59.883
32.114
55.976
50.641
54.125
46.752
56.520
1.000
1.000
1.000
1.000
1.000
1.000
1.000
1.000
1.000
1.000
1.000
1.000
1.000
1.000
1.000
1.000
1.000
1.000
1.000
1.000
1.000
1.000
1.000
1.000
1.000
1.000
1.000
1.000
1.000
1.000
1.000
1.000
1.000
1.000
1.000
1.000
1.000
1.000
1.000
46.387
26.810
27.121
26.260
40.448
42.092
53.629
62.474
41.210
43.172
41.400
48.306
47.973
61.688
1.000
1.000
1.000
1.000
1.000
1.000
1.000
1.000
1.000
1.000
1.000
1.000
1.000
1.000
1.000
1.000
1.000
1.000
1.000
1.000
1.000
1.000
1.000
58.533
59.320
51.820
52.000
56.247
58.184
42.462
71.220
79.965
1.000
1.000
1.000
1.000
1.000
1.000
1.000
1.000
1.000
1.000
1.000
1.000
1.000
1.000
1.000
1.000
1.000
46.036
49.215
52.517
54.878
63.621
66.252
73.131
64.551
70.210
69.199
66.819
49.125
60.926
66.481
79.855
1.000
1.000
1.000
1.000
1.000
1.000
1.000
1.000
1.000
1.000
1.000
1.000
1.000
1.000
1.000
1.000
1.000
1.000
1.000
1.000
1.000
1.000
59.965
61.532
61.052
1.000
1.000
1.000
1.000
1.000
1.000
1.000
1.000
1.000
1.000
1.000
1.000
1.000
1.000
1.000
1.000
65.433
69.727
75.648
91.033
87.478
92.003
1.000
1.000
1.000
1.000
1.000
1.000
1.000
1.000
1.000
17.539
21.667
35.432
25.363
30.563
49.774
32.122
37.179
35.465
37.515
44.330
50.898
45.311
44.937
63.038
63.168
81.358
88.430
73.316
86.996
88.797
81.997
67.437
75.197
76.736
68.202
70.097
62.445
75.509
77.893
77.983
73.553
80.371
79.469
99.220
84.742
94.102
96.272
74.422
73.553
61.944
70.129
80.798
78.995
59.993
65.313
83.291
90.157
77.232
63.973
71.269
59.717
56.559
60.604
79.305
82.813
50.571
64.165
74.131
76.966
68.533
67.639
1.000
1.000
1.000
1.000
1.000
1.000
1.000
1.000
1.000
1.000
1.000
1.000
1.000
1.000
1.000
1.000
1.000
1.000
1.000
1.000
1.000
1.000
1.000
1.000
1.000
1.000
1.000
1.000
1.000
1.000
1.000
1.000
1.000
1.000
1.000
1.000
1.000
1.000
1.000
1.000
1.000
21.223
24.116
27.202
17.490
22.746
24.406
46.979
30.542
27.416
26.479
28.171
27.555
30.019
29.181
32.137
28.249
29.971
24.837
27.146
28.648
39.129
39.792
30.811
37.975
23.361
23.486
28.980
25.316
32.862
39.655
49.992
51.393
60.423
48.273
60.228
62.417
44.844
54.929
39.537
47.033
42.102
48.910
47.391
58.251
60.090
64.003
43.501
46.047
67.360
39.382
49.694
66.100
63.959
35.662
64.018
59.484
62.359
34.986
60.828
67.608
57.531
56.053
1.000
1.000
1.000
1.000
1.000
1.000
1.000
1.000
1.000
1.000
1.000
1.000
1.000
1.000
1.000
1.000
1.000
1.000
1.000
1.000
1.000
1.000
1.000
1.000
1.000
1.000
1.000
1.000
1.000
1.000
1.000
1.000
1.000
1.000
1.000
1.000
1.000
1.000
1.000
1.000
1.000
1.000
1.000
1.000
1.000
1.000
1.000
1.000
1.000
1.000
1.000
1.000
1.000
1.000
1.000
1.000
1.000
1.000
1.000
1.000
1.000
1.000
1.000
1.000
1.000
1.000
1.000
1.000
1.000
1.000
1.000
1.000
1.000
1.000
1.000
1.000
1.000
1.000
1.000
1.000
1.000
1.000
1.000
1.000
21.802
1.000
1.000
1.000
1.000
1.000
1.000
1.000
1.000
1.000
1.000
1.000
50.629
1.000
1.000
1.000
1.000
1.000
1.000
1.000
1.000
1.000
41.976
39.564
1.000
1.000
1.000
1.000
1.000
1.000
1.000
1.000
1.000
1.000
1.000
1.000
1.000
1.000
1.000
1.000
1.000
1.000
1.000
28.229
66.359
62.359
1.000
1.000
1.000
1.000
1.000
1.000
1.000
1.000
1.000
1.000
1.000
1.000
1.000
1.000
1.000
1.000
1.000
37.316
37.601
50.781
51.286
1.000
1.000
1.000
1.000
1.000
1.000
1.000
1.000
1.000
1.000
1.000
1.000
1.000
1.000
1.000
1.000
1.000
1.000
1.000
27.391
27.797
28.016
28.490
44.238
47.326
74.748
51.074
54.013
45.751
54.425
1.000
1.000
1.000
1.000
1.000
1.000
1.000
1.000
1.000
1.000
1.000
1.000
1.000
1.000
1.000
1.000
1.000
1.000
1.000
1.000
1.000
1.000
1.000
1.000
1.000
1.000
1.000
1.000
1.000
1.000
1.000
1.000
1.000
35.629
35.514
72.744
78.832
1.000
1.000
1.000
1.000
1.000
1.000
1.000
1.000
1.000
1.000
1.000
1.000
1.000
1.000
1.000
1.000
1.000
1.000
1.000
1.000
1.000
1.000
34.730
38.353
33.174
35.983
57.650
52.784
56.559
68.312
70.892
70.876
61.830
69.231
59.993
72.144
1.000
1.000
1.000
1.000
1.000
1.000
1.000
1.000
1.000
1.000
1.000
1.000
1.000
1.000
1.000
1.000
1.000
1.000
1.000
1.000
1.000
1.000
1.000
1.000
1.000
1.000
1.000
1.000
1.000
1.000
1.000
21.086
24.660
36.694
46.591
39.976
51.725
66.085
37.584
30.697
36.050
28.373
33.527
34.293
40.170
1.000
1.000
1.000
1.000
1.000
1.000
1.000
1.000
1.000
1.000
1.000
1.000
1.000
1.000
1.000
1.000
1.000
1.000
1.000
1.000
1.000
1.000
1.000
1.000
1.000
1.000
1.000
1.000
1.000
1.000
1.000
1.000
1.000
1.000
1.000
1.000
1.000
1.000
1.000
1.000
1.000
1.000
1.000
21.908
31.369
29.194
27.593
44.005
43.311
40.198
66.069
34.858
67.453
64.551
44.658
92.045
26.152
48.173
45.962
29.114
34.762
56.312
54.891
57.398
56.898
55.796
27.033
40.318
58.993
52.711
73.215
32.085
42.141
39.102
63.900
84.606
44.710
37.853
77.983
68.565
61.731
56.559
22.548
92.854
87.902
41.629
42.199
54.828
66.405
78.433
83.023
81.059
75.370
80.076
77.108
54.551
58.237
78.505
82.947
51.677
52.396
50.107
56.286
81.208
75.614
67.842
53.444
77.518
79.763
78.199
89.043
91.854
73.114
89.867
87.357
66.191
70.162
94.995
58.398
57.451
66.298
73.030
78.127
87.640
81.414
54.765
62.748
92.215
96.783
1.000
77.643
73.350
83.637
55.373
99.770
98.673
73.807
1.000
1.000
40.216
44.463
94.297
97.342
1.000
1.000
1.000
1.000
1.000
1.000
1.000
1.000
1.000
1.000
1.000
1.000
1.000
1.000
1.000
1.000
1.000
1.000
1.000
1.000
1.000
1.000
1.000
1.000
1.000
1.000
1.000
1.000
1.000
1.000
1.000
1.000
1.000
1.000
1.000
1.000
1.000
1.000
1.000
1.000
1.000
1.000
1.000
1.000
1.000
1.000
1.000
1.000
1.000
1.000
1.000
1.000
1.000
1.000
1.000
1.000
1.000
1.000
1.000
1.000
1.000
1.000
1.000
1.000
1.000
1.000
1.000
1.000
1.000
1.000
1.000
1.000
1.000
1.000
1.000
1.000
1.000
1.000
1.000
1.000
1.000
1.000
1.000
1.000
1.000
1.000
1.000
1.000
1.000
1.000
1.000
1.000
1.000
1.000
1.000
1.000
1.000
1.000
1.000
1.000
1.000
1.000
1.000
1.000
1.000
1.000
1.000
1.000
1.000
1.000
1.000
1.000
1.000
1.000
1.000
1.000
1.000
1.000
1.000
1.000
1.000
1.000
1.000
1.000
1.000
1.000
1.000
1.000
1.000
1.000
1.000
1.000
25.183
63.081
53.914
49.477
44.238
46.935
42.238
52.541
66.390
67.952
65.163
1.000
1.000
1.000
1.000
1.000
1.000
1.000
1.000
1.000
1.000
1.000
1.000
1.000
1.000
1.000
1.000
1.000
55.297
68.612
81.246
1.000
1.000
1.000
1.000
1.000
1.000
1.000
1.000
1.000
1.000
69.615
72.611
1.000
1.000
1.000
1.000
1.000
1.000
1.000
89.619
91.348
1.000
1.000
1.000
1.000
1.000
1.000
1.000
1.000
1.000
1.000
1.000
1.000
1.000
1.000
1.000
1.000
1.000
1.000
1.000
1.000
1.000
1.000
1.000
1.000
1.000
1.000
1.000
1.000
61.263
67.189
1.000
1.000
1.000
1.000
57.584
57.240
67.952
79.506
1.000
1.000
1.000
1.000
25.084
24.912
54.263
56.624
72.929
76.033
83.907
51.725
53.358
68.707
71.631
48.495
52.845
57.412
56.338
37.342
30.711
65.720
71.647
56.325
56.520
50.443
73.978
1.000
1.000
1.000
1.000
1.000
1.000
1.000
1.000
1.000
1.000
1.000
1.000
1.000
1.000
1.000
1.000
1.000
1.000
1.000
1.000
1.000
1.000
1.000
1.000
1.000
1.000
1.000
1.000
1.000
1.000
1.000
1.000
1.000
1.000
1.000
1.000
1.000
1.000
25.177
30.019
61.660
63.475
60.856
57.240
50.874
60.799
50.165
69.151
74.165
50.304
54.088
55.886
75.544
52.276
48.495
40.253
44.504
1.000
1.000
1.000
1.000
1.000
1.000
1.000
1.000
1.000
1.000
1.000
1.000
1.000
1.000
1.000
1.000
1.000
1.000
1.000
1.000
1.000
1.000
1.000
1.000
1.000
1.000
1.000
23.475
23.692
70.146
59.306
54.676
84.314
87.781
86.816
89.166
76.331
80.501
72.661
87.922
68.093
80.168
46.946
43.461
60.076
52.747
59.525
50.874
53.740
54.225
76.984
1.000
1.000
1.000
1.000
1.000
1.000
1.000
1.000
1.000
1.000
1.000
1.000
1.000
1.000
1.000
1.000
1.000
1.000
1.000
1.000
1.000
1.000
1.000
1.000
1.000
1.000
1.000
1.000
1.000
1.000
1.000
1.000
1.000
1.000
1.000
1.000
1.000
1.000
32.315
24.570
26.773
56.951
46.036
71.812
62.661
61.080
78.307
76.401
61.702
66.635
59.511
61.362
61.207
67.468
41.812
43.621
53.395
56.364
1.000
1.000
52.360
50.957
1.000
1.000
1.000
1.000
1.000
1.000
1.000
1.000
1.000
1.000
1.000
1.000
1.000
1.000
1.000
1.000
1.000
1.000
1.000
1.000
1.000
1.000
1.000
1.000
1.000
1.000
1.000
1.000
1.000
1.000
1.000
1.000
1.000
1.000
1.000
1.000
1.000
1.000
26.804
34.778
32.961
71.548
59.772
69.375
74.679
84.606
73.909
73.621
65.872
76.560
59.786
69.231
54.954
50.153
1.000
1.000
49.682
44.351
1.000
1.000
1.000
1.000
1.000
1.000
1.000
1.000
1.000
1.000
1.000
1.000
1.000
1.000
1.000
1.000
1.000
1.000
1.000
1.000
1.000
1.000
1.000
1.000
1.000
1.000
1.000
1.000
1.000
1.000
1.000
1.000
1.000
1.000
1.000
1.000
1.000
1.000
1.000
1.000
1.000
24.553
28.609
28.171
54.538
71.532
86.080
93.111
75.266
76.155
67.050
73.148
52.192
66.865
74.114
77.839
57.810
58.277
1.000
1.000
47.709
1.000
1.000
1.000
1.000
1.000
1.000
1.000
1.000
1.000
1.000
1.000
1.000
1.000
1.000
1.000
1.000
1.000
1.000
1.000
1.000
1.000
1.000
1.000
1.000
1.000
1.000
1.000
1.000
1.000
1.000
1.000
1.000
1.000
1.000
1.000
1.000
1.000
1.000
1.000
1.000
1.000
1.000
1.000
1.000
1.000
1.000
1.000
1.000
1.000
32.315
33.159
30.200
33.335
60.590
65.917
70.909
79.433
73.995
94.189
58.385
72.560
44.813
46.377
48.250
47.753
71.007
76.648
49.488
44.525
1.000
1.000
1.000
1.000
1.000
1.000
1.000
1.000
1.000
1.000
1.000
1.000
1.000
1.000
1.000
1.000
1.000
1.000
1.000
1.000
1.000
1.000
1.000
1.000
1.000
1.000
1.000
1.000
1.000
1.000
1.000
1.000
1.000
1.000
1.000
1.000
1.000
1.000
1.000
1.000
1.000
1.000
1.000
1.000
1.000
1.000
1.000
1.000
21.335
20.422
53.076
67.004
53.580
60.562
50.281
65.584
79.031
78.578
1.000
1.000
1.000
1.000
1.000
1.000
1.000
1.000
1.000
1.000
1.000
1.000
1.000
1.000
1.000
1.000
1.000
1.000
1.000
1.000
1.000
1.000
1.000
1.000
1.000
1.000
1.000
1.000
1.000
1.000
1.000
1.000
1.000
1.000
28.399
28.048
56.859
56.221
39.664
62.144
59.007
73.164
58.614
67.189
51.796
61.987
71.796
77.161
1.000
1.000
1.000
1.000
1.000
1.000
1.000
1.000
1.000
1.000
1.000
1.000
1.000
1.000
24.706
23.329
27.271
33.458
33.651
45.551
54.363
47.962
48.284
46.473
60.870
57.650
56.468
41.124
40.542
37.282
42.815
55.924
62.044
56.676
64.476
64.032
33.853
42.560
54.150
58.130
69.904
45.825
47.874
1.000
1.000
1.000
1.000
1.000
1.000
1.000
1.000
1.000
1.000
1.000
1.000
1.000
1.000
1.000
1.000
1.000
1.000
1.000
1.000
1.000
1.000
1.000
1.000
1.000
1.000
1.000
29.737
27.353
38.115
45.583
46.644
64.908
86.616
87.197
64.298
67.391
70.388
75.128
72.979
73.401
77.696
68.596
1.000
1.000
1.000
1.000
1.000
1.000
1.000
1.000
1.000
1.000
1.000
1.000
1.000
1.000
1.000
1.000
1.000
1.000
1.000
1.000
1.000
1.000
1.000
1.000
1.000
66.619
73.739
1.000
1.000
1.000
1.000
12.753
28.171
23.496
45.175
49.957
25.846
22.085
48.139
43.772
42.121
40.888
40.161
29.316
39.737
39.728
52.324
22.940
50.315
59.429
49.000
47.929
64.863
63.067
82.167
82.737
67.546
73.333
56.247
56.002
68.834
79.068
65.058
64.953
55.873
58.857
67.967
72.244
71.040
1.000
1.000
47.885
46.677
68.786
66.069
1.000
1.000
1.000
1.000
1.000
1.000
1.000
1.000
1.000
1.000
1.000
1.000
1.000
1.000
1.000
1.000
1.000
1.000
1.000
1.000
1.000
1.000
1.000
1.000
1.000
1.000
1.000
1.000
1.000
1.000
1.000
1.000
1.000
1.000
1.000
1.000
1.000
1.000
1.000
1.000
1.000
1.000
1.000
1.000
1.000
1.000
1.000
1.000
1.000
1.000
1.000
1.000
1.000
1.000
1.000
1.000
1.000
1.000
1.000
1.000
1.000
1.000
1.000
1.000
1.000
1.000
1.000
1.000
1.000
1.000
1.000
1.000
28.523
26.146
27.271
26.272
26.903
47.995
52.784
37.205
43.732
41.210
41.162
39.391
39.446
33.721
40.041
47.808
59.293
54.664
32.794
42.737
48.618
40.551
56.260
78.686
42.717
46.957
43.381
35.043
40.542
44.055
40.392
58.117
60.590
1.000
1.000
1.000
1.000
1.000
1.000
1.000
1.000
1.000
1.000
1.000
1.000
1.000
1.000
1.000
1.000
1.000
1.000
1.000
1.000
1.000
1.000
1.000
1.000
1.000
68.281
74.490
89.970
90.157
93.756
85.114
70.664
63.680
89.516
85.330
82.947
81.658
1.000
1.000
1.000
1.000
1.000
1.000
1.000
1.000
1.000
1.000
1.000
1.000
1.000
1.000
1.000
1.000
1.000
1.000
1.000
1.000
1.000
1.000
1.000
1.000
1.000
1.000
1.000
1.000
1.000
25.206
25.392
34.970
30.165
28.774
53.666
35.116
31.189
52.024
56.741
63.431
38.744
45.635
52.578
57.478
63.782
48.195
53.420
60.562
43.241
44.730
53.777
66.911
84.801
89.640
53.777
54.765
60.395
1.000
1.000
1.000
1.000
1.000
1.000
1.000
1.000
1.000
1.000
1.000
1.000
1.000
1.000
1.000
1.000
1.000
1.000
1.000
1.000
1.000
1.000
1.000
1.000
1.000
1.000
1.000
1.000
1.000
1.000
1.000
1.000
19.346
24.088
22.678
30.875
17.824
32.599
18.880
20.059
34.403
40.031
59.388
56.286
31.275
29.971
32.629
38.949
42.034
47.588
74.012
65.887
59.320
44.566
1.000
1.000
1.000
1.000
1.000
1.000
1.000
1.000
1.000
1.000
1.000
1.000
1.000
1.000
1.000
1.000
1.000
1.000
1.000
1.000
1.000
1.000
1.000
1.000
1.000
1.000
1.000
1.000
1.000
1.000
1.000
1.000
1.000
1.000
1.000
1.000
1.000
1.000
1.000
1.000
1.000
1.000
1.000
1.000
1.000
1.000
1.000
1.000
1.000
1.000
1.000
1.000
1.000
1.000
1.000
1.000
1.000
1.000
1.000
31.776
38.672
86.020
94.037
93.498
91.432
85.664
89.722
1.000
1.000
1.000
1.000
1.000
1.000
1.000
1.000
1.000
1.000
23.676
76.296
73.553
56.781
58.318
82.092
94.059
1.000
1.000
1.000
1.000
1.000
1.000
1.000
1.000
1.000
1.000
1.000
1.000
1.000
1.000
1.000
1.000
1.000
1.000
1.000
1.000
1.000
86.000
88.920
55.246
55.937
55.310
68.046
1.000
1.000
1.000
1.000
1.000
1.000
1.000
1.000
1.000
1.000
1.000
1.000
1.000
1.000
1.000
30.591
63.110
73.249
50.676
52.893
73.333
76.948
1.000
1.000
1.000
1.000
1.000
1.000
1.000
1.000
1.000
1.000
1.000
1.000
1.000
1.000
1.000
1.000
1.000
1.000
1.000
1.000
23.977
82.073
81.733
60.200
58.708
62.560
75.422
81.865
1.000
1.000
1.000
1.000
1.000
1.000
1.000
1.000
1.000
1.000
1.000
1.000
1.000
1.000
1.000
1.000
1.000
22.558
68.407
67.019
43.122
66.176
69.072
70.421
87.660
89.495
1.000
1.000
1.000
1.000
1.000
1.000
1.000
1.000
1.000
1.000
1.000
1.000
1.000
1.000
1.000
52.408
1.000
1.000
1.000
1.000
64.284
57.783
53.666
45.467
66.115
65.403
77.500
78.343
65.842
69.807
60.660
63.460
1.000
1.000
1.000
1.000
1.000
1.000
1.000
1.000
1.000
1.000
1.000
1.000
1.000
1.000
1.000
1.000
1.000
1.000
1.000
1.000
1.000
1.000
1.000
1.000
1.000
1.000
29.343
26.841
28.125
55.963
59.511
77.893
75.180
67.905
85.743
62.517
62.878
64.834
49.568
36.737
33.320
52.348
1.000
1.000
1.000
1.000
1.000
1.000
1.000
1.000
1.000
1.000
1.000
1.000
1.000
1.000
1.000
1.000
1.000
1.000
1.000
1.000
1.000
1.000
1.000
1.000
1.000
1.000
1.000
1.000
1.000
1.000
1.000
1.000
1.000
1.000
1.000
1.000
1.000
1.000
1.000
1.000
1.000
1.000
1.000
1.000
1.000
1.000
1.000
1.000
1.000
1.000
1.000
1.000
1.000
1.000
30.875
33.098
27.746
28.629
31.089
35.180
51.298
61.235
41.333
44.106
54.815
63.900
47.185
60.688
1.000
1.000
1.000
1.000
1.000
1.000
1.000
1.000
1.000
1.000
1.000
1.000
36.124
34.182
47.621
76.913
84.062
59.924
61.987
68.250
67.360
66.161
57.319
65.539
77.215
70.421
80.168
75.544
72.611
68.754
78.451
66.161
1.000
1.000
1.000
1.000
1.000
1.000
1.000
1.000
1.000
1.000
1.000
1.000
1.000
1.000
1.000
1.000
1.000
1.000
1.000
1.000
1.000
1.000
1.000
1.000
1.000
1.000
1.000
25.858
27.791
60.772
75.631
64.062
71.499
77.678
75.093
79.433
1.000
1.000
1.000
1.000
1.000
1.000
1.000
1.000
1.000
1.000
1.000
1.000
23.928
27.868
53.358
57.504
44.957
55.911
65.993
68.423
73.722
86.397
71.302
69.056
62.388
59.690
64.998
57.385
64.121
64.506
67.531
65.464
67.205
77.535
75.928
86.397
82.073
82.016
56.364
68.155
1.000
1.000
1.000
1.000
1.000
1.000
1.000
1.000
1.000
1.000
1.000
1.000
1.000
1.000
1.000
1.000
1.000
1.000
1.000
1.000
1.000
1.000
1.000
1.000
1.000
1.000
1.000
90.344
77.696
86.936
76.401
56.637
48.484
79.836
72.494
69.791
68.171
81.433
67.251
79.451
91.243
83.985
1.000
1.000
1.000
1.000
1.000
1.000
1.000
1.000
1.000
1.000
1.000
1.000
1.000
1.000
1.000
1.000
1.000
1.000
21.787
21.832
86.397
81.133
66.222
78.977
1.000
1.000
1.000
1.000
1.000
1.000
1.000
1.000
1.000
1.000
1.000
1.000
32.961
34.794
58.170
57.069
63.577
77.965
58.345
61.038
50.362
53.555
55.616
1.000
1.000
1.000
1.000
1.000
1.000
1.000
1.000
1.000
1.000
1.000
1.000
1.000
1.000
1.000
1.000
1.000
1.000
1.000
1.000
1.000
1.000
1.000
1.000
1.000
1.000
1.000
1.000
1.000
1.000
1.000
1.000
1.000
28.197
28.987
51.952
54.613
57.597
55.514
74.765
58.318
63.460
57.743
63.665
1.000
1.000
1.000
1.000
1.000
1.000
1.000
1.000
1.000
1.000
1.000
1.000
1.000
1.000
1.000
1.000
1.000
1.000
1.000
1.000
1.000
1.000
1.000
1.000
1.000
23.736
24.740
39.003
41.793
31.311
73.198
39.875
38.194
51.333
64.062
28.445
24.300
70.243
71.499
44.494
48.663
46.623
62.589
37.584
50.548
39.328
50.559
38.080
47.337
52.650
52.505
49.774
47.174
43.281
1.000
1.000
1.000
1.000
1.000
1.000
1.000
1.000
1.000
1.000
1.000
1.000
1.000
1.000
1.000
1.000
1.000
1.000
1.000
1.000
1.000
1.000
1.000
1.000
1.000
1.000
1.000
29.971
32.878
29.060
23.163
24.826
26.662
28.229
43.241
30.754
32.166
30.939
31.311
78.325
78.433
42.442
48.128
39.373
41.049
79.122
59.320
58.546
81.922
81.246
77.553
85.251
74.938
70.194
78.343
51.808
52.024
80.057
75.858
90.323
66.696
84.178
49.147
97.208
102.070
67.780
71.121
77.144
87.237
84.918
79.983
84.938
66.481
60.353
76.542
74.989
72.144
71.483
72.427
72.661
71.796
65.751
1.000
1.000
1.000
1.000
1.000
1.000
1.000
1.000
1.000
1.000
1.000
1.000
1.000
1.000
1.000
1.000
1.000
1.000
1.000
1.000
1.000
1.000
1.000
1.000
1.000
1.000
1.000
1.000
1.000
1.000
1.000
1.000
1.000
1.000
1.000
1.000
1.000
1.000
1.000
1.000
1.000
1.000
1.000
1.000
1.000
1.000
1.000
26.164
26.699
24.417
24.592
55.783
65.539
76.331
88.369
49.808
53.901
56.702
66.328
39.255
44.596
1.000
1.000
1.000
1.000
1.000
1.000
1.000
1.000
23.545
63.665
66.527
1.000
1.000
1.000
1.000
1.000
1.000
1.000
1.000
1.000
1.000
1.000
1.000
1.000
1.000
51.298
56.247
58.790
75.249
1.000
1.000
1.000
1.000
1.000
1.000
1.000
1.000
1.000
1.000
1.000
1.000
1.000
1.000
1.000
57.082
58.036
62.705
80.761
1.000
1.000
1.000
1.000
1.000
1.000
1.000
1.000
1.000
1.000
1.000
1.000
1.000
1.000
53.260
56.637
76.895
79.250
1.000
1.000
1.000
1.000
1.000
1.000
1.000
1.000
1.000
1.000
1.000
1.000
1.000
1.000
24.906
25.504
59.649
62.230
1.000
1.000
1.000
1.000
1.000
1.000
1.000
1.000
1.000
1.000
1.000
1.000
1.000
1.000
1.000
1.000
1.000
31.232
72.494
80.835
1.000
1.000
1.000
1.000
1.000
1.000
1.000
1.000
1.000
1.000
1.000
1.000
1.000
1.000
58.506
54.967
1.000
1.000
1.000
1.000
1.000
1.000
1.000
1.000
1.000
1.000
1.000
1.000
1.000
36.551
32.969
32.486
33.312
24.700
29.923
31.369
31.297
32.946
27.040
30.521
29.100
27.309
28.080
24.831
32.569
52.832
48.865
63.504
55.873
58.587
49.136
41.889
48.073
44.351
53.407
48.753
48.029
52.772
48.239
62.633
63.812
48.084
53.815
51.606
1.000
1.000
1.000
1.000
1.000
1.000
1.000
1.000
1.000
1.000
1.000
1.000
1.000
1.000
1.000
1.000
1.000
1.000
1.000
1.000
1.000
1.000
1.000
1.000
1.000
1.000
1.000
1.000
1.000
1.000
1.000
1.000
1.000
1.000
1.000
1.000
1.000
1.000
1.000
1.000
1.000
1.000
40.337
21.568
28.445
29.060
28.960
24.233
27.321
26.303
42.189
59.676
24.389
26.552
45.499
55.399
35.318
25.165
44.576
48.473
29.485
44.289
42.257
45.467
57.956
37.111
44.279
38.913
34.594
37.566
54.941
68.046
44.648
58.197
55.132
38.327
53.137
60.451
63.592
46.217
50.945
75.405
1.000
1.000
1.000
1.000
1.000
1.000
1.000
1.000
1.000
1.000
1.000
1.000
1.000
1.000
1.000
1.000
1.000
1.000
1.000
1.000
1.000
1.000
1.000
1.000
1.000
1.000
1.000
1.000
1.000
1.000
1.000
1.000
1.000
1.000
1.000
1.000
1.000
1.000
1.000
1.000
1.000
1.000
1.000
1.000
1.000
1.000
1.000
1.000
1.000
1.000
1.000
1.000
1.000
1.000
24.843
24.689
22.449
23.356
21.228
23.752
23.217
23.999
30.241
27.283
24.513
29.141
25.852
41.841
33.698
34.682
32.644
32.659
35.164
22.646
38.557
32.614
36.099
39.610
31.275
33.713
47.185
63.038
29.519
38.186
45.667
47.490
49.465
50.153
39.337
50.119
33.806
47.065
50.269
35.294
41.966
34.842
40.523
45.614
44.289
1.000
1.000
1.000
1.000
1.000
1.000
1.000
1.000
1.000
1.000
1.000
1.000
1.000
1.000
1.000
1.000
1.000
1.000
1.000
1.000
1.000
1.000
1.000
1.000
1.000
1.000
1.000
1.000
1.000
1.000
1.000
1.000
1.000
1.000
1.000
1.000
1.000
1.000
1.000
1.000
1.000
1.000
1.000
1.000
1.000
1.000
1.000
1.000
1.000
1.000
1.000
1.000
1.000
1.000
1.000
1.000
1.000
1.000
32.606
33.174
38.949
38.028
63.768
64.269
59.704
66.573
57.690
62.849
1.000
1.000
1.000
1.000
1.000
1.000
1.000
1.000
1.000
1.000
32.893
36.568
46.494
59.717
59.511
65.811
65.328
78.832
61.024
68.155
1.000
1.000
1.000
1.000
1.000
1.000
1.000
1.000
1.000
1.000
33.643
31.776
35.108
40.170
61.773
78.253
66.988
72.912
70.162
72.728
1.000
1.000
1.000
1.000
1.000
1.000
1.000
1.000
1.000
1.000
18.785
18.378
45.730
45.635
65.373
73.282
52.565
61.334
60.730
60.702
1.000
1.000
1.000
1.000
1.000
1.000
1.000
1.000
1.000
1.000
1.000
1.000
1.000
1.000
1.000
1.000
1.000
1.000
1.000
1.000
16.769
28.294
72.929
63.402
53.333
57.504
59.525
37.949
29.607
31.398
65.766
91.791
60.702
60.646
67.282
80.371
69.984
77.250
66.069
73.181
65.751
74.285
64.878
68.517
69.024
70.664
1.000
1.000
1.000
1.000
1.000
1.000
1.000
1.000
1.000
1.000
1.000
1.000
1.000
1.000
1.000
1.000
1.000
1.000
1.000
1.000
1.000
1.000
1.000
1.000
1.000
1.000
1.000
1.000
1.000
1.000
1.000
1.000
1.000
1.000
1.000
1.000
1.000
1.000
1.000
1.000
1.000
1.000
1.000
1.000
1.000
1.000
1.000
1.000
55.463
55.043
62.503
69.727
54.967
66.543
1.000
1.000
1.000
1.000
1.000
1.000
1.000
1.000
1.000
1.000
1.000
1.000
1.000
1.000
1.000
1.000
58.023
57.016
1.000
1.000
1.000
1.000
1.000
1.000
1.000
1.000
1.000
1.000
1.000
1.000
1.000
1.000
1.000
1.000
1.000
1.000
1.000
1.000
1.000
41.947
39.912
1.000
1.000
1.000
1.000
1.000
1.000
1.000
1.000
1.000
48.462
48.161
64.699
1.000
1.000
1.000
1.000
1.000
1.000
1.000
1.000
1.000
1.000
1.000
1.000
1.000
1.000
49.556
50.617
45.134
50.142
51.916
65.963
1.000
1.000
1.000
1.000
1.000
1.000
1.000
1.000
1.000
1.000
1.000
1.000
1.000
1.000
1.000
1.000
33.228
33.473
67.267
68.834
64.432
77.696
1.000
1.000
1.000
1.000
1.000
1.000
1.000
1.000
1.000
1.000
1.000
1.000
1.000
1.000
1.000
1.000
43.782
39.201
58.803
75.631
71.138
82.699
1.000
1.000
1.000
1.000
1.000
1.000
1.000
1.000
1.000
1.000
1.000
1.000
1.000
1.000
1.000
1.000
33.435
33.908
59.498
66.130
57.346
67.267
1.000
1.000
1.000
1.000
1.000
1.000
1.000
1.000
1.000
1.000
34.372
37.299
60.034
66.988
58.466
55.937
1.000
1.000
1.000
1.000
1.000
1.000
1.000
1.000
1.000
1.000
1.000
1.000
1.000
1.000
1.000
1.000
40.663
58.871
51.121
1.000
1.000
1.000
1.000
1.000
1.000
1.000
1.000
1.000
1.000
1.000
1.000
49.694
51.322
71.056
69.534
71.335
1.000
1.000
1.000
1.000
1.000
1.000
1.000
1.000
1.000
89.619
85.605
1.000
1.000
1.000
1.000
1.000
1.000
1.000
1.000
1.000
1.000
25.556
26.430
33.947
39.418
30.939
30.040
32.419
26.351
28.497
33.566
48.764
37.265
37.377
28.151
45.457
53.174
61.150
58.385
32.591
40.560
77.750
43.182
51.761
56.872
53.211
64.239
67.671
66.344
49.170
43.411
60.926
56.637
82.338
83.637
64.476
60.395
52.565
60.339
68.580
43.722
56.559
67.112
49.579
56.131
55.514
59.143
50.304
58.600
93.843
55.450
59.924
49.556
39.075
68.659
64.165
65.343
1.000
1.000
1.000
1.000
1.000
1.000
1.000
1.000
1.000
1.000
1.000
1.000
1.000
1.000
1.000
1.000
1.000
1.000
1.000
1.000
1.000
1.000
1.000
1.000
1.000
1.000
1.000
1.000
1.000
1.000
1.000
1.000
1.000
1.000
1.000
1.000
1.000
1.000
1.000
1.000
1.000
1.000
1.000
1.000
1.000
1.000
1.000
1.000
1.000
1.000
1.000
1.000
1.000
1.000
1.000
1.000
32.419
32.946
34.858
43.631
31.813
40.983
55.170
44.689
40.105
44.999
62.661
65.963
64.893
86.836
50.362
50.699
60.395
65.887
46.409
54.878
50.188
69.743
1.000
1.000
1.000
1.000
1.000
1.000
1.000
1.000
1.000
1.000
1.000
1.000
1.000
1.000
1.000
1.000
1.000
1.000
1.000
1.000
1.000
1.000
1.000
1.000
1.000
1.000
1.000
1.000
1.000
1.000
1.000
1.000
1.000
1.000
1.000
1.000
1.000
1.000
1.000
1.000
1.000
1.000
1.000
1.000
1.000
1.000
1.000
1.000
1.000
1.000
1.000
30.451
31.376
44.269
45.909
45.614
53.309
52.083
60.590
44.259
37.975
47.973
55.157
70.990
86.796
51.582
51.027
61.010
65.826
47.250
47.995
41.764
71.697
1.000
1.000
1.000
1.000
1.000
1.000
1.000
1.000
1.000
1.000
1.000
1.000
1.000
1.000
1.000
1.000
1.000
1.000
1.000
1.000
1.000
1.000
1.000
1.000
1.000
1.000
1.000
1.000
1.000
1.000
1.000
1.000
1.000
1.000
1.000
1.000
1.000
1.000
1.000
1.000
1.000
1.000
1.000
1.000
1.000
1.000
1.000
1.000
1.000
28.471
29.020
16.166
18.642
22.548
25.793
25.574
22.162
20.119
21.863
24.604
26.345
19.611
21.086
18.741
24.277
28.761
30.116
27.240
29.999
28.774
28.550
27.848
54.088
52.529
47.523
42.092
22.238
69.454
67.780
24.826
23.616
65.660
67.889
40.804
40.022
64.284
32.576
57.135
46.217
50.350
38.291
45.290
70.632
62.951
63.241
67.360
64.372
83.272
57.491
82.909
95.719
61.660
60.062
50.921
63.052
48.095
51.121
67.967
74.851
66.481
69.823
58.681
64.565
65.796
45.635
53.889
54.664
58.251
44.566
51.749
58.803
72.344
68.834
71.614
62.417
85.783
85.075
44.137
51.086
63.959
64.210
36.796
42.199
57.003
1.000
1.000
1.000
1.000
1.000
1.000
1.000
1.000
1.000
1.000
1.000
1.000
1.000
1.000
1.000
1.000
1.000
1.000
1.000
1.000
1.000
1.000
1.000
1.000
1.000
1.000
1.000
1.000
1.000
1.000
1.000
1.000
1.000
1.000
1.000
1.000
1.000
1.000
1.000
62.777
62.044
1.000
1.000
1.000
1.000
1.000
1.000
1.000
1.000
1.000
1.000
1.000
1.000
50.327
52.723
48.967
1.000
1.000
1.000
1.000
1.000
1.000
1.000
1.000
1.000
1.000
1.000
1.000
1.000
1.000
1.000
42.628
61.024
63.256
63.314
1.000
1.000
1.000
1.000
1.000
1.000
1.000
1.000
1.000
1.000
1.000
1.000
53.309
57.372
54.739
75.666
1.000
1.000
1.000
1.000
1.000
1.000
1.000
1.000
1.000
1.000
1.000
1.000
1.000
1.000
1.000
1.000
1.000
1.000
1.000
1.000
1.000
1.000
1.000
1.000
1.000
77.589
66.390
58.210
1.000
1.000
1.000
1.000
1.000
1.000
1.000
1.000
1.000
1.000
1.000
1.000
1.000
1.000
23.665
43.261
45.123
71.812
1.000
1.000
1.000
1.000
1.000
1.000
1.000
1.000
1.000
1.000
1.000
1.000
1.000
1.000
1.000
1.000
53.321
44.443
49.102
83.081
1.000
1.000
1.000
1.000
1.000
1.000
1.000
1.000
1.000
1.000
1.000
1.000
1.000
68.344
52.228
51.856
54.588
1.000
1.000
1.000
1.000
1.000
1.000
1.000
1.000
1.000
1.000
1.000
1.000
1.000
1.000
1.000
1.000
1.000
1.000
1.000
1.000
68.046
58.506
49.900
1.000
1.000
1.000
1.000
1.000
1.000
1.000
1.000
1.000
1.000
51.464
43.722
44.340
57.069
55.514
51.796
61.193
1.000
1.000
1.000
1.000
1.000
1.000
1.000
1.000
1.000
1.000
1.000
1.000
1.000
1.000
1.000
1.000
1.000
1.000
1.000
1.000
1.000
1.000
60.954
46.313
51.286
53.951
54.739
63.738
1.000
1.000
1.000
1.000
1.000
1.000
1.000
1.000
1.000
1.000
1.000
1.000
1.000
1.000
1.000
1.000
1.000
1.000
1.000
21.592
46.004
42.835
46.270
34.562
57.187
1.000
1.000
1.000
1.000
1.000
1.000
1.000
1.000
1.000
1.000
1.000
1.000
1.000
1.000
1.000
1.000
1.000
1.000
1.000
82.966
68.881
60.968
66.619
1.000
1.000
1.000
1.000
1.000
1.000
1.000
1.000
1.000
1.000
1.000
1.000
1.000
1.000
1.000
1.000
1.000
1.000
1.000
1.000
1.000
1.000
1.000
1.000
1.000
1.000
1.000
1.000
1.000
1.000
1.000
1.000
1.000
1.000
1.000
1.000
1.000
1.000
44.177
49.454
66.573
74.165
1.000
1.000
1.000
1.000
1.000
1.000
1.000
1.000
1.000
1.000
1.000
1.000
1.000
1.000
1.000
1.000
1.000
1.000
1.000
1.000
57.876
57.796
62.994
62.431
62.936
60.968
54.576
75.509
1.000
1.000
1.000
1.000
1.000
1.000
1.000
1.000
1.000
1.000
1.000
1.000
1.000
1.000
1.000
1.000
1.000
1.000
1.000
1.000
1.000
1.000
37.636
37.428
61.207
68.297
71.879
68.644
1.000
1.000
1.000
1.000
1.000
1.000
1.000
1.000
1.000
1.000
1.000
1.000
1.000
1.000
1.000
1.000
1.000
1.000
51.689
57.174
57.863
65.418
62.951
66.313
81.960
72.260
54.325
72.778
60.131
76.878
81.715
1.000
1.000
1.000
1.000
1.000
1.000
1.000
1.000
1.000
1.000
1.000
1.000
1.000
1.000
1.000
1.000
1.000
1.000
1.000
1.000
1.000
17.286
31.232
36.041
52.216
47.742
59.252
36.737
82.073
54.150
57.663
50.594
56.650
60.298
71.450
1.000
1.000
1.000
69.375
71.581
1.000
1.000
1.000
1.000
1.000
1.000
1.000
1.000
1.000
1.000
1.000
1.000
1.000
1.000
1.000
1.000
1.000
1.000
21.149
23.834
34.056
36.678
47.775
45.899
57.056
58.911
72.862
72.912
1.000
1.000
1.000
1.000
1.000
1.000
1.000
1.000
1.000
1.000
1.000
1.000
1.000
1.000
1.000
1.000
1.000
1.000
1.000
1.000
1.000
1.000
1.000
1.000
1.000
1.000
1.000
1.000
1.000
37.128
31.010
32.636
55.989
49.317
47.370
56.195
56.247
48.350
53.691
62.777
68.187
75.353
82.737
1.000
1.000
1.000
1.000
1.000
1.000
1.000
1.000
1.000
1.000
1.000
1.000
1.000
1.000
1.000
1.000
1.000
1.000
1.000
1.000
1.000
36.174
38.010
51.677
53.976
49.227
52.360
59.621
54.891
1.000
1.000
1.000
1.000
1.000
1.000
1.000
1.000
1.000
1.000
1.000
1.000
1.000
1.000
1.000
1.000
1.000
1.000
1.000
38.486
38.441
23.415
26.749
32.509
31.398
48.652
58.264
40.523
43.652
1.000
1.000
1.000
1.000
1.000
1.000
1.000
1.000
1.000
1.000
1.000
1.000
1.000
1.000
1.000
1.000
1.000
1.000
1.000
1.000
1.000
1.000
1.000
1.000
1.000
24.513
27.983
26.158
38.931
33.358
45.719
49.511
1.000
1.000
1.000
1.000
1.000
1.000
1.000
1.000
1.000
1.000
1.000
1.000
1.000
1.000
1.000
1.000
30.782
38.477
39.847
85.448
88.654
58.076
1.000
1.000
1.000
1.000
1.000
1.000
1.000
1.000
1.000
1.000
1.000
1.000
1.000
1.000
1.000
21.742
23.747
36.627
39.619
51.988
62.302
36.484
38.931
51.039
52.167
1.000
1.000
1.000
1.000
1.000
1.000
1.000
1.000
1.000
1.000
1.000
1.000
1.000
1.000
1.000
1.000
1.000
1.000
1.000
1.000
1.000
1.000
1.000
1.000
1.000
1.000
1.000
1.000
1.000
1.000
1.000
1.000
1.000
1.000
1.000
1.000
1.000
1.000
1.000
1.000
1.000
1.000
1.000
25.960
26.467
35.744
37.592
29.614
31.674
53.309
53.407
49.820
47.742
64.923
58.345
1.000
1.000
1.000
1.000
1.000
1.000
1.000
1.000
1.000
1.000
1.000
1.000
1.000
1.000
1.000
1.000
1.000
1.000
1.000
1.000
1.000
1.000
1.000
1.000
1.000
1.000
1.000
1.000
61.518
64.047
45.983
46.291
54.954
55.373
66.681
64.328
62.849
77.411
85.585
1.000
1.000
1.000
1.000
1.000
1.000
1.000
1.000
1.000
1.000
1.000
1.000
1.000
1.000
1.000
1.000
1.000
41.879
42.160
34.922
44.371
26.571
31.952
53.150
57.412
72.294
71.252
1.000
1.000
1.000
1.000
1.000
1.000
1.000
1.000
1.000
1.000
1.000
1.000
1.000
1.000
1.000
1.000
1.000
1.000
1.000
1.000
1.000
1.000
1.000
1.000
1.000
1.000
48.719
46.602
39.346
38.851
30.304
28.412
55.412
57.677
69.231
64.655
62.158
1.000
1.000
1.000
1.000
1.000
1.000
1.000
1.000
1.000
1.000
1.000
1.000
1.000
1.000
1.000
1.000
1.000
1.000
1.000
1.000
1.000
1.000
1.000
1.000
1.000
1.000
1.000
1.000
41.937
35.983
33.612
33.760
36.881
40.281
61.887
51.274
46.516
65.358
77.126
1.000
1.000
1.000
1.000
1.000
1.000
1.000
1.000
1.000
1.000
1.000
1.000
1.000
1.000
1.000
1.000
1.000
1.000
1.000
1.000
1.000
1.000
1.000
1.000
1.000
1.000
35.019
65.645
1.000
1.000
1.000
1.000
1.000
1.000
1.000
1.000
1.000
1.000
1.000
68.849
34.738
32.255
32.174
1.000
1.000
1.000
1.000
35.662
38.690
1.000
1.000
28.609
1.000
1.000
1.000
1.000
1.000
1.000
1.000
1.000
37.731
67.189
27.240
31.827
30.116
39.756
48.239
71.647
86.139
58.695
60.034
69.743
69.151
1.000
1.000
1.000
1.000
1.000
1.000
1.000
1.000
1.000
1.000
1.000
1.000
1.000
1.000
1.000
1.000
1.000
1.000
1.000
1.000
1.000
1.000
1.000
1.000
1.000
1.000
1.000
1.000
1.000
29.397
57.930
60.242
74.216
70.648
61.645
59.115
54.400
60.187
77.500
74.336
56.312
62.173
79.524
83.368
84.508
78.995
85.803
67.035
72.310
1.000
1.000
1.000
1.000
1.000
1.000
1.000
1.000
1.000
1.000
1.000
1.000
1.000
1.000
1.000
1.000
1.000
35.859
35.653
1.000
1.000
1.000
1.000
1.000
1.000
1.000
1.000
1.000
1.000
1.000
40.851
1.000
1.000
1.000
1.000
1.000
1.000
1.000
1.000
1.000
1.000
1.000
1.000
1.000
1.000
1.000
1.000
52.759
39.737
38.672
26.516
59.938
66.130
56.351
69.839
1.000
1.000
1.000
1.000
1.000
1.000
1.000
1.000
1.000
1.000
1.000
1.000
1.000
1.000
25.545
26.062
31.139
47.863
50.722
59.484
65.539
65.118
72.294
53.003
56.859
50.234
65.766
1.000
1.000
1.000
1.000
1.000
1.000
1.000
1.000
1.000
1.000
1.000
1.000
1.000
1.000
1.000
1.000
1.000
1.000
1.000
1.000
1.000
1.000
26.248
27.227
28.255
38.054
38.291
66.881
68.124
47.413
59.511
53.654
62.661
73.756
46.462
52.541
62.762
49.295
60.688
41.783
53.052
1.000
1.000
1.000
1.000
1.000
1.000
1.000
1.000
1.000
1.000
1.000
1.000
1.000
1.000
1.000
1.000
1.000
1.000
1.000
1.000
1.000
1.000
1.000
1.000
1.000
1.000
1.000
1.000
1.000
1.000
1.000
1.000
1.000
1.000
1.000
1.000
1.000
1.000
1.000
1.000
1.000
1.000
1.000
1.000
1.000
1.000
1.000
1.000
1.000
1.000
1.000
1.000
1.000
1.000
1.000
1.000
56.533
58.519
51.868
51.570
62.201
70.958
71.220
78.055
59.786
62.589
1.000
1.000
1.000
1.000
1.000
1.000
1.000
1.000
1.000
1.000
1.000
1.000
1.000
1.000
1.000
1.000
1.000
1.000
1.000
1.000
1.000
1.000
1.000
1.000
1.000
1.000
1.000
1.000
1.000
1.000
1.000
1.000
1.000
1.000
1.000
41.333
43.873
27.353
27.409
53.580
60.478
54.979
60.870
55.233
56.572
69.072
71.912
40.096
40.383
1.000
1.000
1.000
1.000
1.000
1.000
1.000
1.000
1.000
1.000
1.000
1.000
1.000
1.000
61.532
65.796
71.548
1.000
1.000
1.000
1.000
1.000
1.000
1.000
1.000
1.000
1.000
1.000
62.474
48.051
1.000
1.000
1.000
1.000
1.000
1.000
1.000
1.000
1.000
1.000
1.000
64.878
59.566
1.000
1.000
1.000
1.000
1.000
1.000
1.000
1.000
1.000
1.000
1.000
1.000
1.000
1.000
26.626
47.413
54.188
48.106
42.944
42.746
63.548
66.819
59.129
78.451
52.954
54.438
62.417
67.267
48.641
71.961
51.074
49.283
81.828
80.556
1.000
1.000
1.000
1.000
1.000
1.000
1.000
1.000
1.000
1.000
1.000
1.000
1.000
1.000
1.000
1.000
1.000
1.000
1.000
1.000
1.000
1.000
1.000
1.000
1.000
1.000
37.325
39.994
77.019
68.976
69.327
1.000
1.000
1.000
1.000
1.000
1.000
1.000
1.000
1.000
1.000
1.000
1.000
1.000
1.000
1.000
1.000
1.000
1.000
29.992
26.816
25.533
22.516
26.176
24.626
25.177
27.040
26.897
30.563
31.412
27.372
23.933
30.514
33.159
38.896
44.351
38.019
52.095
25.924
23.110
25.834
31.908
40.318
55.667
51.713
38.717
39.829
42.855
60.646
37.853
52.000
47.098
41.947
56.312
39.093
53.939
39.219
40.133
50.211
48.697
51.145
69.518
52.881
55.005
71.154
70.016
71.631
56.728
51.333
56.898
57.280
65.509
71.779
39.774
46.569
71.285
64.983
62.417
70.097
49.000
54.425
63.489
61.830
49.751
59.800
65.766
49.420
61.589
65.948
29.309
45.467
70.713
68.786
74.251
70.323
77.019
59.197
73.148
74.131
48.128
63.694
103.633
104.930
67.593
49.023
64.476
60.173
65.539
86.040
86.417
72.912
34.834
44.045
47.348
51.761
78.469
78.560
54.588
66.727
35.326
1.000
1.000
78.127
94.189
89.207
1.000
1.000
1.000
1.000
1.000
1.000
1.000
1.000
1.000
1.000
1.000
1.000
1.000
1.000
1.000
1.000
1.000
1.000
1.000
1.000
1.000
1.000
1.000
1.000
1.000
1.000
1.000
1.000
1.000
1.000
1.000
1.000
1.000
1.000
1.000
1.000
1.000
1.000
1.000
1.000
1.000
1.000
1.000
1.000
1.000
1.000
1.000
1.000
1.000
1.000
1.000
1.000
1.000
1.000
1.000
1.000
1.000
1.000
1.000
1.000
1.000
1.000
1.000
1.000
1.000
1.000
1.000
1.000
1.000
1.000
23.790
21.637
27.638
16.719
23.259
25.966
23.270
25.235
36.183
36.872
24.491
23.115
25.996
27.810
27.861
28.920
30.598
32.659
41.870
28.834
22.202
26.583
32.226
32.524
44.751
66.451
30.234
30.690
43.092
58.345
66.711
70.049
49.442
54.188
52.481
60.464
66.819
57.863
68.675
44.978
59.388
76.050
68.155
60.090
59.020
72.694
68.344
63.709
49.306
56.079
58.318
48.451
45.175
75.823
73.215
70.243
83.811
67.267
72.828
71.089
67.842
49.534
64.343
66.039
61.901
29.007
44.402
54.891
60.828
76.068
80.149
85.035
55.834
61.235
73.858
53.765
54.400
107.448
106.561
68.517
59.238
72.227
63.227
62.517
50.746
56.611
42.316
49.671
53.040
62.546
68.596
56.182
39.792
72.227
93.799
99.038
1.000
1.000
1.000
1.000
1.000
1.000
1.000
1.000
1.000
1.000
1.000
1.000
1.000
1.000
1.000
1.000
1.000
1.000
1.000
1.000
1.000
1.000
1.000
1.000
1.000
1.000
1.000
1.000
1.000
1.000
1.000
1.000
1.000
1.000
1.000
1.000
1.000
1.000
1.000
1.000
1.000
1.000
1.000
1.000
1.000
1.000
1.000
1.000
1.000
1.000
1.000
1.000
1.000
1.000
1.000
1.000
1.000
1.000
1.000
1.000
1.000
1.000
18.281
49.068
28.920
65.887
46.827
80.872
84.159
53.272
59.484
54.689
51.050
66.313
60.131
79.141
72.611
66.958
52.638
62.030
68.881
73.232
71.746
77.482
69.470
72.627
81.320
73.978
60.520
75.805
1.000
1.000
1.000
1.000
1.000
1.000
1.000
1.000
1.000
1.000
1.000
1.000
1.000
1.000
1.000
1.000
1.000
1.000
1.000
1.000
1.000
1.000
1.000
16.711
22.208
42.462
29.336
48.284
50.373
48.764
52.324
50.664
53.052
92.982
62.604
61.080
73.316
61.038
63.052
1.000
1.000
1.000
1.000
1.000
1.000
1.000
1.000
1.000
1.000
1.000
1.000
1.000
1.000
16.596
18.604
30.137
42.875
42.796
53.370
47.065
81.358
36.568
53.444
55.514
61.773
63.504
65.948
68.108
70.974
76.718
78.977
74.080
73.367
67.999
68.046
68.281
1.000
1.000
1.000
1.000
1.000
1.000
1.000
1.000
1.000
1.000
1.000
1.000
1.000
1.000
1.000
1.000
1.000
1.000
1.000
1.000
1.000
1.000
1.000
1.000
1.000
1.000
1.000
1.000
1.000
1.000
37.940
13.718
30.521
52.300
60.968
70.795
72.694
49.946
53.333
54.689
63.768
65.917
52.300
83.215
60.758
73.875
50.084
64.461
64.387
63.782
72.194
66.527
70.146
78.650
71.302
71.961
88.777
80.464
87.337
1.000
1.000
1.000
1.000
1.000
1.000
1.000
1.000
1.000
1.000
1.000
1.000
1.000
1.000
1.000
1.000
1.000
1.000
1.000
1.000
1.000
16.657
22.972
22.496
45.311
33.698
45.614
51.204
42.875
46.580
62.087
84.178
49.046
71.203
68.517
82.680
84.801
73.706
70.567
77.768
85.251
76.103
81.246
77.232
54.038
70.437
1.000
1.000
1.000
1.000
1.000
1.000
1.000
1.000
1.000
1.000
1.000
1.000
1.000
1.000
1.000
1.000
1.000
1.000
1.000
1.000
1.000
1.000
1.000
1.000
32.885
16.010
26.798
34.962
64.521
58.090
57.095
60.576
54.263
56.794
73.215
101.672
77.732
57.863
66.958
58.237
80.575
87.297
69.518
82.832
78.632
65.645
69.040
1.000
1.000
1.000
1.000
1.000
1.000
1.000
1.000
1.000
1.000
1.000
1.000
1.000
1.000
1.000
1.000
1.000
1.000
1.000
1.000
1.000
1.000
22.126
19.751
24.160
27.676
46.526
37.532
63.709
30.860
65.993
62.158
62.560
55.043
55.144
68.517
92.130
62.187
86.338
91.306
74.012
91.117
89.372
86.278
90.178
78.271
67.920
75.128
1.000
1.000
1.000
1.000
1.000
1.000
1.000
1.000
1.000
1.000
1.000
1.000
1.000
1.000
1.000
1.000
1.000
1.000
1.000
1.000
1.000
1.000
1.000
15.531
23.578
50.362
57.030
61.830
41.191
77.055
69.311
50.992
80.371
65.163
65.328
78.650
77.055
71.912
83.772
98.469
62.030
74.439
86.956
76.033
71.779
1.000
1.000
1.000
1.000
1.000
1.000
1.000
1.000
1.000
1.000
1.000
1.000
1.000
1.000
1.000
1.000
1.000
1.000
1.000
1.000
23.983
21.612
26.730
27.422
28.288
26.577
26.509
26.473
27.964
31.218
41.153
45.667
29.737
48.139
47.391
30.430
30.116
38.098
36.568
38.397
44.412
25.978
32.374
32.278
42.865
46.398
42.776
40.766
59.197
66.665
75.596
46.968
58.277
69.936
78.127
54.488
76.648
84.957
60.730
67.499
67.546
68.691
55.886
61.179
68.960
63.988
66.927
56.468
64.804
62.273
57.135
59.293
52.036
53.432
60.940
66.958
57.637
75.736
67.437
84.236
74.938
66.115
61.518
49.831
73.926
72.544
48.495
58.090
68.297
75.509
67.066
68.691
78.741
61.759
70.762
73.655
61.263
65.118
59.855
62.388
72.812
60.772
48.073
54.639
85.349
85.467
65.013
56.351
71.565
40.050
42.073
60.814
70.404
68.596
1.000
1.000
50.980
72.845
46.100
83.464
89.805
84.801
1.000
1.000
1.000
1.000
1.000
1.000
1.000
1.000
1.000
1.000
1.000
1.000
1.000
1.000
1.000
1.000
1.000
1.000
1.000
1.000
1.000
1.000
1.000
1.000
1.000
1.000
1.000
1.000
1.000
1.000
1.000
1.000
1.000
1.000
1.000
1.000
1.000
1.000
1.000
1.000
1.000
1.000
1.000
1.000
1.000
1.000
1.000
1.000
1.000
1.000
1.000
1.000
1.000
1.000
1.000
1.000
1.000
1.000
1.000
1.000
1.000
1.000
1.000
1.000
22.988
27.549
25.067
22.361
20.773
36.058
33.923
26.860
33.830
38.054
71.121
49.363
54.175
46.419
48.831
50.119
50.153
59.388
33.512
43.985
56.637
35.925
45.709
50.781
40.355
49.934
41.870
50.641
1.000
1.000
1.000
1.000
1.000
1.000
1.000
1.000
1.000
1.000
1.000
1.000
1.000
1.000
1.000
1.000
1.000
1.000
1.000
1.000
1.000
1.000
1.000
1.000
1.000
1.000
1.000
1.000
1.000
1.000
1.000
1.000
1.000
1.000
1.000
1.000
1.000
1.000
1.000
1.000
1.000
1.000
1.000
1.000
1.000
1.000
1.000
1.000
1.000
1.000
1.000
1.000
1.000
1.000
1.000
1.000
1.000
1.000
1.000
1.000
1.000
1.000
1.000
1.000
1.000
1.000
1.000
1.000
1.000
1.000
1.000
1.000
1.000
30.768
29.356
30.472
29.370
23.036
24.992
38.318
60.298
43.601
47.610
57.253
57.810
44.596
51.215
47.940
49.591
63.826
75.963
41.639
40.888
46.881
64.684
63.694
41.716
33.690
39.355
40.179
54.878
47.786
54.375
54.438
57.214
46.817
48.967
1.000
1.000
1.000
1.000
1.000
1.000
1.000
1.000
1.000
1.000
1.000
1.000
1.000
1.000
1.000
1.000
1.000
1.000
1.000
1.000
1.000
1.000
1.000
1.000
1.000
1.000
1.000
1.000
1.000
1.000
1.000
1.000
1.000
1.000
1.000
1.000
1.000
1.000
1.000
1.000
1.000
1.000
1.000
1.000
1.000
1.000
1.000
1.000
1.000
1.000
1.000
1.000
1.000
1.000
1.000
1.000
1.000
1.000
1.000
1.000
1.000
1.000
1.000
1.000
1.000
1.000
1.000
1.000
1.000
1.000
1.000
1.000
1.000
1.000
1.000
1.000
1.000
1.000
1.000
1.000
1.000
1.000
31.089
35.810
1.000
1.000
1.000
1.000
1.000
1.000
1.000
1.000
1.000
1.000
1.000
61.419
62.849
47.566
45.973
49.511
55.348
57.465
62.359
66.589
69.904
59.938
87.882
70.762
81.715
41.773
52.252
59.156
55.271
54.790
77.019
84.411
59.745
75.561
53.174
60.325
48.618
63.256
58.803
80.279
79.214
41.324
42.247
40.747
46.784
1.000
1.000
1.000
1.000
1.000
1.000
1.000
1.000
1.000
1.000
1.000
1.000
1.000
1.000
1.000
1.000
1.000
1.000
1.000
1.000
1.000
1.000
1.000
1.000
1.000
1.000
1.000
1.000
1.000
1.000
1.000
1.000
1.000
1.000
1.000
1.000
1.000
1.000
1.000
1.000
1.000
1.000
1.000
1.000
1.000
1.000
1.000
1.000
1.000
1.000
1.000
1.000
1.000
1.000
1.000
1.000
1.000
1.000
1.000
1.000
1.000
1.000
1.000
1.000
1.000
1.000
1.000
1.000
1.000
1.000
1.000
1.000
1.000
1.000
1.000
1.000
1.000
1.000
1.000
1.000
1.000
50.851
68.549
56.650
61.745
82.756
59.088
1.000
1.000
1.000
1.000
1.000
1.000
1.000
1.000
1.000
1.000
1.000
1.000
1.000
1.000
17.478
33.052
33.994
24.508
23.823
24.333
20.361
39.237
36.526
22.085
22.233
22.346
56.182
20.526
31.536
25.480
22.223
23.062
22.465
24.171
19.852
31.586
31.167
31.703
28.177
46.238
52.384
68.328
37.905
40.041
39.692
39.455
53.186
48.284
49.499
48.384
42.015
53.951
31.434
48.809
51.416
42.452
42.199
52.517
52.650
43.995
39.811
63.023
64.714
43.451
45.394
36.041
36.033
44.412
36.703
46.763
47.479
31.146
1.000
1.000
1.000
1.000
1.000
1.000
1.000
1.000
1.000
1.000
1.000
1.000
1.000
1.000
1.000
1.000
1.000
1.000
1.000
1.000
1.000
1.000
1.000
1.000
1.000
1.000
1.000
1.000
1.000
1.000
1.000
1.000
1.000
1.000
1.000
1.000
1.000
1.000
1.000
1.000
1.000
1.000
1.000
1.000
1.000
1.000
1.000
1.000
1.000
1.000
1.000
1.000
1.000
1.000
1.000
1.000
1.000
1.000
1.000
1.000
1.000
1.000
1.000
1.000
1.000
1.000
1.000
1.000
73.047
78.181
43.162
41.257
50.501
73.536
67.189
63.900
76.577
73.638
75.980
88.736
90.761
77.339
82.699
89.619
78.415
81.433
95.741
99.931
78.307
72.177
96.962
89.991
69.743
78.343
65.043
66.145
67.251
66.635
68.628
90.219
90.365
104.376
103.681
79.378
65.569
81.040
94.167
82.357
80.186
100.069
1.000
1.000
101.368
103.252
85.842
80.668
1.000
1.000
81.922
81.358
1.000
1.000
1.000
1.000
1.000
1.000
1.000
1.000
1.000
1.000
1.000
1.000
1.000
1.000
1.000
1.000
1.000
1.000
1.000
1.000
23.578
26.497
43.531
47.885
23.421
77.144
68.675
50.073
54.916
47.951
46.838
60.423
65.238
104.232
102.447
52.881
54.903
89.310
94.167
1.000
96.962
86.596
1.000
1.000
1.000
1.000
1.000
1.000
1.000
1.000
1.000
1.000
1.000
1.000
1.000
1.000
1.000
1.000
1.000
1.000
86.656
84.275
1.000
1.000
1.000
1.000
1.000
1.000
1.000
1.000
1.000
1.000
1.000
1.000
1.000
1.000
19.521
22.465
28.609
29.641
30.102
74.302
55.335
61.419
50.315
48.809
1.000
1.000
1.000
1.000
1.000
1.000
1.000
1.000
1.000
1.000
1.000
1.000
1.000
1.000
1.000
1.000
1.000
1.000
1.000
1.000
1.000
1.000
1.000
1.000
1.000
1.000
1.000
1.000
1.000
1.000
1.000
1.000
1.000
27.177
36.116
33.551
29.936
36.576
84.295
83.387
92.151
92.003
87.700
88.573
1.000
1.000
1.000
1.000
1.000
1.000
1.000
1.000
1.000
1.000
1.000
1.000
44.720
53.740
51.808
37.844
49.023
89.043
91.643
77.090
77.911
85.704
89.970
1.000
1.000
1.000
1.000
1.000
1.000
1.000
1.000
1.000
1.000
1.000
1.000
1.000
1.000
1.000
1.000
17.219
19.046
31.565
19.534
17.077
21.311
21.792
22.080
21.350
26.804
34.316
17.418
25.966
17.053
22.223
17.836
20.792
15.449
24.210
19.173
24.621
22.772
21.812
26.522
22.418
23.807
23.345
26.363
23.862
21.086
15.167
18.412
30.186
31.046
28.860
30.549
30.662
20.912
24.866
27.152
29.923
24.740
24.769
25.451
27.252
29.268
25.840
28.288
48.551
49.522
32.825
21.548
24.066
26.977
30.747
19.024
22.652
40.682
51.333
18.976
27.752
29.316
32.434
24.138
37.463
26.884
22.116
20.370
23.632
26.705
22.480
34.594
43.682
20.994
54.790
49.477
53.493
18.737
28.132
29.888
26.176
41.802
60.828
61.376
58.130
66.039
60.395
49.386
68.077
40.804
26.841
46.334
64.536
64.461
45.656
39.518
34.387
46.355
39.066
40.551
47.065
46.881
33.497
44.740
61.532
51.156
57.557
61.518
51.785
59.649
50.096
46.026
54.113
56.325
45.761
77.019
74.131
40.114
55.246
48.317
53.506
61.504
70.065
77.482
43.451
48.462
36.016
68.014
65.403
40.542
31.908
50.478
67.624
67.391
55.322
37.248
88.777
64.849
66.497
56.741
59.690
60.562
68.454
40.198
47.544
62.402
81.658
87.781
60.884
75.353
66.451
65.811
64.077
81.846
78.019
63.052
66.543
72.161
81.171
75.561
1.000
1.000
50.851
1.000
47.261
1.000
1.000
1.000
1.000
1.000
1.000
1.000
1.000
1.000
1.000
1.000
1.000
1.000
1.000
1.000
1.000
1.000
1.000
1.000
1.000
1.000
1.000
1.000
1.000
1.000
1.000
1.000
1.000
1.000
1.000
1.000
1.000
1.000
1.000
1.000
1.000
1.000
1.000
1.000
1.000
1.000
1.000
1.000
1.000
1.000
1.000
1.000
1.000
1.000
1.000
1.000
1.000
1.000
1.000
1.000
1.000
1.000
1.000
1.000
1.000
1.000
1.000
1.000
1.000
1.000
1.000
1.000
1.000
23.578
25.433
24.660
19.629
27.938
28.412
21.296
17.795
32.636
24.877
26.230
29.471
26.984
28.987
26.897
35.188
28.530
28.675
22.305
52.300
45.394
49.579
53.407
32.969
28.223
21.228
44.188
35.506
35.563
32.908
32.569
32.614
30.311
39.373
31.398
41.181
48.184
39.165
32.908
32.063
38.788
51.832
67.081
70.925
49.854
49.602
61.859
72.929
75.736
62.445
65.103
59.883
61.589
48.373
38.646
42.082
54.639
49.079
75.284
62.030
69.422
48.139
45.071
50.606
53.703
24.906
25.680
25.474
78.037
72.144
57.174
70.697
71.912
72.494
59.088
54.400
56.002
56.702
57.531
42.179
79.598
86.816
87.297
81.602
85.743
83.869
43.813
66.742
77.911
51.737
49.238
69.759
70.958
68.675
77.411
58.993
58.143
71.170
76.313
80.928
74.542
61.546
56.820
59.869
87.478
84.198
70.876
59.020
63.081
64.165
95.653
85.566
43.431
70.583
57.359
59.197
43.985
53.284
70.275
35.925
44.432
83.119
84.781
81.527
79.396
54.063
64.447
74.817
82.966
89.722
93.691
104.785
66.711
70.033
67.795
63.038
64.565
73.114
1.000
86.517
1.000
1.000
1.000
1.000
1.000
1.000
1.000
1.000
1.000
1.000
1.000
1.000
1.000
1.000
1.000
1.000
1.000
1.000
1.000
1.000
1.000
1.000
1.000
1.000
1.000
1.000
1.000
1.000
1.000
1.000
1.000
1.000
1.000
1.000
1.000
1.000
1.000
1.000
1.000
1.000
1.000
1.000
1.000
1.000
1.000
1.000
1.000
1.000
1.000
1.000
1.000
1.000
1.000
1.000
1.000
1.000
1.000
56.689
39.976
41.153
34.890
75.388
76.984
43.063
38.628
19.480
54.714
68.929
82.509
38.690
35.099
41.229
77.037
30.054
74.989
76.296
21.797
30.690
34.245
51.121
52.324
34.222
80.371
84.723
37.897
41.802
57.108
58.050
23.994
23.115
77.893
30.430
73.604
71.499
89.764
44.699
45.331
72.862
79.415
71.220
80.057
66.283
75.318
66.773
71.713
32.077
59.320
85.921
72.678
78.868
79.488
78.668
76.296
74.696
70.486
65.811
80.798
52.966
68.707
68.976
86.497
73.655
76.613
69.534
76.613
64.284
72.711
61.348
73.198
81.508
80.297
85.526
45.092
59.375
84.120
81.979
47.228
1.000
1.000
97.679
100.809
64.819
50.396
88.982
56.377
63.212
79.891
75.197
60.799
1.000
1.000
80.279
75.753
1.000
1.000
1.000
1.000
1.000
1.000
1.000
1.000
1.000
1.000
1.000
1.000
1.000
1.000
1.000
1.000
1.000
1.000
1.000
1.000
1.000
1.000
1.000
1.000
1.000
1.000
1.000
1.000
1.000
1.000
1.000
1.000
1.000
1.000
1.000
1.000
1.000
1.000
1.000
1.000
1.000
1.000
1.000
1.000
1.000
1.000
1.000
1.000
18.433
23.121
22.756
28.210
21.414
23.703
36.543
29.417
26.206
23.774
22.444
30.123
29.363
27.823
32.832
27.015
23.545
25.229
29.655
40.096
45.030
46.174
77.714
63.314
41.486
35.900
18.505
49.854
46.687
36.551
54.954
63.636
25.067
44.627
45.846
36.233
25.823
26.418
51.204
74.903
76.771
47.786
47.720
30.172
35.003
41.276
76.225
40.813
43.531
64.106
75.007
53.297
44.381
49.957
62.980
52.420
41.870
47.797
34.650
31.304
49.579
49.113
55.552
36.678
39.893
58.224
52.131
26.749
34.119
53.003
48.018
61.165
63.988
49.431
68.297
69.743
64.106
59.841
1.000
1.000
32.946
1.000
1.000
1.000
1.000
1.000
1.000
1.000
1.000
1.000
1.000
1.000
1.000
1.000
1.000
1.000
1.000
1.000
1.000
1.000
1.000
1.000
1.000
1.000
1.000
1.000
1.000
1.000
1.000
1.000
1.000
1.000
1.000
1.000
1.000
1.000
1.000
1.000
1.000
1.000
1.000
1.000
1.000
1.000
1.000
1.000
1.000
1.000
1.000
1.000
1.000
1.000
1.000
1.000
1.000
1.000
1.000
1.000
1.000
1.000
1.000
1.000
1.000
1.000
1.000
1.000
1.000
1.000
1.000
1.000
1.000
1.000
1.000
1.000
1.000
1.000
1.000
1.000
1.000
1.000
1.000
1.000
1.000
1.000
1.000
1.000
1.000
1.000
1.000
1.000
1.000
1.000
1.000
1.000
1.000
1.000
1.000
1.000
1.000
1.000
1.000
1.000
1.000
1.000
1.000
1.000
1.000
1.000
1.000
1.000
1.000
1.000
1.000
1.000
58.506
68.470
61.461
59.635
1.000
1.000
1.000
1.000
1.000
50.223
37.931
50.061
62.388
58.614
86.816
73.926
1.000
79.341
1.000
1.000
1.000
1.000
66.973
72.611
1.000
58.925
1.000
1.000
1.000
1.000
1.000
1.000
1.000
23.073
26.351
45.941
75.666
80.149
18.018
59.183
30.165
28.774
1.000
31.930
52.384
28.425
32.704
25.817
1.000
79.873
54.790
71.928
76.085
58.130
78.723
75.823
64.476
57.743
64.953
91.327
44.035
64.551
66.466
78.397
54.313
45.740
1.000
79.708
1.000
56.938
65.313
68.030
67.873
69.231
80.649
49.545
65.584
60.884
83.849
83.445
49.283
1.000
65.373
39.573
54.213
59.320
61.334
59.525
60.562
66.757
70.583
66.359
77.411
78.977
56.820
88.145
49.227
74.165
60.062
1.000
61.802
81.903
64.387
58.533
58.600
95.852
59.525
66.145
81.302
51.204
60.492
72.327
32.621
1.000
46.526
73.164
63.372
69.024
45.677
1.000
1.000
58.695
69.167
64.328
64.983
28.741
40.365
39.446
29.121
30.996
32.621
39.428
1.000
1.000
29.957
31.506
64.476
1.000
1.000
33.045
16.114
28.029
53.839
31.805
26.333
21.538
24.592
47.228
55.834
58.830
61.716
55.259
55.271
47.479
1.000
1.000
1.000
1.000
1.000
1.000
1.000
1.000
1.000
1.000
1.000
1.000
1.000
1.000
1.000
1.000
1.000
47.130
47.610
55.233
54.363
60.576
60.688
1.000
1.000
1.000
1.000
1.000
1.000
1.000
1.000
1.000
1.000
1.000
1.000
1.000
1.000
1.000
1.000
1.000
1.000
1.000
1.000
1.000
1.000
1.000
1.000
1.000
1.000
1.000
1.000
1.000
1.000
1.000
1.000
66.420
1.000
1.000
1.000
23.410
27.196
63.548
1.000
1.000
1.000
1.000
56.416
58.966
1.000
1.000
1.000
1.000
1.000
1.000
1.000
1.000
1.000
1.000
1.000
1.000
1.000
1.000
40.823
46.238
1.000
1.000
1.000
1.000
1.000
1.000
1.000
1.000
1.000
1.000
1.000
1.000
1.000
79.323
77.678
1.000
20.031
14.272
33.814
48.518
56.312
62.503
29.587
29.067
30.360
74.473
96.294
95.367
77.179
77.286
54.714
70.502
58.979
66.405
66.451
68.960
59.115
89.351
80.854
91.601
93.454
72.444
81.828
82.376
74.422
72.728
78.181
73.266
84.762
87.237
1.000
1.000
90.887
90.282
1.000
1.000
1.000
1.000
1.000
1.000
1.000
1.000
1.000
1.000
1.000
1.000
1.000
1.000
1.000
1.000
1.000
1.000
1.000
1.000
1.000
1.000
1.000
1.000
1.000
1.000
1.000
1.000
1.000
1.000
1.000
1.000
1.000
1.000
1.000
1.000
1.000
1.000
1.000
1.000
1.000
1.000
1.000
1.000
1.000
1.000
1.000
1.000
32.479
41.248
43.692
63.343
58.036
44.658
43.551
63.460
47.337
55.488
80.057
90.240
90.199
78.055
1.000
65.479
72.360
66.604
70.453
1.000
1.000
1.000
1.000
1.000
1.000
1.000
1.000
1.000
1.000
1.000
1.000
1.000
1.000
1.000
1.000
1.000
1.000
1.000
1.000
1.000
1.000
1.000
1.000
1.000
1.000
1.000
1.000
1.000
1.000
1.000
1.000
23.763
25.229
28.203
27.561
23.994
27.549
27.265
27.473
26.309
33.466
26.297
33.366
28.973
29.255
44.895
50.188
51.773
23.496
30.676
28.445
39.400
32.218
45.740
44.361
37.454
37.154
58.170
58.762
34.427
47.654
59.279
59.265
49.136
53.358
54.790
54.325
60.034
44.854
50.327
74.251
40.804
43.461
34.546
37.844
70.259
67.484
47.195
60.021
73.739
76.683
50.746
49.102
49.113
46.345
44.208
47.742
53.309
65.238
60.145
58.345
61.291
65.058
58.844
58.479
54.250
60.716
43.172
60.870
50.921
56.299
50.304
43.642
1.000
1.000
1.000
1.000
1.000
1.000
1.000
1.000
1.000
1.000
1.000
1.000
1.000
1.000
1.000
1.000
1.000
1.000
1.000
1.000
1.000
1.000
1.000
1.000
1.000
1.000
1.000
1.000
1.000
1.000
1.000
1.000
1.000
1.000
1.000
1.000
1.000
1.000
1.000
1.000
1.000
1.000
1.000
1.000
1.000
1.000
1.000
1.000
1.000
1.000
1.000
1.000
1.000
1.000
1.000
1.000
1.000
1.000
1.000
1.000
1.000
1.000
1.000
1.000
1.000
1.000
1.000
1.000
1.000
1.000
1.000
1.000
1.000
1.000
1.000
1.000
1.000
1.000
1.000
1.000
1.000
1.000
1.000
1.000
1.000
1.000
1.000
1.000
1.000
1.000
1.000
1.000
1.000
1.000
1.000
1.000
1.000
1.000
1.000
1.000
1.000
1.000
1.000
1.000
1.000
1.000
1.000
1.000
1.000
1.000
1.000
1.000
1.000
1.000
1.000
1.000
1.000
1.000
1.000
1.000
1.000
1.000
1.000
1.000
1.000
1.000
1.000
23.067
24.283
1.000
1.000
1.000
1.000
1.000
49.397
47.326
24.205
48.809
42.845
45.311
63.504
65.887
87.217
88.044
91.285
77.589
83.426
90.323
99.038
78.650
91.496
95.302
103.205
86.636
90.845
93.562
100.786
101.088
73.536
90.657
81.003
85.961
93.519
81.414
1.000
1.000
1.000
1.000
1.000
1.000
1.000
1.000
1.000
1.000
1.000
1.000
1.000
1.000
1.000
1.000
1.000
1.000
1.000
1.000
1.000
1.000
1.000
1.000
1.000
1.000
1.000
1.000
1.000
1.000
1.000
1.000
1.000
1.000
1.000
1.000
1.000
1.000
1.000
1.000
1.000
1.000
1.000
1.000
1.000
1.000
20.091
19.463
36.124
38.010
35.326
35.075
62.330
60.187
58.587
60.325
72.410
55.898
51.630
50.211
57.970
45.635
56.702
72.427
1.000
1.000
1.000
1.000
1.000
1.000
1.000
1.000
1.000
1.000
1.000
1.000
1.000
1.000
1.000
1.000
1.000
1.000
1.000
1.000
1.000
1.000
1.000
1.000
1.000
1.000
1.000
1.000
1.000
1.000
1.000
1.000
1.000
1.000
27.283
34.111
24.626
25.645
58.103
55.770
31.798
24.038
31.153
28.203
82.680
82.224
28.543
32.203
83.714
88.085
38.512
39.364
33.113
34.387
56.846
52.276
73.097
66.696
82.054
84.528
41.543
49.408
105.536
78.650
83.849
83.676
76.050
75.457
46.925
45.856
74.989
83.657
81.283
73.030
80.686
53.839
58.641
59.074
62.951
49.797
54.475
59.347
90.991
69.135
88.736
90.615
39.528
45.040
55.578
57.056
62.777
66.958
73.350
74.972
43.974
62.302
74.216
61.320
85.055
80.039
69.920
75.631
1.000
1.000
1.000
1.000
1.000
1.000
1.000
79.763
47.951
91.496
1.000
1.000
77.304
82.737
1.000
1.000
1.000
1.000
1.000
1.000
1.000
1.000
1.000
1.000
1.000
1.000
1.000
1.000
1.000
1.000
1.000
1.000
1.000
1.000
1.000
1.000
1.000
1.000
1.000
1.000
1.000
1.000
1.000
1.000
1.000
1.000
1.000
1.000
1.000
1.000
1.000
1.000
1.000
1.000
1.000
1.000
1.000
1.000
1.000
1.000
1.000
1.000
1.000
1.000
1.000
1.000
1.000
1.000
1.000
1.000
1.000
1.000
1.000
1.000
1.000
1.000
1.000
1.000
1.000
1.000
1.000
1.000
1.000
1.000
1.000
1.000
1.000
1.000
1.000
1.000
1.000
1.000
1.000
1.000
1.000
1.000
39.418
32.456
55.360
54.891
1.000
1.000
32.337
34.802
34.387
35.075
26.050
29.376
50.443
54.238
52.180
48.018
53.137
58.573
64.551
68.202
67.795
1.000
1.000
1.000
1.000
1.000
1.000
1.000
1.000
1.000
1.000
1.000
1.000
1.000
1.000
1.000
1.000
1.000
1.000
1.000
1.000
1.000
1.000
1.000
1.000
1.000
1.000
1.000
1.000
1.000
1.000
1.000
1.000
40.041
25.580
27.403
58.898
73.232
65.313
63.460
94.471
92.449
92.619
73.282
1.000
1.000
1.000
1.000
1.000
1.000
1.000
1.000
1.000
1.000
1.000
1.000
1.000
1.000
1.000
1.000
1.000
1.000
1.000
1.000
1.000
1.000
1.000
1.000
29.730
36.016
31.652
75.422
73.485
73.892
50.606
56.351
83.138
80.223
96.183
96.761
89.310
84.392
85.271
1.000
1.000
1.000
1.000
1.000
1.000
1.000
1.000
1.000
1.000
1.000
1.000
1.000
1.000
1.000
1.000
1.000
1.000
1.000
1.000
1.000
1.000
1.000
1.000
1.000
1.000
1.000
24.643
25.328
46.153
44.167
51.333
82.680
66.927
58.587
60.856
47.951
51.725
62.144
61.165
38.896
43.401
48.040
47.479
1.000
1.000
1.000
1.000
1.000
1.000
1.000
1.000
1.000
1.000
1.000
1.000
1.000
1.000
1.000
1.000
1.000
1.000
1.000
1.000
1.000
1.000
1.000
1.000
1.000
1.000
1.000
1.000
1.000
1.000
1.000
1.000
1.000
1.000
1.000
1.000
1.000
1.000
1.000
1.000
1.000
1.000
1.000
1.000
1.000
1.000
27.277
26.841
24.621
23.292
20.840
31.923
42.413
32.129
26.810
26.571
26.242
30.172
28.458
22.506
20.559
40.486
43.301
30.402
34.182
33.605
23.933
25.113
21.385
23.502
32.151
45.384
64.106
21.159
51.547
48.955
63.592
49.659
48.317
48.854
63.125
54.288
67.019
85.310
57.876
71.697
39.292
66.390
38.654
40.077
39.546
54.263
37.636
41.764
75.544
41.324
75.788
70.033
56.455
64.165
63.680
65.058
61.376
60.298
68.187
69.534
44.885
53.052
55.552
72.527
71.138
70.049
67.733
86.517
92.961
70.307
62.690
62.893
75.318
81.658
65.675
65.872
98.969
99.380
41.957
88.410
62.791
59.061
50.629
1.000
1.000
78.524
91.222
1.000
1.000
1.000
1.000
47.841
53.211
1.000
1.000
1.000
1.000
1.000
62.431
65.811
1.000
1.000
1.000
1.000
1.000
1.000
1.000
1.000
1.000
1.000
1.000
1.000
1.000
1.000
1.000
1.000
1.000
1.000
1.000
1.000
1.000
1.000
1.000
1.000
1.000
1.000
1.000
1.000
1.000
1.000
1.000
1.000
1.000
1.000
1.000
1.000
1.000
1.000
1.000
1.000
1.000
1.000
1.000
1.000
1.000
1.000
1.000
1.000
1.000
1.000
1.000
1.000
1.000
1.000
1.000
1.000
1.000
1.000
1.000
1.000
1.000
1.000
1.000
1.000
1.000
1.000
1.000
1.000
1.000
1.000
1.000
1.000
1.000
1.000
1.000
1.000
1.000
1.000
1.000
1.000
1.000
1.000
1.000
1.000
1.000
1.000
1.000
1.000
1.000
1.000
1.000
1.000
1.000
1.000
1.000
1.000
1.000
1.000
1.000
1.000
1.000
1.000
1.000
1.000
1.000
1.000
1.000
1.000
1.000
1.000
1.000
1.000
1.000
1.000
1.000
1.000
1.000
1.000
1.000
1.000
1.000
1.000
1.000
1.000
1.000
1.000
1.000
1.000
1.000
1.000
1.000
1.000
1.000
1.000
1.000
1.000
1.000
1.000
1.000
1.000
1.000
1.000
1.000
1.000
1.000
1.000
1.000
1.000
1.000
1.000
1.000
1.000
1.000
1.000
1.000
12.820
22.009
18.841
19.962
33.481
23.062
22.233
19.081
20.502
26.946
22.336
24.066
23.014
25.674
22.683
24.952
26.669
21.888
24.485
32.802
26.266
29.047
32.666
25.416
23.801
32.367
29.329
23.089
24.952
33.052
60.270
28.327
37.566
48.529
51.964
20.366
33.121
41.745
31.754
27.555
50.050
66.988
30.655
45.846
42.005
73.943
42.452
42.141
43.803
41.870
41.134
45.920
63.562
64.819
32.569
34.222
32.501
34.190
34.610
33.350
43.611
29.194
31.915
41.928
44.720
61.193
42.806
53.432
36.804
38.512
35.229
35.359
47.742
57.730
71.302
46.484
25.492
30.402
34.435
32.885
51.558
31.674
30.193
56.611
55.552
34.017
41.400
56.663
63.314
70.486
1.000
1.000
1.000
1.000
1.000
1.000
1.000
1.000
1.000
1.000
1.000
1.000
1.000
1.000
1.000
1.000
1.000
1.000
1.000
1.000
1.000
1.000
1.000
1.000
1.000
1.000
1.000
1.000
1.000
1.000
1.000
1.000
1.000
1.000
1.000
1.000
1.000
1.000
1.000
1.000
1.000
1.000
1.000
1.000
1.000
1.000
1.000
1.000
1.000
1.000
1.000
1.000
1.000
1.000
1.000
1.000
1.000
1.000
1.000
1.000
1.000
1.000
1.000
1.000
1.000
1.000
1.000
1.000
1.000
1.000
1.000
1.000
1.000
1.000
1.000
1.000
1.000
1.000
1.000
1.000
1.000
1.000
1.000
1.000
1.000
1.000
1.000
1.000
13.246
17.583
19.329
23.475
28.294
49.374
50.408
48.540
52.192
51.642
59.047
53.976
57.650
63.606
63.621
71.007
64.150
61.348
73.350
1.000
1.000
1.000
1.000
1.000
1.000
1.000
1.000
1.000
1.000
1.000
1.000
1.000
1.000
1.000
1.000
1.000
1.000
1.000
1.000
1.000
1.000
1.000
1.000
1.000
1.000
1.000
1.000
1.000
1.000
1.000
1.000
1.000
1.000
1.000
1.000
1.000
1.000
1.000
1.000
1.000
1.000
1.000
1.000
1.000
1.000
1.000
1.000
1.000
1.000
1.000
1.000
1.000
1.000
1.000
1.000
1.000
1.000
1.000
1.000
1.000
1.000
1.000
1.000
1.000
1.000
1.000
1.000
1.000
1.000
1.000
1.000
1.000
1.000
1.000
1.000
1.000
1.000
18.357
64.893
67.019
54.891
55.950
64.849
72.244
65.133
69.952
67.313
62.893
60.214
45.783
62.965
48.095
48.663
66.973
1.000
1.000
1.000
1.000
1.000
1.000
1.000
1.000
1.000
1.000
1.000
1.000
1.000
1.000
1.000
1.000
1.000
1.000
1.000
1.000
1.000
1.000
1.000
1.000
1.000
1.000
1.000
1.000
1.000
1.000
1.000
1.000
34.285
58.735
57.174
58.050
51.074
63.606
1.000
1.000
1.000
1.000
1.000
1.000
1.000
1.000
1.000
1.000
1.000
1.000
1.000
1.000
1.000
1.000
1.000
1.000
1.000
1.000
1.000
1.000
1.000
1.000
1.000
1.000
1.000
1.000
1.000
1.000
1.000
1.000
65.223
43.813
21.657
23.378
69.759
37.463
39.337
39.710
56.676
62.044
82.642
86.996
51.558
78.686
88.879
77.464
58.304
59.772
82.243
72.078
77.714
84.120
77.339
44.555
86.437
56.299
78.524
83.965
74.938
84.762
78.109
66.850
70.925
61.617
68.960
45.436
44.782
76.366
79.341
54.013
64.699
1.000
1.000
1.000
1.000
72.460
1.000
1.000
1.000
1.000
1.000
1.000
1.000
1.000
1.000
1.000
1.000
1.000
1.000
1.000
1.000
1.000
1.000
1.000
1.000
1.000
1.000
1.000
1.000
1.000
1.000
1.000
1.000
1.000
1.000
1.000
1.000
1.000
1.000
1.000
1.000
1.000
1.000
1.000
1.000
1.000
1.000
1.000
1.000
1.000
1.000
1.000
1.000
1.000
1.000
1.000
1.000
1.000
1.000
1.000
1.000
1.000
1.000
1.000
1.000
1.000
1.000
1.000
1.000
1.000
1.000
1.000
26.860
26.074
30.889
63.592
36.543
18.361
22.284
39.912
22.967
25.351
72.895
76.648
61.802
70.437
68.423
60.242
56.676
72.845
68.202
76.225
72.577
78.650
71.203
69.888
50.466
46.752
88.125
93.454
79.469
82.281
67.920
71.664
96.361
93.778
54.563
59.869
77.037
73.215
77.321
65.599
70.713
67.811
81.320
85.546
85.349
1.000
1.000
1.000
1.000
1.000
1.000
1.000
1.000
1.000
1.000
1.000
1.000
1.000
1.000
1.000
1.000
1.000
1.000
1.000
1.000
1.000
1.000
1.000
1.000
1.000
1.000
1.000
1.000
1.000
1.000
1.000
1.000
1.000
1.000
1.000
1.000
1.000
1.000
1.000
1.000
1.000
1.000
1.000
1.000
1.000
1.000
1.000
1.000
1.000
1.000
1.000
19.187
24.820
39.719
43.782
60.145
70.469
56.468
34.253
36.442
70.081
75.422
72.996
34.206
37.128
78.614
85.271
100.069
62.388
64.968
64.938
91.791
81.190
83.657
81.979
81.583
68.250
87.337
81.979
87.498
81.846
87.579
80.947
78.505
65.283
80.575
71.499
1.000
80.112
86.716
76.825
93.132
1.000
1.000
93.648
89.950
1.000
1.000
1.000
1.000
1.000
1.000
1.000
1.000
1.000
1.000
1.000
1.000
1.000
1.000
1.000
1.000
1.000
1.000
1.000
1.000
1.000
1.000
1.000
1.000
1.000
1.000
1.000
1.000
1.000
1.000
1.000
1.000
1.000
1.000
1.000
1.000
1.000
1.000
1.000
1.000
1.000
1.000
1.000
1.000
1.000
1.000
1.000
1.000
1.000
1.000
1.000
1.000
1.000
1.000
1.000
1.000
1.000
1.000
1.000
1.000
1.000
1.000
1.000
1.000
1.000
22.034
33.373
53.076
45.175
66.958
72.728
54.651
29.978
34.866
73.689
66.252
75.093
50.304
51.015
66.711
87.016
83.426
56.040
71.746
57.890
80.260
75.232
76.931
76.384
77.768
78.415
87.438
89.228
89.908
76.489
90.303
73.655
75.753
70.065
71.236
74.046
71.532
69.215
66.973
69.406
92.003
86.856
73.909
74.731
1.000
1.000
1.000
1.000
1.000
1.000
1.000
1.000
1.000
1.000
1.000
1.000
1.000
1.000
1.000
1.000
1.000
1.000
1.000
1.000
1.000
1.000
1.000
1.000
1.000
1.000
1.000
1.000
1.000
1.000
1.000
1.000
1.000
1.000
1.000
1.000
1.000
1.000
1.000
1.000
1.000
1.000
1.000
1.000
1.000
1.000
1.000
1.000
1.000
1.000
1.000
1.000
1.000
1.000
1.000
1.000
1.000
1.000
1.000
1.000
1.000
1.000
1.000
1.000
1.000
1.000
1.000
1.000
18.256
26.853
26.448
28.366
88.328
87.056
67.952
89.207
49.888
59.170
68.265
63.198
65.388
67.391
65.358
90.740
91.054
73.063
73.875
69.775
85.783
84.333
84.606
88.879
92.406
82.357
91.075
81.433
82.224
91.453
88.634
90.240
79.708
78.632
1.000
88.675
90.824
87.157
92.406
82.243
85.882
1.000
1.000
74.251
75.353
1.000
1.000
1.000
1.000
1.000
1.000
1.000
1.000
1.000
1.000
1.000
1.000
1.000
1.000
1.000
1.000
1.000
1.000
1.000
1.000
1.000
1.000
1.000
1.000
1.000
1.000
1.000
1.000
1.000
1.000
1.000
1.000
1.000
1.000
1.000
1.000
1.000
1.000
1.000
1.000
1.000
1.000
1.000
1.000
1.000
1.000
1.000
1.000
1.000
1.000
1.000
1.000
1.000
1.000
1.000
1.000
1.000
1.000
1.000
1.000
1.000
1.000
1.000
1.000
1.000
1.000
64.953
1.000
1.000
1.000
58.331
51.558
71.089
84.236
1.000
1.000
1.000
1.000
32.621
32.426
1.000
1.000
1.000
1.000
1.000
1.000
45.206
27.435
48.831
74.012
79.323
1.000
1.000
1.000
1.000
1.000
35.035
36.517
17.219
19.059
35.612
48.295
59.293
89.392
68.375
77.643
49.408
1.000
1.000
1.000
1.000
1.000
1.000
1.000
1.000
1.000
1.000
1.000
1.000
1.000
1.000
1.000
32.278
26.098
35.950
60.968
28.314
39.646
51.558
71.647
80.242
71.548
1.000
1.000
1.000
1.000
1.000
1.000
1.000
1.000
26.687
28.347
1.000
1.000
27.804
31.725
21.459
33.389
24.502
31.710
46.580
54.891
36.400
41.697
1.000
1.000
65.103
54.941
52.312
62.517
1.000
1.000
1.000
1.000
1.000
1.000
1.000
1.000
1.000
1.000
1.000
1.000
1.000
72.161
88.105
1.000
1.000
1.000
1.000
1.000
1.000
1.000
49.934
54.929
46.132
59.635
73.063
94.297
56.885
66.328
71.285
1.000
1.000
1.000
1.000
1.000
1.000
1.000
1.000
1.000
1.000
1.000
1.000
13.351
70.129
30.276
75.266
78.379
76.173
85.625
1.000
1.000
1.000
24.694
25.924
24.049
28.425
26.026
46.860
38.601
63.445
57.359
64.491
43.541
57.836
76.243
79.031
54.840
56.820
57.359
1.000
1.000
1.000
1.000
1.000
1.000
1.000
1.000
1.000
1.000
1.000
1.000
1.000
1.000
20.573
1.000
1.000
1.000
48.574
64.580
65.343
74.731
64.372
72.627
53.654
36.350
57.903
1.000
1.000
1.000
1.000
1.000
1.000
1.000
1.000
1.000
1.000
1.000
43.813
52.228
67.220
68.865
1.000
1.000
1.000
1.000
1.000
1.000
1.000
1.000
23.961
24.786
23.254
23.961
65.857
58.251
61.334
39.985
67.236
66.788
49.249
57.266
47.984
54.325
64.610
33.908
1.000
1.000
1.000
1.000
1.000
1.000
1.000
1.000
1.000
1.000
1.000
1.000
1.000
1.000
1.000
1.000
1.000
1.000
1.000
1.000
49.454
60.618
62.676
67.236
59.388
75.162
1.000
1.000
1.000
1.000
1.000
1.000
1.000
1.000
1.000
1.000
1.000
1.000
1.000
1.000
1.000
1.000
1.000
1.000
1.000
1.000
1.000
1.000
64.625
1.000
1.000
1.000
1.000
1.000
1.000
1.000
1.000
1.000
1.000
1.000
1.000
1.000
1.000
1.000
1.000
1.000
63.343
69.279
1.000
1.000
1.000
1.000
1.000
1.000
55.017
58.090
1.000
1.000
1.000
1.000
1.000
1.000
1.000
59.717
1.000
1.000
1.000
1.000
1.000
49.397
50.641
80.984
59.553
64.580
67.889
1.000
1.000
1.000
1.000
1.000
1.000
1.000
1.000
1.000
1.000
1.000
1.000
1.000
1.000
1.000
1.000
1.000
66.466
67.143
25.680
1.000
52.300
40.133
26.860
49.511
53.113
1.000
1.000
1.000
1.000
1.000
1.000
1.000
63.343
59.388
66.344
66.711
73.164
83.100
68.644
76.895
1.000
1.000
1.000
1.000
1.000
1.000
1.000
1.000
1.000
1.000
1.000
1.000
1.000
1.000
1.000
1.000
1.000
1.000
1.000
1.000
1.000
1.000
60.884
56.872
1.000
1.000
1.000
1.000
1.000
1.000
1.000
1.000
1.000
1.000
1.000
1.000
1.000
1.000
1.000
1.000
1.000
1.000
1.000
1.000
1.000
1.000
1.000
1.000
1.000
1.000
1.000
1.000
1.000
1.000
1.000
1.000
1.000
1.000
1.000
1.000
1.000
1.000
1.000
1.000
1.000
1.000
1.000
1.000
1.000
1.000
1.000
1.000
1.000
1.000
1.000
1.000
1.000
1.000
1.000
1.000
1.000
1.000
1.000
1.000
1.000
64.759
1.000
1.000
1.000
1.000
1.000
1.000
1.000
1.000
1.000
1.000
1.000
1.000
1.000
1.000
1.000
56.351
1.000
1.000
1.000
1.000
1.000
1.000
83.965
1.000
1.000
1.000
1.000
1.000
1.000
1.000
1.000
1.000
1.000
1.000
1.000
83.215
1.000
1.000
1.000
1.000
1.000
1.000
1.000
1.000
1.000
1.000
1.000
1.000
92.576
1.000
1.000
1.000
1.000
1.000
1.000
77.268
69.984
1.000
1.000
1.000
1.000
1.000
1.000
1.000
1.000
39.866
34.946
1.000
1.000
1.000
1.000
1.000
1.000
1.000
1.000
41.143
40.860
1.000
1.000
1.000
1.000
1.000
1.000
1.000
1.000
1.000
1.000
1.000
1.000
1.000
1.000
32.494
1.000
1.000
1.000
1.000
1.000
1.000
1.000
1.000
1.000
23.372
59.375
56.754
1.000
1.000
1.000
69.247
63.768
69.775
1.000
1.000
1.000
1.000
1.000
1.000
1.000
1.000
1.000
1.000
1.000
1.000
27.492
81.903
1.000
1.000
26.742
77.179
69.566
1.000
1.000
62.690
66.390
1.000
1.000
1.000
1.000
1.000
1.000
1.000
1.000
1.000
1.000
1.000
19.629
21.028
1.000
21.106
49.888
70.000
1.000
1.000
1.000
59.211
65.720
1.000
1.000
1.000
24.300
26.418
36.593
23.083
24.791
26.473
30.733
34.938
31.232
38.468
40.281
65.720
66.711
59.416
60.968
68.202
64.077
55.680
67.267
73.181
1.000
1.000
1.000
1.000
1.000
1.000
1.000
1.000
1.000
1.000
1.000
1.000
1.000
1.000
1.000
1.000
1.000
1.000
1.000
1.000
1.000
1.000
1.000
1.000
1.000
1.000
59.662
29.874
36.627
68.265
73.961
82.073
1.000
1.000
1.000
1.000
1.000
23.572
69.615
101.321
1.000
1.000
1.000
20.240
53.186
75.561
68.913
74.989
66.757
69.775
1.000
1.000
1.000
1.000
1.000
25.918
78.001
64.254
1.000
75.336
68.312
66.374
27.321
74.388
74.783
61.589
66.161
58.898
62.705
1.000
1.000
1.000
1.000
59.498
1.000
29.607
65.403
56.169
69.743
70.534
73.384
74.370
46.004
52.590
1.000
1.000
1.000
1.000
1.000
1.000
1.000
1.000
1.000
1.000
1.000
1.000
1.000
47.239
1.000
1.000
1.000
1.000
1.000
1.000
20.403
25.200
25.439
24.769
26.418
25.811
39.884
24.826
40.327
39.985
30.981
51.594
35.506
38.194
61.873
64.670
71.945
76.507
56.002
39.600
56.195
61.830
64.878
64.759
73.536
69.550
56.390
53.939
52.529
67.112
91.432
86.656
83.580
82.471
71.763
76.261
76.683
1.000
1.000
83.907
90.053
1.000
1.000
1.000
1.000
1.000
1.000
1.000
1.000
1.000
1.000
1.000
1.000
1.000
1.000
1.000
1.000
1.000
1.000
1.000
1.000
1.000
1.000
20.936
30.690
35.318
30.040
22.136
24.333
36.291
38.291
29.539
45.920
36.526
74.456
50.466
72.460
53.976
54.676
57.690
77.321
64.923
78.217
80.279
64.091
67.050
70.518
76.331
79.122
74.800
76.577
73.587
77.607
76.630
1.000
1.000
1.000
1.000
71.961
83.849
1.000
1.000
1.000
1.000
1.000
1.000
1.000
1.000
1.000
1.000
1.000
1.000
51.749
48.273
64.506
68.093
78.271
28.418
27.663
60.311
62.388
23.681
60.744
35.197
50.874
40.476
46.569
70.827
73.790
51.251
61.038
63.548
63.009
1.000
1.000
1.000
1.000
1.000
1.000
1.000
1.000
1.000
1.000
1.000
1.000
1.000
1.000
1.000
1.000
1.000
1.000
1.000
1.000
1.000
1.000
1.000
1.000
1.000
1.000
1.000
1.000
1.000
1.000
1.000
1.000
1.000
1.000
1.000
1.000
1.000
67.983
33.551
30.297
64.759
64.224
44.607
49.911
51.263
62.878
53.125
61.433
59.827
78.145
58.803
64.018
67.329
77.197
57.227
64.417
66.206
65.178
1.000
1.000
1.000
1.000
1.000
1.000
1.000
1.000
1.000
1.000
1.000
1.000
1.000
1.000
1.000
1.000
1.000
1.000
1.000
1.000
1.000
1.000
1.000
1.000
1.000
1.000
1.000
1.000
1.000
1.000
1.000
1.000
1.000
1.000
1.000
1.000
26.351
46.302
55.924
65.088
74.080
52.759
26.786
75.893
84.957
1.000
1.000
1.000
1.000
1.000
1.000
1.000
1.000
1.000
1.000
27.114
31.333
57.293
62.922
63.314
56.260
32.885
38.124
79.287
82.035
1.000
1.000
1.000
1.000
1.000
1.000
1.000
1.000
1.000
1.000
76.454
83.157
90.033
88.982
1.000
1.000
1.000
1.000
84.043
86.258
101.789
101.648
1.000
1.000
1.000
1.000
1.000
1.000
22.977
27.593
76.984
83.580
57.372
65.705
98.039
97.724
1.000
1.000
1.000
1.000
1.000
1.000
1.000
62.087
63.504
1.000
1.000
1.000
1.000
1.000
22.111
26.928
24.244
23.185
22.470
23.895
36.610
39.884
24.694
26.823
19.847
20.835
36.074
38.592
26.841
27.485
74.490
77.732
43.581
40.050
33.373
28.087
35.375
24.417
22.851
64.789
78.723
22.377
51.796
49.204
61.433
59.211
70.762
66.942
78.397
77.911
50.606
74.851
69.855
68.061
88.675
91.876
66.558
74.938
85.882
66.757
67.174
81.395
84.801
60.660
64.968
77.286
83.830
1.000
1.000
82.585
41.295
46.079
60.786
68.818
77.073
78.959
1.000
88.267
84.256
1.000
82.471
83.985
1.000
1.000
1.000
1.000
1.000
1.000
1.000
1.000
1.000
1.000
1.000
1.000
1.000
1.000
1.000
1.000
1.000
1.000
1.000
1.000
1.000
1.000
1.000
1.000
1.000
1.000
49.477
53.395
29.607
27.855
42.934
47.293
71.713
78.325
63.694
76.384
73.502
70.486
1.000
1.000
1.000
1.000
1.000
1.000
1.000
1.000
1.000
1.000
1.000
1.000
1.000
1.000
1.000
1.000
1.000
1.000
1.000
1.000
1.000
1.000
1.000
1.000
1.000
1.000
18.910
22.413
24.553
24.883
28.635
25.125
24.700
24.177
27.663
33.497
43.162
47.808
44.514
41.371
33.343
37.351
55.911
55.603
44.188
46.784
29.485
33.698
44.381
26.369
30.047
51.880
63.343
54.363
1.000
1.000
1.000
1.000
1.000
1.000
1.000
1.000
1.000
1.000
1.000
1.000
1.000
1.000
1.000
1.000
1.000
1.000
1.000
1.000
1.000
1.000
1.000
1.000
1.000
1.000
1.000
1.000
1.000
1.000
1.000
1.000
1.000
1.000
1.000
27.290
28.774
29.161
31.630
36.333
37.775
35.164
37.905
35.662
34.483
24.121
25.728
52.336
67.298
81.677
67.484
78.904
56.066
61.193
54.438
63.402
44.648
54.350
61.334
78.959
76.278
68.659
93.951
94.995
59.539
74.268
69.215
67.515
79.891
82.433
75.492
69.024
67.422
61.916
70.146
71.318
67.344
61.645
69.406
70.049
1.000
1.000
1.000
1.000
1.000
1.000
1.000
1.000
1.000
1.000
1.000
1.000
1.000
1.000
1.000
1.000
1.000
1.000
1.000
1.000
1.000
1.000
1.000
1.000
1.000
1.000
1.000
1.000
1.000
1.000
1.000
49.034
50.699
78.886
83.196
43.782
48.029
65.736
68.234
1.000
1.000
1.000
1.000
1.000
1.000
1.000
1.000
1.000
1.000
1.000
1.000
1.000
1.000
1.000
1.000
1.000
1.000
1.000
1.000
1.000
1.000
33.083
32.449
27.625
26.872
30.570
29.020
30.577
22.615
19.907
35.091
34.380
22.254
36.241
26.272
24.946
21.647
19.427
30.381
20.123
65.766
69.486
45.415
49.351
50.038
60.814
59.993
65.948
57.043
60.618
60.395
53.113
55.731
65.388
69.855
75.388
73.875
76.507
72.862
26.891
36.534
55.068
61.532
44.238
47.109
43.732
51.428
81.283
83.311
65.902
110.205
105.463
43.692
41.687
87.619
81.152
85.251
60.311
87.317
1.000
1.000
1.000
1.000
1.000
1.000
1.000
1.000
1.000
1.000
1.000
1.000
1.000
1.000
1.000
1.000
1.000
1.000
1.000
1.000
1.000
1.000
1.000
1.000
1.000
1.000
1.000
1.000
1.000
1.000
1.000
1.000
1.000
1.000
1.000
1.000
1.000
1.000
1.000
1.000
1.000
1.000
1.000
1.000
1.000
1.000
19.715
21.963
26.601
29.868
32.711
38.744
38.539
25.882
28.913
65.933
70.876
58.939
44.066
52.565
67.453
70.827
68.992
53.407
59.938
45.846
50.466
45.279
64.834
1.000
1.000
1.000
1.000
1.000
1.000
1.000
1.000
1.000
1.000
1.000
1.000
1.000
1.000
1.000
1.000
1.000
1.000
1.000
1.000
1.000
1.000
1.000
1.000
1.000
1.000
1.000
1.000
1.000
1.000
1.000
1.000
1.000
1.000
1.000
21.979
27.714
28.184
35.744
60.464
66.085
59.869
60.007
67.282
1.000
1.000
1.000
1.000
1.000
1.000
1.000
1.000
1.000
1.000
1.000
24.434
23.719
67.546
66.696
1.000
1.000
1.000
1.000
1.000
1.000
1.000
1.000
1.000
1.000
1.000
1.000
1.000
1.000
1.000
1.000
1.000
1.000
1.000
1.000
56.351
61.108
83.215
63.256
50.015
64.938
65.720
71.466
1.000
1.000
1.000
1.000
1.000
1.000
1.000
1.000
1.000
1.000
1.000
1.000
1.000
1.000
1.000
31.579
30.704
26.984
31.024
47.370
66.130
45.846
53.432
52.276
58.749
1.000
1.000
1.000
1.000
1.000
1.000
1.000
1.000
1.000
1.000
1.000
1.000
1.000
1.000
1.000
1.000
1.000
1.000
1.000
1.000
1.000
1.000
1.000
1.000
1.000
1.000
1.000
1.000
1.000
1.000
1.000
1.000
1.000
1.000
1.000
1.000
1.000
1.000
1.000
1.000
1.000
1.000
1.000
1.000
39.509
50.641
88.675
90.282
68.077
60.744
60.353
56.442
85.921
86.537
79.323
77.037
81.003
76.103
1.000
1.000
1.000
1.000
1.000
1.000
1.000
1.000
1.000
1.000
1.000
1.000
1.000
1.000
1.000
1.000
1.000
1.000
1.000
1.000
1.000
1.000
1.000
1.000
1.000
1.000
1.000
1.000
