18.759
26.485
33.651
16.237
1.000
1.000
1.000
1.000
1.000
1.000
1.000
1.000
21.602
20.022
22.156
25.340
27.574
21.632
37.757
48.607
50.096
41.229
37.017
36.576
31.930
31.637
52.396
21.707
40.495
24.940
32.516
38.548
33.620
54.639
53.469
62.330
66.252
64.018
64.595
37.601
46.153
1.000
42.589
53.040
1.000
1.000
1.000
1.000
1.000
1.000
1.000
1.000
1.000
1.000
1.000
1.000
1.000
1.000
1.000
1.000
1.000
1.000
1.000
1.000
1.000
1.000
1.000
1.000
1.000
1.000
1.000
1.000
1.000
1.000
1.000
1.000
1.000
1.000
1.000
1.000
57.943
1.000
1.000
1.000
1.000
1.000
1.000
1.000
1.000
56.299
71.269
1.000
1.000
1.000
1.000
1.000
1.000
27.791
27.874
19.337
75.544
81.133
56.053
60.145
56.964
61.574
47.293
45.952
1.000
1.000
1.000
1.000
1.000
1.000
1.000
1.000
1.000
1.000
1.000
1.000
1.000
1.000
1.000
1.000
1.000
1.000
27.746
18.954
34.316
19.445
44.802
28.074
18.638
32.404
41.620
35.473
33.022
23.158
23.094
22.423
49.671
47.293
40.635
29.134
31.182
1.000
1.000
1.000
1.000
1.000
1.000
1.000
1.000
1.000
1.000
1.000
1.000
1.000
1.000
1.000
1.000
1.000
1.000
1.000
1.000
1.000
1.000
1.000
1.000
1.000
1.000
1.000
1.000
1.000
1.000
17.342
69.343
52.408
48.462
64.150
60.814
43.702
50.292
65.766
80.242
79.068
77.304
82.092
1.000
1.000
1.000
1.000
1.000
1.000
1.000
1.000
1.000
1.000
1.000
1.000
1.000
1.000
1.000
1.000
1.000
49.249
1.000
1.000
1.000
1.000
1.000
1.000
1.000
1.000
1.000
1.000
1.000
1.000
1.000
1.000
1.000
51.168
1.000
1.000
1.000
1.000
1.000
1.000
1.000
1.000
1.000
1.000
27.083
51.015
63.944
1.000
1.000
1.000
1.000
1.000
1.000
1.000
1.000
1.000
1.000
1.000
1.000
1.000
1.000
1.000
1.000
1.000
24.986
24.626
21.488
29.964
21.607
24.021
21.513
25.073
24.221
30.304
22.563
25.728
24.570
46.121
32.456
49.283
46.602
37.282
53.703
58.157
38.851
76.208
44.761
79.799
47.206
46.227
81.658
32.576
27.880
53.358
52.240
63.387
43.023
48.507
49.785
50.350
62.893
85.763
66.024
70.210
43.732
51.074
37.051
46.004
90.824
77.144
109.547
105.390
78.813
62.994
57.293
69.119
69.167
60.814
1.000
60.576
54.551
54.878
98.628
109.724
105.172
102.660
75.770
114.499
109.597
72.327
77.339
1.000
1.000
1.000
1.000
1.000
1.000
1.000
1.000
1.000
1.000
1.000
1.000
1.000
1.000
1.000
1.000
1.000
1.000
1.000
1.000
1.000
1.000
1.000
30.283
69.647
65.736
41.429
40.973
65.328
60.884
84.977
72.728
1.000
1.000
1.000
1.000
1.000
1.000
1.000
1.000
1.000
1.000
1.000
1.000
1.000
1.000
1.000
1.000
1.000
1.000
1.000
1.000
1.000
1.000
1.000
33.986
1.000
1.000
1.000
1.000
1.000
1.000
1.000
1.000
1.000
1.000
1.000
1.000
43.102
41.295
42.530
43.601
50.781
52.930
1.000
1.000
1.000
1.000
1.000
1.000
1.000
1.000
1.000
1.000
1.000
1.000
1.000
1.000
1.000
1.000
27.265
42.806
43.541
46.238
61.660
1.000
1.000
1.000
1.000
1.000
1.000
1.000
1.000
1.000
1.000
1.000
1.000
1.000
1.000
1.000
1.000
1.000
1.000
1.000
1.000
1.000
1.000
1.000
1.000
1.000
1.000
1.000
39.437
43.461
1.000
1.000
1.000
1.000
1.000
1.000
1.000
1.000
23.217
25.439
25.096
35.498
38.833
42.277
48.798
52.180
66.834
67.702
93.476
1.000
1.000
1.000
1.000
1.000
1.000
1.000
1.000
1.000
1.000
1.000
1.000
1.000
1.000
1.000
1.000
1.000
1.000
1.000
1.000
1.000
17.450
16.402
26.718
30.220
32.659
42.121
37.940
34.324
30.648
57.796
53.064
52.699
59.470
76.966
85.173
94.689
100.415
54.551
72.477
50.015
71.945
1.000
1.000
1.000
1.000
1.000
1.000
1.000
1.000
1.000
1.000
1.000
1.000
1.000
1.000
1.000
1.000
1.000
1.000
1.000
1.000
1.000
1.000
1.000
1.000
1.000
18.858
21.414
32.426
31.674
37.497
28.132
46.849
41.668
32.486
34.182
53.654
73.739
42.894
58.170
60.451
83.907
81.508
79.159
76.296
56.066
65.178
52.820
53.777
85.981
90.365
1.000
1.000
1.000
1.000
1.000
1.000
1.000
1.000
1.000
1.000
1.000
1.000
1.000
1.000
1.000
1.000
1.000
1.000
1.000
1.000
1.000
25.930
19.400
19.360
21.439
24.288
30.917
32.011
20.403
28.379
28.458
29.295
23.545
25.316
38.477
29.451
29.410
26.110
35.876
34.634
30.782
40.096
25.165
32.441
25.305
24.138
28.854
32.404
32.946
38.344
32.689
29.087
30.818
38.761
25.246
32.659
26.965
21.777
37.402
37.222
32.412
43.924
26.092
41.841
30.290
29.888
25.281
25.710
42.199
30.220
40.355
31.369
24.694
31.521
32.382
34.395
36.813
29.221
33.381
25.451
81.283
26.804
30.388
34.364
24.027
28.550
52.107
28.093
28.635
45.300
49.865
30.179
38.824
31.608
36.830
68.140
59.170
37.068
84.198
78.904
28.695
29.930
24.854
42.482
59.265
29.587
37.402
35.670
68.881
57.451
65.073
42.530
101.648
79.873
83.618
99.862
41.629
76.489
49.306
83.599
45.196
90.053
71.796
77.037
78.091
48.018
50.003
53.901
63.038
86.716
46.559
60.409
56.105
83.869
63.797
51.808
58.871
68.580
72.310
66.619
85.055
41.572
63.694
33.443
44.906
56.182
97.634
35.490
54.853
41.333
41.002
89.970
63.592
74.955
66.635
40.785
58.681
75.422
85.981
86.099
49.386
62.302
73.299
36.720
65.238
75.701
68.171
83.714
75.232
72.963
74.834
67.562
51.286
70.632
50.373
103.514
66.927
68.992
75.631
66.069
49.023
77.002
79.763
70.664
80.910
38.869
76.331
50.489
61.716
79.634
104.858
53.592
52.457
52.276
59.566
68.659
79.305
56.911
99.243
94.515
68.234
41.764
72.996
75.945
58.425
85.743
85.330
56.990
83.927
73.519
103.586
79.232
56.872
71.187
43.261
55.271
56.807
87.157
91.876
57.069
90.116
67.671
75.353
72.377
80.872
82.149
53.284
57.890
65.013
44.771
70.113
77.660
79.488
66.405
49.046
80.835
62.719
1.000
80.316
65.615
70.518
82.794
80.482
1.000
1.000
1.000
1.000
1.000
1.000
68.281
85.231
1.000
1.000
1.000
1.000
103.705
1.000
1.000
1.000
1.000
1.000
1.000
1.000
1.000
1.000
1.000
1.000
1.000
1.000
1.000
1.000
1.000
1.000
1.000
1.000
1.000
1.000
1.000
1.000
1.000
1.000
1.000
1.000
1.000
1.000
1.000
1.000
1.000
1.000
1.000
1.000
1.000
1.000
1.000
1.000
1.000
1.000
1.000
1.000
1.000
1.000
1.000
1.000
1.000
1.000
1.000
1.000
32.908
28.029
69.088
45.258
57.610
1.000
38.247
1.000
16.088
55.386
81.470
48.306
51.192
59.347
51.404
61.080
51.039
74.869
63.533
21.878
52.288
38.362
28.268
60.772
85.349
40.907
1.000
1.000
1.000
1.000
1.000
1.000
1.000
1.000
1.000
1.000
1.000
1.000
1.000
1.000
1.000
1.000
1.000
1.000
1.000
1.000
1.000
1.000
1.000
1.000
1.000
1.000
22.080
22.351
40.672
30.924
27.089
27.428
19.930
18.218
19.898
18.810
17.844
18.226
30.374
18.252
15.578
17.490
16.455
57.703
20.980
19.280
33.830
41.928
31.182
22.218
38.080
46.903
66.115
31.046
47.381
38.362
32.026
43.621
39.165
39.792
22.356
39.156
37.749
46.989
27.002
26.436
40.719
26.430
38.256
37.420
47.863
48.775
32.908
36.258
64.372
64.180
35.164
33.543
30.318
34.269
18.306
24.729
39.783
44.106
62.633
62.951
19.530
60.632
64.729
23.211
1.000
1.000
1.000
1.000
1.000
1.000
1.000
1.000
1.000
1.000
1.000
1.000
1.000
1.000
1.000
1.000
1.000
1.000
1.000
1.000
1.000
1.000
1.000
1.000
1.000
1.000
1.000
1.000
1.000
1.000
1.000
1.000
1.000
1.000
1.000
1.000
1.000
1.000
1.000
1.000
1.000
1.000
1.000
1.000
1.000
1.000
1.000
1.000
1.000
1.000
1.000
1.000
1.000
1.000
1.000
1.000
1.000
1.000
1.000
1.000
1.000
1.000
1.000
1.000
1.000
1.000
1.000
1.000
1.000
1.000
1.000
1.000
1.000
1.000
1.000
1.000
1.000
1.000
1.000
1.000
1.000
1.000
1.000
1.000
1.000
1.000
1.000
1.000
1.000
1.000
1.000
1.000
1.000
1.000
27.046
1.000
1.000
32.315
25.829
21.106
24.149
40.133
29.054
77.839
60.898
67.749
58.103
60.912
42.179
1.000
1.000
1.000
1.000
1.000
1.000
27.638
29.054
26.601
1.000
1.000
27.258
27.283
23.052
19.404
1.000
1.000
65.028
78.001
109.044
106.905
1.000
1.000
1.000
1.000
1.000
1.000
17.108
19.566
43.043
17.828
20.502
19.943
35.035
30.811
46.100
49.556
38.672
40.374
30.005
33.159
34.459
20.022
23.281
35.506
43.742
46.494
30.981
34.995
42.189
39.628
1.000
1.000
1.000
1.000
1.000
1.000
1.000
1.000
1.000
1.000
1.000
1.000
1.000
1.000
1.000
1.000
1.000
1.000
1.000
1.000
1.000
1.000
1.000
1.000
1.000
1.000
1.000
1.000
1.000
1.000
1.000
26.248
23.840
24.479
64.136
61.334
64.804
62.936
68.849
59.224
79.159
85.467
84.333
91.749
1.000
1.000
1.000
1.000
1.000
1.000
1.000
1.000
1.000
1.000
1.000
29.847
30.130
25.751
28.893
56.144
57.280
60.828
73.232
68.960
43.501
72.627
66.988
65.118
65.283
37.827
37.949
49.751
60.688
63.198
63.885
49.682
56.105
48.697
72.111
69.072
57.823
52.240
1.000
1.000
1.000
1.000
1.000
1.000
1.000
1.000
1.000
1.000
1.000
1.000
1.000
1.000
1.000
1.000
1.000
1.000
1.000
1.000
1.000
1.000
1.000
1.000
1.000
1.000
1.000
1.000
1.000
1.000
1.000
1.000
1.000
1.000
1.000
1.000
22.392
37.428
37.359
92.385
94.733
73.215
77.643
76.683
76.436
83.734
76.120
80.779
83.368
101.836
100.069
1.000
1.000
1.000
1.000
1.000
1.000
1.000
1.000
1.000
1.000
1.000
1.000
1.000
1.000
1.000
1.000
1.000
1.000
1.000
1.000
1.000
36.459
42.015
22.641
24.182
46.015
42.257
51.381
50.478
27.384
29.020
42.589
43.621
40.346
42.904
40.022
66.466
52.083
62.907
44.916
49.261
46.559
51.940
43.934
42.491
36.906
59.814
50.269
53.555
39.364
41.172
38.503
48.764
45.186
45.061
46.302
52.312
67.811
63.067
1.000
1.000
1.000
1.000
1.000
1.000
1.000
1.000
1.000
1.000
1.000
1.000
1.000
1.000
1.000
1.000
1.000
1.000
1.000
1.000
1.000
1.000
1.000
1.000
1.000
1.000
1.000
1.000
1.000
1.000
1.000
1.000
1.000
1.000
1.000
1.000
1.000
30.634
36.957
24.513
22.751
40.253
42.199
46.100
51.976
38.089
38.690
37.213
38.212
40.374
64.834
51.773
57.372
44.402
53.186
47.995
60.842
57.122
39.774
41.467
65.675
53.493
50.921
35.197
37.342
39.075
53.802
47.217
71.713
1.000
1.000
1.000
1.000
1.000
1.000
1.000
1.000
1.000
1.000
1.000
1.000
1.000
1.000
1.000
1.000
1.000
1.000
1.000
1.000
1.000
1.000
1.000
1.000
1.000
1.000
1.000
1.000
1.000
1.000
1.000
1.000
1.000
1.000
1.000
1.000
1.000
1.000
1.000
1.000
1.000
1.000
59.047
1.000
67.905
1.000
1.000
1.000
1.000
52.469
1.000
1.000
1.000
1.000
1.000
1.000
1.000
1.000
1.000
1.000
1.000
1.000
50.781
55.005
68.328
67.468
1.000
1.000
1.000
1.000
1.000
58.830
65.148
1.000
1.000
1.000
31.131
33.159
38.468
40.701
45.279
55.081
53.852
41.106
45.009
52.312
51.322
65.842
1.000
1.000
1.000
1.000
1.000
1.000
1.000
1.000
1.000
1.000
1.000
1.000
1.000
1.000
1.000
1.000
1.000
1.000
1.000
1.000
1.000
21.548
35.942
38.967
57.783
64.298
58.546
42.845
50.003
44.514
53.248
1.000
1.000
1.000
1.000
1.000
1.000
1.000
1.000
1.000
1.000
1.000
1.000
1.000
1.000
1.000
1.000
1.000
1.000
1.000
1.000
1.000
1.000
1.000
1.000
1.000
29.888
43.401
36.509
41.011
32.772
33.543
42.005
39.528
45.373
48.910
36.559
52.036
53.877
41.793
55.335
46.281
49.785
51.168
65.013
60.590
58.425
68.202
41.524
42.462
63.402
55.731
58.345
34.088
40.757
55.259
49.034
54.200
58.762
1.000
1.000
1.000
1.000
1.000
1.000
1.000
1.000
1.000
1.000
1.000
1.000
1.000
1.000
1.000
1.000
1.000
1.000
1.000
1.000
1.000
1.000
1.000
19.584
20.606
36.283
42.053
32.270
34.826
53.617
53.456
36.058
36.000
50.722
51.263
57.122
55.195
42.944
52.517
64.224
59.910
67.593
79.433
71.614
44.198
51.369
66.405
48.798
61.207
52.954
53.125
61.419
45.973
69.295
47.424
47.370
58.939
60.270
79.910
79.818
61.165
1.000
1.000
1.000
1.000
1.000
1.000
1.000
1.000
1.000
1.000
1.000
1.000
1.000
1.000
1.000
1.000
1.000
1.000
1.000
1.000
1.000
1.000
1.000
1.000
1.000
1.000
40.607
29.861
16.285
52.918
30.276
32.129
31.521
58.600
31.805
21.767
19.521
33.343
35.457
20.989
25.148
44.535
29.710
34.364
72.427
61.802
45.175
52.192
58.790
48.239
42.053
48.674
38.362
40.654
53.506
57.770
60.021
56.144
46.763
56.442
71.072
54.275
60.159
72.929
73.790
46.526
65.253
62.359
48.006
50.594
37.722
40.785
45.113
69.151
79.086
66.313
63.606
1.000
1.000
1.000
1.000
1.000
1.000
1.000
1.000
52.869
56.663
1.000
1.000
1.000
1.000
1.000
1.000
1.000
1.000
1.000
1.000
1.000
1.000
1.000
1.000
1.000
1.000
1.000
1.000
1.000
1.000
1.000
1.000
1.000
1.000
1.000
1.000
1.000
1.000
1.000
1.000
1.000
1.000
1.000
1.000
1.000
1.000
1.000
1.000
1.000
1.000
1.000
1.000
1.000
1.000
1.000
1.000
1.000
1.000
1.000
1.000
1.000
50.594
59.938
67.251
62.705
73.892
66.435
67.406
68.501
79.086
53.150
64.402
1.000
1.000
1.000
1.000
1.000
1.000
1.000
1.000
1.000
1.000
1.000
17.989
19.182
23.195
25.722
37.411
46.334
40.785
46.709
50.769
60.145
63.548
29.676
30.409
41.333
48.217
57.398
53.728
39.093
39.491
67.375
66.374
50.176
57.016
71.763
69.727
70.795
67.764
75.214
71.598
54.790
56.650
56.663
75.370
83.869
87.116
60.173
62.690
77.126
60.982
36.484
48.562
1.000
75.910
76.366
37.549
46.206
73.316
79.141
1.000
1.000
68.218
66.344
1.000
1.000
1.000
1.000
1.000
1.000
1.000
1.000
1.000
1.000
1.000
1.000
1.000
1.000
1.000
1.000
1.000
1.000
1.000
1.000
1.000
1.000
1.000
1.000
1.000
1.000
1.000
1.000
1.000
1.000
1.000
1.000
1.000
1.000
1.000
1.000
1.000
1.000
1.000
1.000
1.000
1.000
1.000
1.000
1.000
1.000
1.000
1.000
1.000
1.000
1.000
1.000
1.000
1.000
1.000
1.000
56.247
19.191
23.599
41.020
37.471
35.392
43.391
42.394
40.551
40.392
57.557
68.501
60.284
58.345
27.221
25.293
37.291
40.327
52.687
70.065
68.108
54.664
58.979
44.699
50.107
45.436
45.426
53.740
73.892
68.628
51.570
49.181
73.943
79.818
39.337
51.298
60.814
70.259
71.846
75.509
69.359
1.000
1.000
1.000
1.000
1.000
1.000
1.000
1.000
1.000
1.000
1.000
1.000
1.000
1.000
1.000
1.000
1.000
1.000
1.000
1.000
1.000
1.000
1.000
1.000
1.000
1.000
1.000
1.000
1.000
1.000
1.000
1.000
1.000
1.000
1.000
1.000
1.000
1.000
1.000
1.000
1.000
1.000
1.000
1.000
1.000
1.000
1.000
1.000
1.000
1.000
1.000
1.000
1.000
1.000
22.673
26.971
51.796
62.922
68.486
74.679
77.339
68.659
72.594
52.432
55.348
106.047
97.140
1.000
1.000
1.000
1.000
1.000
1.000
1.000
1.000
1.000
1.000
1.000
1.000
25.229
35.140
34.530
30.598
27.625
27.277
26.400
30.507
30.542
31.124
31.290
32.352
27.252
33.489
33.396
28.412
27.797
46.914
56.533
66.115
51.251
58.170
50.664
44.340
49.854
43.712
52.723
58.749
55.514
66.206
55.170
63.475
56.859
37.222
58.560
72.410
1.000
1.000
64.165
72.795
1.000
1.000
1.000
1.000
1.000
1.000
1.000
1.000
1.000
1.000
1.000
1.000
1.000
1.000
1.000
1.000
1.000
1.000
1.000
1.000
1.000
1.000
1.000
1.000
1.000
1.000
1.000
1.000
1.000
1.000
1.000
1.000
1.000
1.000
1.000
1.000
1.000
24.010
25.102
47.076
36.771
31.139
35.075
68.754
91.369
99.380
63.738
63.154
60.968
69.968
1.000
1.000
1.000
1.000
1.000
1.000
1.000
1.000
1.000
1.000
1.000
1.000
1.000
1.000
1.000
1.000
1.000
1.000
1.000
1.000
1.000
1.000
1.000
1.000
48.798
54.651
1.000
1.000
1.000
1.000
1.000
1.000
1.000
1.000
1.000
31.879
32.151
46.677
50.119
58.600
67.905
77.875
75.214
64.402
68.187
56.872
60.604
1.000
1.000
1.000
1.000
1.000
1.000
1.000
1.000
56.650
59.662
56.637
66.742
54.765
83.272
64.580
63.548
64.343
67.905
1.000
1.000
1.000
1.000
1.000
1.000
1.000
43.231
54.916
43.541
50.281
65.675
74.370
61.631
84.567
84.120
87.177
60.660
92.470
1.000
1.000
1.000
1.000
1.000
1.000
18.854
31.952
19.971
23.464
19.422
40.022
20.946
21.262
26.749
27.008
28.602
22.060
23.110
27.127
28.728
21.647
22.428
27.498
28.268
70.275
27.606
28.523
28.418
54.363
71.862
68.960
48.306
47.643
58.898
72.194
58.925
46.366
49.046
20.342
31.688
85.133
88.247
42.141
45.446
67.081
69.438
52.071
35.367
37.975
42.034
71.203
83.119
53.469
54.238
52.420
53.346
52.336
1.000
60.842
62.201
1.000
1.000
1.000
1.000
1.000
1.000
1.000
1.000
1.000
1.000
1.000
1.000
1.000
1.000
1.000
1.000
1.000
1.000
1.000
1.000
1.000
1.000
1.000
1.000
1.000
1.000
1.000
1.000
1.000
1.000
1.000
1.000
1.000
1.000
1.000
1.000
1.000
1.000
1.000
1.000
1.000
1.000
1.000
1.000
1.000
1.000
1.000
1.000
1.000
1.000
1.000
1.000
1.000
1.000
1.000
1.000
1.000
1.000
1.000
1.000
1.000
1.000
1.000
1.000
1.000
1.000
61.645
64.165
1.000
1.000
1.000
24.929
41.096
57.584
64.402
34.491
35.441
27.460
42.619
43.702
39.237
69.263
62.532
68.375
43.772
44.535
49.012
56.208
64.610
64.610
64.849
66.819
60.145
62.532
74.422
75.405
77.411
56.520
60.104
73.485
91.054
96.316
76.454
81.639
65.358
59.772
71.170
63.110
60.632
78.922
73.131
55.093
67.686
70.033
86.537
85.862
77.286
75.024
84.295
1.000
1.000
1.000
1.000
1.000
1.000
1.000
90.199
89.578
1.000
1.000
1.000
1.000
1.000
1.000
1.000
1.000
1.000
1.000
1.000
1.000
1.000
1.000
1.000
1.000
1.000
1.000
1.000
1.000
1.000
1.000
1.000
1.000
1.000
1.000
1.000
1.000
1.000
1.000
1.000
1.000
1.000
1.000
37.154
22.930
21.242
22.325
23.955
25.340
40.672
63.973
71.697
71.961
70.113
68.849
69.582
74.611
92.257
75.648
75.840
66.573
64.077
77.375
77.411
64.150
65.690
62.633
73.485
1.000
71.236
71.269
74.046
72.144
1.000
1.000
74.559
1.000
1.000
1.000
1.000
1.000
1.000
1.000
1.000
1.000
1.000
1.000
1.000
1.000
1.000
1.000
1.000
1.000
1.000
1.000
1.000
1.000
1.000
1.000
1.000
1.000
1.000
1.000
1.000
1.000
1.000
1.000
1.000
1.000
38.300
33.581
25.486
45.614
39.418
58.264
57.082
39.093
23.834
42.482
42.015
28.582
25.044
40.309
79.928
74.285
75.059
17.902
50.769
50.757
23.550
30.276
22.320
32.531
33.373
68.202
72.678
45.920
50.548
24.389
78.596
81.602
82.414
90.740
76.718
101.042
76.913
81.828
80.260
85.566
79.086
89.187
71.220
67.406
77.339
59.402
93.476
95.521
81.246
83.004
68.486
79.068
70.437
65.464
47.918
48.989
77.037
66.222
55.068
57.346
76.015
81.733
45.667
48.663
79.360
69.486
86.139
98.992
61.574
73.722
58.681
63.562
83.042
75.076
57.743
68.897
83.869
85.783
69.743
74.216
69.727
75.059
53.407
56.898
79.141
81.433
1.000
1.000
1.000
1.000
1.000
1.000
1.000
1.000
1.000
1.000
1.000
1.000
1.000
1.000
1.000
1.000
1.000
1.000
1.000
1.000
1.000
1.000
1.000
1.000
1.000
1.000
1.000
1.000
1.000
20.054
22.398
22.465
22.956
21.184
25.864
27.328
31.761
48.451
51.796
36.166
32.092
56.820
44.535
39.884
50.793
29.799
33.466
26.400
26.068
71.614
57.187
39.728
38.931
37.653
45.614
49.034
32.659
32.107
49.545
53.150
45.804
48.686
55.834
60.576
64.003
71.598
70.210
78.596
85.330
87.761
80.020
80.020
77.161
69.422
68.171
80.427
60.912
64.447
69.968
76.419
79.360
85.625
76.313
73.824
63.139
68.171
54.538
54.601
64.998
68.202
60.548
66.222
82.737
70.178
61.277
51.701
85.448
60.228
57.677
68.691
72.427
61.504
62.575
78.723
71.302
63.212
68.360
66.619
68.077
75.701
89.310
75.041
76.913
1.000
1.000
80.408
78.632
1.000
1.000
1.000
1.000
1.000
1.000
1.000
1.000
1.000
1.000
1.000
1.000
1.000
1.000
1.000
1.000
1.000
1.000
1.000
29.161
29.127
44.106
46.281
53.641
54.916
55.017
62.287
1.000
1.000
1.000
1.000
1.000
1.000
1.000
1.000
1.000
1.000
1.000
1.000
1.000
1.000
1.000
1.000
1.000
1.000
1.000
1.000
1.000
1.000
41.639
38.318
69.359
70.941
66.589
80.168
71.072
78.055
52.012
66.788
62.633
59.443
73.198
60.367
69.279
1.000
1.000
1.000
1.000
1.000
1.000
1.000
1.000
1.000
1.000
1.000
72.510
84.801
1.000
1.000
50.559
58.304
80.538
77.607
72.728
82.073
93.907
92.130
61.235
65.963
1.000
1.000
1.000
1.000
1.000
1.000
1.000
1.000
1.000
1.000
1.000
19.679
74.851
59.443
61.787
92.726
92.321
98.311
99.449
84.684
84.528
79.799
80.742
1.000
1.000
1.000
1.000
1.000
1.000
25.177
19.507
32.144
34.253
32.644
35.124
30.276
31.725
30.346
31.586
22.034
37.870
26.116
33.869
31.930
41.572
22.951
23.318
38.468
42.835
22.714
32.825
33.651
29.930
43.964
42.737
41.467
52.954
35.164
38.833
40.607
44.116
63.621
72.127
26.448
50.107
26.272
28.177
31.282
60.228
47.044
59.910
37.679
38.203
46.387
50.699
66.039
66.896
58.210
58.466
55.424
32.159
65.283
67.422
45.688
48.339
69.470
71.351
53.420
61.024
46.505
46.602
50.050
30.269
1.000
1.000
1.000
1.000
91.012
84.957
1.000
1.000
1.000
1.000
1.000
1.000
1.000
1.000
1.000
1.000
1.000
1.000
1.000
1.000
1.000
1.000
1.000
1.000
1.000
1.000
1.000
1.000
1.000
1.000
1.000
1.000
1.000
1.000
1.000
1.000
1.000
1.000
1.000
1.000
1.000
1.000
1.000
1.000
1.000
1.000
1.000
1.000
1.000
1.000
38.931
36.417
39.346
32.181
25.592
29.451
49.774
30.535
30.367
26.773
27.290
35.132
31.637
71.532
38.291
39.811
39.057
38.770
36.025
77.875
48.029
55.616
57.122
56.377
58.331
42.756
43.601
51.689
56.131
68.849
75.076
52.348
55.233
63.826
65.736
75.422
78.741
78.451
73.131
69.984
70.178
62.618
67.406
52.396
55.860
81.283
82.111
71.763
75.683
74.696
73.858
43.331
52.481
62.994
67.936
77.250
65.283
73.961
71.697
76.789
50.478
57.056
1.000
1.000
1.000
1.000
1.000
1.000
1.000
1.000
1.000
1.000
1.000
1.000
1.000
1.000
1.000
1.000
1.000
1.000
1.000
1.000
1.000
1.000
1.000
1.000
1.000
1.000
1.000
1.000
1.000
1.000
1.000
1.000
1.000
1.000
1.000
1.000
1.000
1.000
1.000
1.000
1.000
1.000
1.000
1.000
1.000
1.000
1.000
1.000
1.000
1.000
1.000
1.000
1.000
1.000
71.995
41.697
48.128
45.541
36.383
1.000
1.000
1.000
1.000
1.000
1.000
1.000
1.000
1.000
1.000
1.000
1.000
1.000
27.977
69.422
78.850
80.002
87.862
93.132
93.929
1.000
1.000
1.000
1.000
1.000
1.000
1.000
1.000
1.000
1.000
1.000
1.000
1.000
1.000
1.000
23.394
23.796
55.770
55.412
41.096
42.983
67.999
64.819
66.466
69.199
46.387
59.443
68.628
75.076
75.963
1.000
1.000
1.000
1.000
1.000
1.000
1.000
1.000
1.000
1.000
1.000
1.000
1.000
1.000
21.953
31.769
32.961
52.942
51.916
56.092
72.127
69.247
70.388
66.328
78.343
1.000
1.000
1.000
1.000
1.000
1.000
1.000
1.000
1.000
1.000
1.000
1.000
1.000
1.000
67.019
46.036
54.113
1.000
1.000
1.000
1.000
1.000
1.000
1.000
1.000
1.000
1.000
1.000
1.000
85.153
54.051
54.777
68.423
79.214
1.000
1.000
1.000
1.000
1.000
1.000
1.000
1.000
1.000
1.000
22.673
16.003
30.662
31.769
25.745
25.745
39.012
35.604
38.887
42.267
43.904
78.868
70.437
62.633
64.387
1.000
1.000
1.000
1.000
1.000
1.000
1.000
1.000
1.000
1.000
1.000
1.000
1.000
1.000
1.000
1.000
1.000
46.281
44.453
60.423
61.688
1.000
1.000
1.000
1.000
1.000
1.000
1.000
1.000
1.000
1.000
1.000
1.000
1.000
1.000
1.000
1.000
1.000
1.000
1.000
58.911
1.000
1.000
1.000
1.000
1.000
1.000
1.000
67.842
61.094
60.409
72.177
1.000
1.000
1.000
1.000
1.000
1.000
1.000
1.000
21.115
29.060
26.266
43.082
48.428
36.872
39.400
33.558
38.344
54.513
61.207
75.596
63.709
82.471
82.471
64.491
72.377
1.000
1.000
1.000
1.000
1.000
1.000
1.000
1.000
1.000
1.000
1.000
1.000
1.000
1.000
1.000
1.000
54.425
63.372
1.000
1.000
1.000
1.000
1.000
1.000
1.000
1.000
1.000
1.000
1.000
1.000
1.000
16.383
33.450
33.481
32.159
41.295
56.299
51.039
50.945
49.511
42.658
50.734
59.334
55.259
64.670
66.191
70.033
1.000
1.000
1.000
1.000
1.000
1.000
1.000
1.000
1.000
1.000
1.000
1.000
1.000
1.000
27.530
24.261
31.550
30.005
33.939
38.601
35.851
42.638
61.702
43.281
66.696
60.884
65.418
61.887
82.073
74.748
1.000
1.000
1.000
1.000
1.000
1.000
1.000
1.000
1.000
1.000
1.000
1.000
48.206
44.340
73.047
65.978
61.716
41.210
64.372
58.560
66.191
77.144
86.258
87.076
1.000
1.000
1.000
1.000
1.000
1.000
1.000
1.000
1.000
1.000
1.000
34.096
69.327
61.916
77.553
78.487
70.941
79.965
69.904
74.576
61.136
71.483
77.571
84.470
86.417
84.101
84.859
1.000
1.000
1.000
1.000
1.000
1.000
1.000
1.000
1.000
1.000
1.000
1.000
1.000
1.000
1.000
27.919
27.536
29.881
46.741
34.229
35.736
78.361
90.469
84.781
61.958
63.460
85.271
57.796
72.177
53.101
61.306
1.000
1.000
79.561
59.745
1.000
1.000
1.000
1.000
1.000
1.000
1.000
1.000
1.000
1.000
1.000
1.000
1.000
1.000
1.000
1.000
1.000
1.000
1.000
1.000
1.000
1.000
1.000
1.000
1.000
1.000
1.000
1.000
52.820
49.215
50.524
53.728
54.613
65.751
52.735
69.311
60.437
83.541
82.357
71.565
68.187
1.000
1.000
1.000
1.000
1.000
1.000
1.000
1.000
1.000
1.000
1.000
1.000
1.000
27.397
33.274
33.612
53.939
67.920
66.054
91.939
88.593
47.000
53.555
1.000
1.000
1.000
1.000
1.000
1.000
1.000
1.000
1.000
1.000
1.000
1.000
1.000
1.000
36.467
38.212
55.246
53.654
69.647
64.878
60.856
68.770
67.375
1.000
1.000
1.000
1.000
1.000
1.000
1.000
1.000
1.000
1.000
1.000
42.609
44.330
73.706
84.004
1.000
1.000
1.000
1.000
1.000
1.000
1.000
1.000
1.000
1.000
1.000
1.000
19.458
17.595
24.210
35.140
23.768
23.448
33.381
25.539
29.567
22.024
21.174
22.182
24.005
30.910
37.853
42.845
34.995
68.865
41.976
46.505
45.973
48.787
45.962
28.615
30.255
26.767
33.235
38.397
60.339
61.306
40.013
46.537
30.179
32.181
55.886
61.334
67.608
68.171
60.744
52.348
70.941
75.336
1.000
1.000
44.147
1.000
1.000
43.652
44.555
48.406
1.000
1.000
1.000
1.000
1.000
1.000
1.000
1.000
1.000
1.000
1.000
1.000
1.000
1.000
1.000
1.000
1.000
1.000
1.000
1.000
1.000
1.000
1.000
1.000
1.000
1.000
1.000
1.000
1.000
1.000
1.000
1.000
1.000
1.000
1.000
1.000
1.000
1.000
1.000
1.000
1.000
1.000
1.000
1.000
1.000
1.000
1.000
1.000
1.000
29.221
35.992
50.910
30.818
40.926
39.958
37.914
40.087
34.538
46.281
26.080
25.663
51.215
55.208
54.463
58.681
49.057
52.578
54.828
69.295
1.000
47.228
48.753
1.000
1.000
1.000
1.000
1.000
1.000
1.000
1.000
1.000
26.977
29.553
35.909
39.500
43.863
55.030
56.598
45.551
47.885
77.625
73.943
82.890
77.055
62.503
65.872
1.000
1.000
1.000
1.000
1.000
1.000
1.000
1.000
1.000
1.000
1.000
73.080
24.797
27.561
25.328
27.196
33.251
32.300
30.598
35.180
26.182
27.932
32.330
30.193
60.298
61.773
65.887
77.197
44.566
49.625
51.345
65.043
49.751
53.407
52.360
56.559
40.945
54.238
61.038
47.929
56.624
56.507
63.753
68.612
66.100
67.655
49.125
53.248
57.823
60.409
83.004
79.855
59.759
63.797
64.744
70.016
51.145
66.896
76.103
54.413
51.594
67.858
68.391
74.456
75.648
53.592
57.253
56.794
45.804
42.894
43.893
54.765
1.000
1.000
1.000
1.000
1.000
1.000
1.000
1.000
1.000
1.000
1.000
1.000
1.000
1.000
1.000
1.000
1.000
1.000
1.000
1.000
1.000
1.000
1.000
1.000
1.000
1.000
1.000
1.000
1.000
1.000
1.000
1.000
62.460
66.405
56.546
59.457
1.000
1.000
1.000
1.000
1.000
1.000
1.000
1.000
1.000
1.000
1.000
1.000
1.000
1.000
1.000
1.000
1.000
1.000
1.000
1.000
1.000
1.000
1.000
1.000
1.000
1.000
1.000
21.321
35.547
35.768
32.263
31.485
27.146
32.546
41.986
61.589
22.511
42.267
60.325
61.404
68.707
44.086
71.466
35.596
32.337
51.464
52.541
82.985
80.724
1.000
1.000
1.000
1.000
1.000
1.000
1.000
1.000
1.000
1.000
1.000
1.000
1.000
1.000
1.000
1.000
1.000
1.000
1.000
1.000
1.000
1.000
1.000
1.000
1.000
1.000
1.000
1.000
1.000
1.000
1.000
1.000
1.000
1.000
1.000
1.000
1.000
51.345
28.294
25.032
27.258
45.509
43.782
48.888
60.814
39.237
49.591
37.523
46.206
49.694
69.807
68.770
80.519
80.149
63.665
61.987
1.000
1.000
1.000
1.000
1.000
1.000
1.000
1.000
1.000
1.000
1.000
1.000
1.000
1.000
1.000
1.000
1.000
1.000
56.066
56.977
54.001
50.769
56.092
59.553
52.095
76.489
71.089
1.000
1.000
1.000
1.000
1.000
1.000
1.000
1.000
1.000
1.000
1.000
1.000
1.000
1.000
1.000
1.000
1.000
47.076
42.589
41.581
59.704
60.506
66.451
76.313
75.544
77.357
74.216
68.802
54.275
56.494
50.513
69.088
73.080
63.577
66.054
68.375
75.388
1.000
1.000
1.000
1.000
1.000
1.000
1.000
1.000
1.000
1.000
1.000
1.000
1.000
1.000
1.000
1.000
1.000
58.103
61.165
61.348
60.702
67.671
1.000
1.000
1.000
1.000
1.000
1.000
1.000
1.000
1.000
1.000
1.000
1.000
1.000
1.000
65.963
65.736
75.544
76.243
81.059
88.410
68.644
1.000
1.000
1.000
1.000
1.000
1.000
1.000
1.000
17.734
22.274
37.359
26.424
35.727
41.572
33.113
37.128
33.412
37.775
33.060
42.296
59.827
45.962
64.595
69.375
87.237
78.487
69.247
89.248
68.945
55.526
72.277
74.662
61.390
64.239
70.146
67.952
76.085
86.357
70.778
64.819
82.130
84.023
102.991
86.357
81.960
90.824
64.565
70.016
58.898
78.109
75.701
65.963
62.705
70.113
83.637
79.818
77.714
61.108
65.675
70.534
60.744
69.119
77.500
71.236
50.886
71.170
78.524
83.119
76.984
79.671
94.124
93.843
1.000
1.000
84.295
88.593
1.000
1.000
1.000
1.000
1.000
1.000
1.000
1.000
1.000
1.000
1.000
1.000
1.000
1.000
1.000
1.000
1.000
1.000
1.000
1.000
1.000
1.000
1.000
1.000
1.000
1.000
1.000
1.000
1.000
1.000
1.000
1.000
1.000
1.000
1.000
21.807
22.999
27.208
17.527
24.188
25.229
45.446
28.681
27.189
27.900
32.092
34.356
34.166
34.214
36.025
32.509
35.132
25.357
28.125
28.035
39.728
53.444
25.996
37.394
23.823
24.900
24.570
24.491
29.034
37.136
40.870
40.785
58.993
42.501
54.100
64.136
42.238
45.206
43.461
51.098
44.208
56.040
54.639
62.345
60.367
59.197
53.395
53.827
66.727
41.419
47.731
69.855
60.996
40.188
42.141
60.200
73.638
38.019
64.461
67.267
60.744
57.174
73.350
74.131
54.300
59.717
57.810
58.546
71.400
71.614
65.268
63.650
58.722
56.781
66.420
63.548
34.206
64.670
64.789
1.000
1.000
1.000
1.000
1.000
1.000
1.000
1.000
1.000
1.000
1.000
1.000
1.000
1.000
1.000
1.000
1.000
1.000
1.000
1.000
1.000
1.000
1.000
1.000
1.000
1.000
1.000
1.000
1.000
1.000
1.000
1.000
1.000
1.000
1.000
1.000
1.000
1.000
1.000
1.000
1.000
1.000
1.000
1.000
1.000
1.000
1.000
1.000
1.000
1.000
1.000
1.000
1.000
1.000
1.000
1.000
1.000
1.000
1.000
1.000
1.000
1.000
1.000
1.000
1.000
1.000
1.000
24.339
1.000
1.000
1.000
1.000
1.000
1.000
1.000
1.000
1.000
1.000
1.000
58.939
40.346
1.000
1.000
1.000
1.000
1.000
1.000
1.000
1.000
47.577
52.396
68.093
73.451
1.000
1.000
1.000
1.000
1.000
1.000
1.000
1.000
1.000
1.000
1.000
1.000
1.000
1.000
1.000
1.000
1.000
35.051
65.569
62.058
1.000
1.000
1.000
1.000
1.000
1.000
1.000
1.000
1.000
1.000
1.000
1.000
1.000
1.000
1.000
1.000
1.000
32.644
32.144
60.912
61.759
1.000
1.000
1.000
1.000
1.000
1.000
1.000
1.000
1.000
1.000
1.000
1.000
1.000
1.000
1.000
1.000
1.000
1.000
1.000
26.767
28.484
29.047
30.655
51.204
50.084
70.502
48.440
55.744
55.271
60.492
81.527
106.243
100.115
56.637
1.000
1.000
1.000
1.000
1.000
1.000
1.000
1.000
1.000
1.000
1.000
1.000
1.000
1.000
1.000
1.000
1.000
1.000
1.000
1.000
1.000
1.000
1.000
1.000
1.000
1.000
1.000
1.000
1.000
36.881
35.834
34.906
36.358
86.576
87.579
78.632
82.756
1.000
1.000
1.000
1.000
1.000
1.000
1.000
1.000
1.000
1.000
1.000
1.000
1.000
1.000
1.000
1.000
1.000
1.000
35.043
37.653
35.900
37.618
39.792
58.939
62.777
69.968
64.536
77.714
60.381
65.253
56.859
61.930
1.000
1.000
1.000
1.000
1.000
1.000
1.000
1.000
1.000
1.000
1.000
1.000
1.000
1.000
1.000
1.000
1.000
1.000
1.000
1.000
1.000
1.000
1.000
1.000
1.000
1.000
1.000
1.000
1.000
1.000
1.000
24.350
28.464
27.561
30.193
39.921
52.687
65.630
37.437
35.294
34.834
30.535
35.424
45.342
51.416
1.000
1.000
1.000
1.000
1.000
1.000
1.000
1.000
1.000
1.000
1.000
1.000
1.000
1.000
1.000
1.000
1.000
1.000
1.000
1.000
1.000
1.000
1.000
1.000
1.000
1.000
1.000
1.000
1.000
1.000
1.000
1.000
1.000
1.000
1.000
1.000
1.000
1.000
1.000
1.000
1.000
1.000
1.000
22.320
32.802
31.117
25.930
40.244
46.196
44.463
59.279
32.847
57.756
66.850
48.507
87.519
28.003
45.814
49.728
30.740
36.450
48.484
53.654
59.334
66.604
57.346
28.373
46.860
59.662
52.820
69.566
38.672
40.004
42.904
76.173
80.816
48.250
45.835
82.737
73.892
60.716
57.956
24.300
91.960
91.601
48.888
46.526
62.488
82.262
77.947
55.667
75.579
76.138
71.384
70.502
42.364
56.390
85.546
69.615
52.578
54.488
53.174
57.227
65.705
72.444
66.650
55.144
74.439
81.208
70.437
84.004
86.896
70.210
78.487
88.491
66.466
60.660
88.859
61.461
65.449
82.966
76.155
76.261
85.133
76.155
73.773
78.542
88.532
90.323
95.609
81.865
70.567
79.488
57.056
82.585
89.888
69.183
86.338
75.998
54.992
60.604
76.138
85.901
60.395
57.677
94.537
93.111
76.313
101.298
103.753
53.864
69.311
54.350
67.531
60.940
58.076
69.215
1.000
62.618
67.827
1.000
65.449
70.958
1.000
1.000
1.000
1.000
1.000
1.000
1.000
1.000
1.000
1.000
1.000
1.000
1.000
1.000
1.000
1.000
1.000
1.000
1.000
1.000
1.000
1.000
1.000
1.000
1.000
1.000
1.000
1.000
1.000
1.000
1.000
1.000
1.000
1.000
1.000
1.000
1.000
1.000
1.000
1.000
1.000
1.000
1.000
1.000
1.000
1.000
1.000
1.000
1.000
1.000
1.000
1.000
1.000
1.000
1.000
1.000
1.000
1.000
1.000
1.000
1.000
1.000
1.000
1.000
1.000
1.000
1.000
1.000
1.000
1.000
1.000
1.000
1.000
1.000
1.000
1.000
1.000
1.000
1.000
1.000
1.000
1.000
1.000
1.000
1.000
1.000
1.000
1.000
1.000
1.000
1.000
1.000
1.000
1.000
1.000
1.000
1.000
1.000
1.000
1.000
1.000
1.000
1.000
1.000
1.000
1.000
1.000
1.000
1.000
1.000
1.000
1.000
26.248
73.502
47.468
45.102
55.182
57.743
49.159
54.026
62.345
67.484
76.789
1.000
1.000
1.000
1.000
1.000
1.000
1.000
1.000
1.000
1.000
1.000
1.000
1.000
1.000
1.000
1.000
1.000
48.051
68.202
77.965
1.000
1.000
1.000
1.000
1.000
1.000
1.000
1.000
1.000
1.000
62.633
70.421
73.030
80.371
1.000
1.000
1.000
1.000
1.000
74.800
81.470
1.000
1.000
1.000
1.000
1.000
1.000
1.000
1.000
1.000
1.000
1.000
1.000
1.000
1.000
1.000
1.000
1.000
1.000
1.000
1.000
1.000
1.000
1.000
1.000
1.000
1.000
1.000
1.000
50.385
58.668
1.000
1.000
1.000
1.000
48.084
58.735
59.061
62.001
1.000
1.000
1.000
1.000
27.746
23.227
53.629
53.469
68.834
88.634
87.579
44.699
52.918
69.135
72.327
48.440
48.630
52.942
62.273
38.949
31.813
80.742
87.016
30.946
29.228
46.259
58.452
45.909
59.320
65.103
56.092
61.660
1.000
1.000
1.000
1.000
1.000
1.000
1.000
1.000
1.000
1.000
1.000
1.000
1.000
1.000
1.000
1.000
1.000
1.000
1.000
1.000
1.000
1.000
1.000
1.000
1.000
1.000
1.000
1.000
1.000
1.000
1.000
1.000
1.000
27.315
30.005
64.165
70.583
65.418
49.181
49.238
60.034
62.001
77.768
84.470
60.076
64.893
61.731
69.438
52.420
56.768
45.614
47.918
79.671
80.742
73.282
74.234
75.301
74.456
1.000
1.000
1.000
1.000
1.000
1.000
1.000
1.000
1.000
1.000
1.000
1.000
1.000
1.000
1.000
1.000
1.000
1.000
1.000
1.000
1.000
23.249
24.848
61.844
62.116
69.904
75.128
82.699
84.101
88.756
76.225
81.264
75.527
86.576
64.239
77.464
55.501
42.063
65.028
69.984
62.618
58.925
64.923
64.239
80.835
77.215
62.777
69.823
58.479
58.735
1.000
1.000
1.000
1.000
1.000
1.000
1.000
1.000
1.000
1.000
1.000
1.000
1.000
1.000
1.000
1.000
1.000
1.000
1.000
1.000
1.000
1.000
1.000
1.000
1.000
1.000
1.000
1.000
1.000
1.000
1.000
1.000
1.000
34.954
27.177
30.186
55.834
45.478
74.886
59.047
59.416
76.807
83.196
62.130
68.360
75.788
73.013
56.520
62.173
54.967
45.625
52.905
58.762
71.040
75.059
54.363
53.951
55.989
60.034
75.180
39.292
47.742
53.716
50.408
1.000
1.000
1.000
1.000
1.000
1.000
1.000
1.000
1.000
1.000
1.000
1.000
1.000
1.000
1.000
1.000
1.000
1.000
1.000
1.000
1.000
1.000
1.000
1.000
1.000
1.000
1.000
1.000
1.000
1.000
1.000
27.071
35.011
37.128
55.886
55.514
70.599
84.236
83.234
74.473
70.340
78.977
86.020
65.223
70.713
69.871
68.328
87.902
70.746
53.432
52.979
42.796
53.506
47.098
53.889
55.043
59.525
59.498
62.474
1.000
1.000
1.000
1.000
1.000
1.000
1.000
1.000
1.000
1.000
1.000
1.000
1.000
1.000
1.000
1.000
1.000
1.000
1.000
1.000
1.000
1.000
1.000
1.000
1.000
1.000
1.000
1.000
1.000
1.000
1.000
1.000
1.000
25.722
29.662
29.147
50.664
74.869
83.599
90.344
80.779
84.101
78.723
74.456
58.157
62.287
77.714
80.297
61.094
61.844
77.268
81.639
56.182
58.050
56.195
66.650
53.592
58.090
55.796
56.663
60.187
51.737
1.000
1.000
1.000
1.000
1.000
1.000
1.000
1.000
1.000
1.000
1.000
1.000
1.000
1.000
1.000
1.000
1.000
1.000
1.000
1.000
1.000
1.000
1.000
1.000
1.000
1.000
1.000
1.000
1.000
1.000
1.000
1.000
1.000
1.000
1.000
1.000
1.000
1.000
1.000
1.000
35.019
34.562
32.802
34.722
60.842
68.802
75.561
80.575
71.961
84.567
61.122
65.449
51.665
49.363
44.978
39.719
76.948
85.763
50.629
47.775
67.639
69.727
73.841
63.256
69.183
51.156
59.855
53.666
56.040
1.000
1.000
1.000
1.000
1.000
1.000
1.000
1.000
1.000
1.000
1.000
1.000
1.000
1.000
1.000
1.000
1.000
1.000
1.000
1.000
1.000
1.000
1.000
1.000
1.000
1.000
1.000
1.000
1.000
1.000
1.000
1.000
1.000
1.000
1.000
1.000
1.000
1.000
1.000
22.641
20.545
48.596
61.080
49.636
61.731
44.720
51.964
72.277
77.304
54.163
59.252
64.819
1.000
1.000
1.000
1.000
1.000
1.000
1.000
1.000
1.000
1.000
1.000
1.000
1.000
1.000
1.000
1.000
1.000
1.000
1.000
1.000
1.000
1.000
1.000
1.000
1.000
1.000
1.000
1.000
1.000
1.000
1.000
29.957
28.880
51.868
52.336
38.115
74.886
73.401
67.608
64.923
69.807
57.359
58.844
65.857
63.636
71.089
71.581
1.000
1.000
1.000
1.000
1.000
1.000
1.000
1.000
1.000
1.000
1.000
1.000
25.990
24.249
27.689
32.330
34.618
41.543
45.019
44.289
44.957
46.569
43.172
55.068
52.650
45.814
42.825
48.173
47.174
53.444
60.214
50.061
67.097
60.576
54.450
56.663
58.884
53.370
66.773
47.544
59.375
36.475
53.199
60.646
48.295
57.465
58.519
63.139
1.000
1.000
1.000
1.000
1.000
1.000
1.000
1.000
1.000
1.000
1.000
1.000
1.000
1.000
1.000
1.000
1.000
1.000
1.000
1.000
30.144
26.577
43.281
37.888
36.771
65.963
55.847
63.504
65.058
70.990
77.339
72.061
74.216
75.963
74.234
77.660
95.499
95.104
1.000
1.000
1.000
1.000
1.000
1.000
1.000
1.000
1.000
1.000
1.000
1.000
1.000
1.000
1.000
1.000
1.000
1.000
1.000
1.000
1.000
1.000
1.000
52.324
56.195
1.000
1.000
1.000
1.000
12.975
28.940
24.344
41.181
55.654
26.866
25.834
42.648
43.883
41.773
39.655
38.797
31.666
42.924
53.113
54.238
24.508
43.461
53.678
45.667
52.966
64.476
55.297
77.875
83.196
79.855
79.708
69.311
70.974
94.450
95.126
78.487
77.625
65.857
72.377
68.612
68.030
83.119
60.367
58.385
43.772
53.926
69.119
71.532
80.260
78.343
48.787
49.091
71.846
1.000
1.000
79.836
70.275
44.076
53.346
1.000
1.000
1.000
1.000
1.000
1.000
1.000
1.000
1.000
1.000
1.000
1.000
1.000
1.000
1.000
1.000
1.000
1.000
1.000
1.000
1.000
1.000
1.000
1.000
1.000
1.000
1.000
1.000
1.000
1.000
1.000
1.000
1.000
1.000
1.000
1.000
1.000
1.000
1.000
1.000
1.000
1.000
1.000
1.000
1.000
1.000
1.000
1.000
1.000
1.000
1.000
1.000
1.000
1.000
1.000
1.000
1.000
1.000
1.000
1.000
1.000
26.984
25.340
26.965
32.240
31.696
29.356
29.397
42.697
42.433
44.844
41.295
43.782
43.672
43.964
52.747
52.638
64.447
50.385
35.124
38.344
51.535
35.205
74.508
78.941
50.910
53.150
40.598
44.792
45.144
48.440
54.063
67.050
74.046
1.000
1.000
1.000
1.000
1.000
1.000
1.000
1.000
1.000
1.000
1.000
1.000
1.000
1.000
1.000
1.000
1.000
1.000
1.000
1.000
1.000
1.000
1.000
1.000
1.000
81.021
78.307
94.319
90.365
86.159
89.146
63.067
67.858
86.357
74.972
81.639
80.724
54.526
61.376
1.000
1.000
1.000
1.000
1.000
1.000
1.000
1.000
1.000
1.000
1.000
1.000
1.000
1.000
1.000
1.000
1.000
1.000
1.000
1.000
1.000
1.000
1.000
1.000
1.000
1.000
1.000
25.252
23.616
37.222
29.888
30.019
59.511
32.196
35.400
52.578
64.863
66.604
47.130
48.899
52.881
57.135
58.871
57.983
50.652
63.154
46.206
41.276
52.784
64.759
79.250
79.050
51.904
58.573
46.720
61.603
44.947
45.541
53.444
58.533
1.000
1.000
1.000
1.000
1.000
1.000
1.000
1.000
1.000
1.000
1.000
1.000
1.000
1.000
1.000
1.000
1.000
1.000
1.000
1.000
1.000
1.000
1.000
1.000
1.000
1.000
1.000
20.230
25.299
20.216
20.797
20.235
34.810
16.638
20.564
41.543
39.192
60.646
64.819
34.300
26.984
32.344
42.286
49.579
33.312
63.856
54.163
51.535
36.534
27.765
62.015
66.973
46.784
58.036
61.716
68.517
71.285
70.194
66.604
50.338
49.295
1.000
1.000
1.000
1.000
1.000
1.000
1.000
1.000
1.000
1.000
1.000
1.000
1.000
1.000
1.000
1.000
1.000
1.000
1.000
1.000
1.000
1.000
1.000
1.000
1.000
1.000
1.000
1.000
1.000
1.000
1.000
1.000
1.000
1.000
1.000
1.000
1.000
1.000
1.000
1.000
1.000
1.000
1.000
1.000
1.000
1.000
1.000
34.650
33.994
78.922
82.035
71.846
80.761
60.506
65.736
79.415
71.252
1.000
1.000
65.298
1.000
1.000
1.000
1.000
1.000
24.689
75.579
69.952
63.680
59.457
87.943
85.684
1.000
1.000
1.000
1.000
1.000
1.000
1.000
1.000
1.000
1.000
1.000
1.000
1.000
1.000
1.000
1.000
1.000
1.000
1.000
1.000
1.000
87.963
88.044
65.584
68.250
57.043
75.370
1.000
1.000
1.000
1.000
1.000
1.000
1.000
1.000
1.000
1.000
1.000
1.000
1.000
1.000
1.000
29.703
77.768
74.353
55.475
66.237
75.858
85.016
1.000
1.000
1.000
1.000
1.000
1.000
1.000
1.000
1.000
1.000
1.000
1.000
1.000
1.000
1.000
1.000
1.000
1.000
1.000
1.000
23.741
88.410
86.497
63.168
63.768
66.850
78.596
94.995
1.000
1.000
1.000
1.000
1.000
1.000
1.000
1.000
1.000
1.000
1.000
1.000
1.000
1.000
1.000
1.000
1.000
24.843
60.814
53.321
49.238
67.608
73.299
74.336
82.813
106.072
1.000
1.000
1.000
1.000
1.000
1.000
1.000
1.000
1.000
1.000
1.000
1.000
1.000
1.000
1.000
61.461
1.000
1.000
1.000
1.000
60.870
59.731
49.374
52.396
72.862
75.596
75.998
72.161
59.047
70.162
57.770
65.933
76.860
78.307
66.344
1.000
1.000
1.000
1.000
1.000
1.000
1.000
1.000
1.000
1.000
1.000
1.000
1.000
1.000
1.000
1.000
1.000
1.000
1.000
1.000
1.000
1.000
1.000
31.769
28.029
31.506
57.650
59.717
72.260
75.893
85.035
87.498
66.024
70.697
68.659
60.007
43.471
38.851
58.641
70.243
72.979
57.240
56.260
49.170
64.195
77.002
55.348
59.731
52.565
54.979
43.601
50.026
1.000
1.000
1.000
1.000
1.000
1.000
1.000
1.000
1.000
1.000
1.000
1.000
1.000
1.000
1.000
1.000
1.000
1.000
1.000
1.000
1.000
1.000
1.000
1.000
1.000
1.000
1.000
1.000
1.000
1.000
1.000
1.000
1.000
1.000
1.000
1.000
1.000
1.000
1.000
1.000
1.000
29.881
35.473
28.458
32.621
33.908
35.465
61.631
58.762
42.727
46.227
56.781
61.844
57.717
57.836
1.000
1.000
1.000
1.000
1.000
1.000
1.000
1.000
1.000
1.000
1.000
1.000
33.435
36.568
44.463
78.723
87.438
59.511
65.464
68.061
66.009
67.733
54.213
70.615
77.197
69.599
67.236
65.902
74.319
68.818
77.357
58.291
76.261
67.205
63.125
1.000
1.000
1.000
1.000
1.000
1.000
1.000
1.000
1.000
1.000
1.000
1.000
1.000
1.000
1.000
1.000
1.000
1.000
1.000
1.000
1.000
1.000
1.000
1.000
25.340
26.418
59.676
62.130
63.285
79.671
69.550
88.064
83.734
44.916
46.559
1.000
1.000
1.000
1.000
1.000
1.000
1.000
1.000
1.000
1.000
25.340
26.491
32.263
38.824
51.298
58.398
65.238
74.800
81.190
92.897
75.980
61.631
65.902
67.375
72.194
56.182
61.816
63.387
58.479
55.847
63.812
67.422
56.234
68.501
63.988
76.736
59.965
73.047
67.313
66.604
1.000
1.000
1.000
1.000
1.000
1.000
1.000
1.000
1.000
1.000
1.000
1.000
1.000
1.000
1.000
1.000
1.000
1.000
1.000
1.000
1.000
1.000
1.000
1.000
1.000
90.136
85.566
75.963
72.494
70.974
67.360
73.824
70.486
75.266
75.596
75.007
64.551
78.686
90.552
103.039
90.532
92.024
1.000
1.000
1.000
1.000
1.000
1.000
1.000
1.000
1.000
1.000
1.000
1.000
1.000
1.000
1.000
1.000
20.578
22.819
82.224
82.471
75.718
70.648
78.253
81.564
75.928
80.854
1.000
1.000
1.000
1.000
1.000
1.000
1.000
1.000
33.136
35.736
50.281
49.477
58.277
81.564
55.898
54.979
60.884
51.156
57.069
50.142
55.043
1.000
1.000
1.000
1.000
1.000
1.000
1.000
1.000
1.000
1.000
1.000
1.000
1.000
1.000
1.000
1.000
1.000
1.000
1.000
1.000
1.000
1.000
1.000
1.000
1.000
1.000
1.000
1.000
1.000
1.000
1.000
28.695
29.717
46.419
54.413
57.557
64.165
78.487
51.274
63.387
43.924
49.454
1.000
1.000
62.575
69.486
1.000
1.000
1.000
1.000
1.000
1.000
1.000
1.000
1.000
1.000
1.000
1.000
1.000
1.000
1.000
1.000
1.000
1.000
1.000
1.000
1.000
22.228
26.436
43.985
45.342
31.813
75.422
38.115
38.922
43.712
47.185
28.151
25.073
67.406
69.550
47.929
49.671
37.008
55.132
45.604
48.462
39.355
50.722
46.441
50.816
54.338
44.238
46.004
51.642
46.026
51.204
56.377
1.000
1.000
1.000
1.000
1.000
1.000
1.000
1.000
1.000
1.000
1.000
1.000
1.000
1.000
1.000
1.000
1.000
1.000
1.000
1.000
1.000
1.000
1.000
1.000
1.000
29.208
31.805
29.383
24.929
23.779
26.436
27.428
34.498
31.326
30.458
30.012
30.283
70.081
71.697
39.093
39.228
49.181
53.777
78.307
59.717
66.727
82.585
77.750
76.595
87.781
66.009
69.839
79.232
56.390
55.526
78.922
84.236
87.478
70.146
76.419
75.544
103.015
101.578
75.492
71.846
69.518
92.683
90.782
72.144
76.489
61.390
58.844
73.672
73.621
82.376
78.560
75.162
72.678
83.119
64.878
93.843
93.562
1.000
1.000
69.952
71.846
80.501
94.384
99.106
88.186
86.576
1.000
1.000
1.000
1.000
1.000
1.000
1.000
1.000
1.000
1.000
1.000
1.000
1.000
1.000
1.000
1.000
1.000
1.000
1.000
1.000
1.000
1.000
1.000
1.000
1.000
1.000
1.000
1.000
1.000
1.000
1.000
1.000
1.000
1.000
1.000
1.000
28.477
24.502
25.142
24.791
61.773
66.009
67.035
74.645
47.632
57.478
54.727
65.554
42.815
50.142
1.000
1.000
1.000
1.000
1.000
1.000
1.000
1.000
29.161
47.731
57.570
1.000
1.000
1.000
1.000
1.000
1.000
1.000
1.000
1.000
1.000
1.000
1.000
1.000
1.000
53.370
50.536
66.435
64.878
68.913
69.936
1.000
1.000
1.000
1.000
1.000
1.000
1.000
1.000
1.000
1.000
1.000
1.000
1.000
63.110
59.841
62.402
75.180
70.681
1.000
1.000
1.000
1.000
1.000
1.000
1.000
1.000
1.000
1.000
1.000
1.000
1.000
61.024
63.125
69.343
71.515
1.000
1.000
1.000
1.000
1.000
1.000
1.000
1.000
1.000
1.000
1.000
1.000
1.000
1.000
28.262
24.963
46.132
52.699
1.000
1.000
1.000
1.000
1.000
1.000
1.000
1.000
1.000
1.000
1.000
1.000
1.000
1.000
1.000
1.000
1.000
36.492
62.503
73.316
1.000
1.000
1.000
1.000
1.000
1.000
1.000
1.000
1.000
1.000
1.000
1.000
1.000
1.000
45.175
48.217
67.780
65.872
1.000
1.000
1.000
1.000
1.000
1.000
1.000
1.000
1.000
1.000
1.000
38.371
31.674
34.229
34.459
27.880
31.232
32.226
33.861
37.377
28.787
31.659
36.191
26.430
30.416
31.347
30.931
55.322
50.478
64.165
52.167
51.357
54.576
39.075
45.394
41.333
54.288
51.582
51.452
55.744
52.445
66.009
57.810
41.162
58.857
64.714
1.000
1.000
1.000
1.000
1.000
1.000
1.000
1.000
1.000
1.000
1.000
1.000
1.000
1.000
1.000
1.000
1.000
1.000
1.000
1.000
1.000
1.000
1.000
1.000
1.000
1.000
1.000
1.000
1.000
1.000
1.000
1.000
1.000
1.000
1.000
1.000
1.000
1.000
1.000
1.000
1.000
1.000
42.170
22.382
31.820
30.875
29.771
24.877
27.485
30.606
31.340
60.242
29.771
29.778
40.785
47.984
37.766
28.061
27.523
25.363
25.375
27.114
43.813
47.206
62.907
29.458
34.435
43.883
35.326
40.532
60.758
63.548
46.281
51.239
52.445
37.111
66.896
55.030
62.532
57.637
61.362
54.588
46.979
63.709
63.256
59.156
56.807
48.062
1.000
1.000
67.967
61.688
64.328
65.933
1.000
1.000
1.000
1.000
1.000
1.000
1.000
1.000
1.000
1.000
1.000
1.000
1.000
1.000
1.000
1.000
1.000
1.000
1.000
1.000
1.000
1.000
1.000
1.000
1.000
1.000
1.000
1.000
1.000
1.000
1.000
1.000
1.000
1.000
1.000
1.000
1.000
1.000
1.000
1.000
1.000
1.000
24.199
26.675
23.529
25.398
19.081
24.266
23.944
26.128
29.847
27.919
28.635
31.813
25.598
26.188
28.874
28.093
31.175
31.131
35.027
21.702
38.708
30.255
39.319
45.635
36.618
35.278
47.130
53.765
34.135
38.221
45.165
48.206
44.177
51.689
40.402
48.440
30.832
44.607
57.095
33.543
39.710
36.366
39.683
46.174
53.358
68.375
1.000
1.000
1.000
1.000
1.000
1.000
1.000
1.000
1.000
1.000
1.000
1.000
1.000
1.000
1.000
1.000
1.000
1.000
1.000
1.000
1.000
1.000
1.000
1.000
1.000
1.000
1.000
1.000
1.000
1.000
1.000
1.000
1.000
1.000
1.000
1.000
1.000
1.000
1.000
1.000
1.000
1.000
1.000
1.000
36.108
1.000
1.000
1.000
1.000
1.000
1.000
1.000
1.000
1.000
1.000
1.000
1.000
34.586
34.324
40.458
43.833
58.170
62.719
65.902
66.665
67.066
61.589
64.447
69.791
1.000
1.000
1.000
1.000
1.000
1.000
1.000
1.000
34.166
37.688
50.793
54.714
60.464
65.872
64.491
70.502
68.675
76.419
64.953
70.827
1.000
1.000
1.000
1.000
1.000
1.000
1.000
1.000
34.316
36.041
34.914
42.954
66.819
67.468
61.546
55.783
61.404
75.076
61.447
56.925
1.000
1.000
1.000
1.000
1.000
1.000
1.000
1.000
19.249
18.893
39.994
39.012
69.486
69.247
65.705
68.786
58.749
63.841
51.808
54.853
51.263
52.445
1.000
1.000
1.000
1.000
1.000
1.000
1.000
1.000
1.000
1.000
1.000
1.000
1.000
1.000
1.000
1.000
17.478
32.434
61.291
66.466
54.551
67.298
69.647
39.012
32.404
31.254
79.396
86.397
59.621
55.539
63.168
85.271
69.343
67.936
66.512
71.170
61.108
76.436
53.297
60.996
55.310
58.844
80.039
89.125
74.046
75.701
79.305
92.236
1.000
1.000
1.000
1.000
1.000
1.000
1.000
1.000
1.000
1.000
1.000
1.000
1.000
1.000
1.000
1.000
1.000
1.000
1.000
1.000
1.000
1.000
1.000
1.000
1.000
1.000
59.814
68.486
1.000
1.000
1.000
1.000
1.000
1.000
1.000
1.000
1.000
1.000
1.000
1.000
1.000
1.000
48.798
48.551
57.863
65.917
56.624
60.814
1.000
1.000
1.000
1.000
1.000
1.000
1.000
1.000
1.000
1.000
1.000
1.000
1.000
1.000
1.000
1.000
52.107
55.170
1.000
1.000
1.000
1.000
1.000
1.000
1.000
1.000
1.000
1.000
1.000
1.000
1.000
1.000
1.000
1.000
1.000
1.000
1.000
1.000
1.000
35.942
34.237
1.000
1.000
1.000
1.000
1.000
1.000
1.000
1.000
1.000
47.370
41.096
53.444
1.000
1.000
1.000
1.000
1.000
1.000
1.000
1.000
1.000
1.000
1.000
1.000
1.000
1.000
49.820
49.261
49.181
49.488
58.318
70.049
1.000
1.000
1.000
1.000
1.000
1.000
1.000
1.000
1.000
1.000
1.000
1.000
1.000
1.000
1.000
1.000
34.554
35.229
66.191
64.447
62.575
60.562
1.000
1.000
1.000
1.000
1.000
1.000
1.000
1.000
1.000
1.000
1.000
1.000
1.000
1.000
1.000
1.000
44.157
38.054
57.504
67.795
72.061
73.739
1.000
1.000
1.000
1.000
1.000
1.000
1.000
1.000
1.000
1.000
1.000
1.000
1.000
1.000
1.000
1.000
31.732
33.628
51.868
59.347
54.363
64.849
1.000
1.000
1.000
1.000
1.000
1.000
1.000
1.000
1.000
1.000
35.834
40.402
56.559
58.466
64.521
68.802
1.000
1.000
1.000
1.000
1.000
1.000
1.000
1.000
1.000
1.000
1.000
1.000
1.000
1.000
1.000
1.000
43.591
75.980
60.173
1.000
1.000
1.000
1.000
1.000
1.000
1.000
1.000
1.000
1.000
1.000
1.000
58.331
61.122
75.579
62.244
70.065
1.000
1.000
1.000
1.000
1.000
1.000
1.000
1.000
1.000
59.621
65.751
1.000
1.000
1.000
1.000
1.000
1.000
1.000
1.000
1.000
1.000
26.242
28.405
35.441
41.343
33.029
35.768
40.253
28.438
31.813
41.438
47.962
40.607
40.983
31.827
34.786
37.411
47.874
37.949
28.794
38.415
83.965
48.618
54.588
54.916
46.026
68.738
65.073
60.256
48.306
47.457
59.759
59.498
79.598
81.133
55.937
58.749
52.324
65.872
67.468
47.808
58.264
68.391
48.888
49.295
56.598
62.073
58.790
58.358
99.518
61.193
66.742
56.768
42.141
67.717
74.508
53.260
40.701
70.518
70.876
64.699
68.375
1.000
1.000
1.000
1.000
1.000
1.000
1.000
1.000
1.000
1.000
1.000
1.000
1.000
1.000
1.000
1.000
1.000
1.000
1.000
1.000
1.000
1.000
1.000
1.000
1.000
1.000
1.000
1.000
1.000
1.000
1.000
1.000
1.000
1.000
1.000
1.000
1.000
1.000
1.000
1.000
1.000
1.000
1.000
1.000
1.000
1.000
1.000
1.000
1.000
1.000
1.000
33.113
35.876
38.735
42.355
33.643
41.011
54.113
45.835
40.691
52.432
60.548
68.202
62.173
90.469
56.105
61.165
74.920
77.339
56.053
63.358
51.428
76.313
74.490
50.757
63.460
50.851
55.989
65.013
73.824
52.060
61.773
1.000
1.000
1.000
1.000
1.000
1.000
1.000
1.000
1.000
1.000
1.000
1.000
1.000
1.000
1.000
1.000
1.000
1.000
1.000
1.000
1.000
1.000
1.000
1.000
1.000
1.000
1.000
1.000
1.000
1.000
1.000
1.000
1.000
1.000
1.000
1.000
1.000
1.000
1.000
1.000
1.000
1.000
34.017
32.674
43.182
43.883
50.676
50.373
56.533
61.489
44.926
44.699
54.250
61.944
67.686
84.275
53.064
53.481
63.797
65.358
54.563
62.633
44.627
67.158
64.210
51.713
57.504
54.488
62.633
68.596
81.264
69.279
66.804
1.000
1.000
1.000
1.000
1.000
1.000
1.000
1.000
1.000
1.000
1.000
1.000
1.000
1.000
1.000
1.000
1.000
1.000
1.000
1.000
1.000
1.000
1.000
1.000
1.000
1.000
1.000
1.000
1.000
1.000
1.000
1.000
1.000
1.000
1.000
1.000
1.000
1.000
1.000
1.000
24.082
27.277
14.863
19.980
25.217
27.046
29.512
23.763
21.213
25.621
27.791
28.880
21.380
21.948
17.583
28.138
26.724
31.189
26.170
28.688
30.542
30.262
29.471
48.540
43.571
42.796
41.947
27.447
50.594
51.440
27.146
28.900
59.143
60.856
28.655
32.561
66.481
38.168
57.359
56.351
52.687
37.749
37.923
68.454
59.429
60.451
55.744
58.830
77.446
60.870
90.053
93.756
62.101
64.372
55.808
56.455
43.883
50.130
67.686
69.343
59.511
65.208
54.777
57.398
63.797
56.820
55.475
52.966
52.747
43.471
47.918
69.647
66.024
55.667
64.595
70.729
76.225
76.348
47.446
49.797
51.558
43.481
40.013
47.413
64.878
55.310
58.871
60.284
59.786
81.227
1.000
1.000
1.000
1.000
1.000
1.000
1.000
1.000
1.000
1.000
1.000
1.000
1.000
1.000
1.000
1.000
1.000
1.000
1.000
1.000
1.000
1.000
1.000
1.000
1.000
1.000
1.000
1.000
1.000
1.000
1.000
1.000
1.000
1.000
53.654
47.555
1.000
1.000
1.000
1.000
72.344
64.476
1.000
1.000
1.000
1.000
1.000
1.000
52.505
52.348
56.260
1.000
1.000
1.000
1.000
1.000
1.000
1.000
1.000
1.000
50.130
65.118
1.000
1.000
1.000
1.000
40.402
62.316
65.163
61.930
66.742
65.569
67.282
80.593
63.900
70.681
69.008
1.000
1.000
1.000
1.000
1.000
51.227
42.638
45.123
64.744
1.000
1.000
1.000
1.000
1.000
1.000
1.000
1.000
1.000
1.000
1.000
1.000
1.000
1.000
1.000
1.000
50.559
48.854
50.211
1.000
1.000
1.000
1.000
1.000
1.000
65.268
66.927
73.961
1.000
56.533
56.299
72.828
1.000
1.000
1.000
1.000
56.442
52.674
1.000
1.000
1.000
1.000
25.598
48.854
51.393
63.009
54.664
51.558
48.787
79.050
1.000
1.000
1.000
1.000
1.000
1.000
1.000
1.000
1.000
1.000
1.000
1.000
51.121
55.860
63.636
67.267
1.000
1.000
1.000
1.000
1.000
1.000
1.000
1.000
1.000
1.000
1.000
1.000
1.000
56.092
52.784
52.918
59.951
36.008
81.227
53.101
63.929
63.915
1.000
1.000
1.000
1.000
1.000
1.000
1.000
1.000
1.000
1.000
1.000
1.000
1.000
1.000
1.000
62.777
56.455
56.416
70.469
1.000
1.000
1.000
1.000
1.000
1.000
1.000
1.000
1.000
47.468
44.177
48.428
48.239
59.525
44.689
57.451
59.566
74.456
79.524
54.929
71.400
1.000
1.000
1.000
1.000
1.000
1.000
1.000
1.000
1.000
42.199
43.132
65.857
1.000
1.000
1.000
1.000
1.000
57.557
47.940
47.359
56.807
50.968
70.146
81.377
69.534
76.243
58.546
59.238
1.000
1.000
1.000
1.000
1.000
1.000
1.000
1.000
1.000
1.000
1.000
1.000
1.000
1.000
23.540
39.811
46.473
44.484
32.419
51.027
58.668
48.798
49.147
46.602
46.174
1.000
1.000
1.000
1.000
1.000
1.000
1.000
1.000
1.000
1.000
1.000
1.000
1.000
1.000
71.862
62.373
56.169
57.703
51.393
71.697
66.834
81.377
76.825
1.000
1.000
1.000
1.000
1.000
1.000
1.000
1.000
1.000
1.000
1.000
1.000
1.000
1.000
1.000
1.000
1.000
1.000
1.000
1.000
1.000
1.000
1.000
1.000
1.000
57.003
61.859
1.000
1.000
1.000
1.000
1.000
1.000
52.578
51.868
59.910
71.187
47.874
51.121
58.371
75.388
1.000
1.000
1.000
1.000
1.000
1.000
1.000
1.000
1.000
1.000
1.000
1.000
1.000
1.000
1.000
1.000
65.675
50.443
61.094
64.210
61.830
62.762
49.545
81.639
64.744
73.995
70.453
76.524
83.965
1.000
1.000
1.000
1.000
1.000
1.000
1.000
1.000
1.000
1.000
1.000
1.000
1.000
1.000
1.000
1.000
1.000
40.542
41.210
68.312
67.531
67.639
76.771
66.039
73.739
1.000
65.690
81.602
1.000
1.000
1.000
1.000
1.000
1.000
1.000
1.000
1.000
1.000
1.000
1.000
1.000
54.250
59.129
59.704
65.645
73.384
74.456
69.984
58.452
55.220
84.528
62.431
58.197
68.738
62.922
58.993
1.000
1.000
1.000
1.000
1.000
1.000
1.000
1.000
1.000
1.000
1.000
1.000
1.000
1.000
1.000
1.000
1.000
1.000
1.000
17.322
33.443
37.618
51.677
53.469
63.915
33.098
85.507
59.115
56.546
65.433
65.148
49.317
69.343
64.018
64.091
69.454
67.189
66.681
1.000
1.000
1.000
1.000
1.000
1.000
1.000
1.000
1.000
1.000
1.000
1.000
1.000
1.000
1.000
1.000
1.000
1.000
21.193
24.077
31.659
37.231
51.369
40.124
55.552
56.507
73.689
77.947
46.838
49.046
58.210
62.980
1.000
1.000
1.000
1.000
1.000
1.000
1.000
1.000
1.000
1.000
1.000
1.000
1.000
1.000
61.094
70.827
66.405
1.000
1.000
1.000
1.000
1.000
1.000
1.000
1.000
41.716
30.186
32.704
54.400
48.029
53.015
52.565
58.398
50.828
59.814
46.484
70.388
72.044
75.631
55.963
63.198
62.748
1.000
1.000
1.000
1.000
1.000
1.000
1.000
1.000
1.000
1.000
1.000
1.000
1.000
1.000
1.000
1.000
1.000
1.000
36.652
36.737
53.125
54.188
54.250
58.506
66.054
64.968
58.776
57.890
63.782
81.828
76.278
1.000
1.000
1.000
1.000
1.000
1.000
1.000
1.000
1.000
1.000
1.000
1.000
1.000
1.000
37.566
41.860
24.769
25.171
29.621
34.088
50.921
54.175
43.182
37.231
72.360
68.881
67.406
72.460
79.763
1.000
1.000
1.000
1.000
1.000
1.000
1.000
1.000
1.000
1.000
1.000
1.000
1.000
1.000
1.000
1.000
1.000
1.000
1.000
1.000
28.386
23.361
19.706
37.394
34.002
47.435
56.429
57.823
87.922
1.000
1.000
1.000
1.000
1.000
1.000
1.000
1.000
1.000
1.000
1.000
1.000
1.000
1.000
30.130
34.842
31.506
64.998
86.457
64.372
70.065
71.400
66.850
88.085
83.676
1.000
1.000
1.000
1.000
1.000
1.000
1.000
1.000
1.000
1.000
22.861
26.285
39.564
40.832
43.682
51.357
39.446
41.229
55.119
51.725
55.297
65.675
61.802
70.113
65.978
57.783
57.082
1.000
1.000
1.000
1.000
1.000
1.000
1.000
1.000
1.000
1.000
1.000
1.000
1.000
1.000
1.000
1.000
1.000
1.000
1.000
1.000
1.000
1.000
1.000
1.000
1.000
1.000
1.000
1.000
1.000
1.000
1.000
1.000
1.000
1.000
1.000
1.000
25.539
27.171
39.165
44.412
31.937
33.450
48.899
54.400
57.398
59.717
66.927
56.208
48.854
61.660
60.646
62.201
64.774
1.000
1.000
1.000
1.000
1.000
1.000
1.000
1.000
1.000
1.000
1.000
1.000
1.000
1.000
1.000
1.000
1.000
1.000
1.000
1.000
1.000
1.000
1.000
65.403
65.433
48.395
46.217
56.741
56.794
51.904
63.856
58.695
68.155
69.088
60.982
69.151
52.918
78.415
74.216
1.000
1.000
1.000
1.000
1.000
1.000
1.000
1.000
1.000
1.000
1.000
1.000
43.742
47.054
46.516
40.216
32.137
31.630
59.525
62.690
66.420
65.313
55.757
73.961
72.544
82.756
82.985
69.167
71.072
1.000
1.000
1.000
1.000
1.000
1.000
1.000
1.000
1.000
1.000
1.000
1.000
1.000
1.000
1.000
1.000
1.000
1.000
1.000
46.377
45.227
49.181
39.328
32.352
34.498
51.215
57.850
67.858
72.410
66.451
47.599
71.170
84.625
68.580
69.215
74.645
73.063
1.000
1.000
1.000
1.000
1.000
1.000
1.000
1.000
1.000
1.000
1.000
1.000
1.000
1.000
1.000
1.000
1.000
1.000
1.000
1.000
1.000
43.692
44.300
39.228
33.136
45.300
56.429
63.023
60.996
56.938
63.870
64.372
58.884
65.690
75.893
69.984
80.205
1.000
1.000
1.000
1.000
1.000
1.000
1.000
1.000
1.000
1.000
1.000
1.000
1.000
1.000
1.000
1.000
1.000
1.000
1.000
1.000
1.000
58.762
42.599
1.000
1.000
1.000
1.000
1.000
1.000
1.000
1.000
1.000
1.000
1.000
60.145
49.992
29.751
29.957
1.000
1.000
1.000
1.000
36.366
40.644
1.000
1.000
70.129
1.000
1.000
1.000
1.000
1.000
1.000
1.000
1.000
48.261
44.198
29.601
30.662
29.499
41.134
45.604
66.100
76.542
60.996
66.865
46.935
58.479
57.201
72.828
70.909
76.754
82.281
56.169
67.205
1.000
1.000
1.000
1.000
1.000
1.000
1.000
1.000
1.000
1.000
1.000
1.000
1.000
1.000
1.000
1.000
1.000
1.000
1.000
1.000
1.000
1.000
26.442
58.519
57.850
69.599
70.226
60.548
53.174
47.337
54.941
64.670
57.903
44.761
56.964
83.714
79.818
76.068
80.242
84.333
67.562
73.047
1.000
1.000
1.000
1.000
1.000
1.000
1.000
1.000
1.000
1.000
1.000
1.000
1.000
1.000
1.000
1.000
1.000
57.201
48.029
1.000
1.000
1.000
1.000
1.000
1.000
1.000
1.000
1.000
1.000
1.000
51.689
1.000
1.000
52.445
55.834
1.000
1.000
1.000
1.000
1.000
1.000
1.000
1.000
1.000
1.000
1.000
1.000
59.938
40.151
43.023
28.087
51.558
60.311
59.375
61.660
1.000
1.000
1.000
1.000
1.000
1.000
1.000
1.000
1.000
1.000
1.000
1.000
1.000
1.000
27.139
30.033
31.681
49.204
46.249
55.693
61.404
71.532
67.639
46.677
55.182
51.464
70.291
62.762
91.285
81.602
58.371
75.631
1.000
1.000
1.000
1.000
1.000
1.000
1.000
1.000
1.000
1.000
1.000
1.000
1.000
1.000
1.000
1.000
1.000
26.742
29.737
31.739
37.042
42.845
46.925
66.344
51.050
63.915
53.802
56.741
65.253
43.662
55.603
57.438
45.040
62.244
40.392
42.697
57.003
51.523
1.000
1.000
1.000
1.000
1.000
36.855
40.133
1.000
1.000
1.000
1.000
1.000
1.000
1.000
1.000
1.000
1.000
1.000
1.000
1.000
1.000
1.000
1.000
1.000
1.000
1.000
1.000
1.000
1.000
1.000
1.000
1.000
1.000
1.000
1.000
1.000
1.000
1.000
1.000
1.000
1.000
1.000
1.000
1.000
1.000
1.000
1.000
1.000
1.000
1.000
79.396
1.000
1.000
1.000
62.560
55.246
49.957
48.865
68.992
67.329
79.891
86.139
60.298
62.980
48.876
61.830
1.000
1.000
1.000
1.000
1.000
1.000
1.000
1.000
1.000
1.000
1.000
1.000
1.000
1.000
1.000
1.000
1.000
1.000
1.000
1.000
1.000
1.000
1.000
1.000
1.000
1.000
1.000
1.000
1.000
1.000
1.000
1.000
1.000
38.265
41.400
26.516
29.000
36.838
41.639
56.234
59.334
54.513
61.066
66.222
66.589
38.824
38.089
1.000
1.000
1.000
1.000
1.000
1.000
1.000
1.000
1.000
1.000
1.000
1.000
1.000
1.000
51.475
50.234
63.241
75.440
81.489
1.000
1.000
1.000
1.000
1.000
1.000
1.000
1.000
1.000
60.076
48.899
1.000
1.000
1.000
1.000
1.000
1.000
1.000
1.000
1.000
1.000
1.000
68.312
62.488
1.000
1.000
1.000
1.000
1.000
1.000
1.000
1.000
1.000
1.000
1.000
1.000
1.000
1.000
30.388
49.980
30.423
32.569
53.827
53.852
57.332
52.578
47.293
62.073
32.734
40.077
70.340
69.311
49.556
57.836
43.883
42.973
64.269
72.678
53.309
60.520
1.000
1.000
1.000
1.000
1.000
1.000
1.000
1.000
1.000
1.000
1.000
1.000
1.000
1.000
1.000
1.000
1.000
1.000
1.000
1.000
1.000
1.000
1.000
1.000
39.528
40.022
73.333
54.238
55.132
1.000
1.000
1.000
1.000
1.000
1.000
1.000
1.000
1.000
1.000
1.000
1.000
1.000
1.000
1.000
1.000
1.000
1.000
30.158
26.248
27.657
24.199
29.799
24.021
30.095
27.246
29.594
26.767
33.167
29.370
23.862
32.063
36.008
39.446
44.782
37.679
54.588
27.542
25.212
30.047
40.504
40.179
47.413
29.471
36.551
38.089
32.621
45.426
37.411
41.210
41.011
39.646
52.979
28.701
37.471
36.669
43.471
49.295
45.878
50.839
67.671
52.808
59.539
69.454
63.841
76.103
59.786
47.709
53.321
59.074
64.239
74.765
49.012
48.574
73.739
63.038
57.214
60.856
57.398
53.901
58.573
64.491
56.416
67.066
60.520
55.463
55.808
59.183
27.791
43.082
71.252
74.748
71.351
71.978
69.759
64.983
63.768
79.506
59.745
64.729
105.803
100.392
92.109
56.494
69.727
73.672
75.457
67.952
75.007
72.778
42.619
56.131
53.592
66.405
75.301
87.761
55.182
77.696
38.815
77.804
67.655
76.033
87.700
92.790
84.256
84.295
64.372
73.030
65.948
78.127
75.145
85.704
83.387
81.395
74.920
73.807
90.365
1.000
1.000
1.000
1.000
1.000
1.000
1.000
1.000
1.000
1.000
1.000
1.000
1.000
1.000
1.000
1.000
1.000
1.000
1.000
1.000
1.000
1.000
1.000
1.000
1.000
1.000
1.000
1.000
1.000
1.000
1.000
1.000
1.000
1.000
1.000
1.000
1.000
1.000
1.000
1.000
1.000
1.000
1.000
1.000
1.000
1.000
1.000
1.000
1.000
1.000
1.000
1.000
1.000
1.000
1.000
1.000
1.000
25.639
22.080
29.134
17.211
26.418
28.164
24.912
26.473
29.909
36.208
28.960
25.990
27.657
25.539
27.900
30.598
29.840
32.704
40.532
30.676
22.162
28.800
33.289
34.762
45.175
65.599
33.197
31.835
39.902
52.457
43.331
50.073
41.400
47.282
57.597
53.678
61.958
66.222
62.001
54.425
57.783
73.249
56.676
55.373
62.633
72.912
68.738
63.096
50.606
56.066
54.992
43.043
45.941
72.929
50.443
63.665
81.414
70.388
71.318
68.580
69.375
52.723
77.126
71.252
59.717
27.196
38.690
59.951
59.279
67.344
76.331
77.571
54.992
60.339
80.501
51.215
57.174
99.289
104.496
73.553
59.416
70.615
70.615
81.339
62.345
67.717
43.873
60.228
59.047
69.550
75.893
59.115
42.678
69.759
89.023
93.454
73.706
72.277
93.778
92.576
71.879
77.822
85.822
73.266
75.353
89.454
1.000
1.000
1.000
1.000
1.000
1.000
1.000
1.000
1.000
1.000
1.000
1.000
1.000
1.000
1.000
1.000
1.000
1.000
1.000
1.000
1.000
1.000
1.000
1.000
1.000
1.000
1.000
1.000
1.000
1.000
1.000
1.000
1.000
1.000
1.000
1.000
1.000
1.000
1.000
1.000
1.000
1.000
1.000
1.000
1.000
1.000
1.000
1.000
1.000
1.000
1.000
1.000
20.768
51.145
27.919
64.432
38.001
71.203
70.909
52.845
64.239
34.962
62.373
69.422
56.585
85.467
74.490
70.941
58.318
59.621
73.756
74.490
69.486
75.596
76.895
75.596
68.644
69.534
65.736
74.319
84.431
94.211
1.000
1.000
1.000
1.000
1.000
1.000
1.000
1.000
1.000
1.000
1.000
1.000
1.000
1.000
1.000
1.000
1.000
1.000
1.000
1.000
1.000
17.406
22.861
43.843
37.437
43.072
55.976
52.796
55.170
59.224
67.158
95.741
55.514
64.640
68.659
60.828
61.108
66.773
68.281
1.000
1.000
1.000
1.000
1.000
1.000
1.000
1.000
1.000
1.000
1.000
1.000
15.649
19.244
31.710
48.084
39.692
47.599
51.310
86.397
36.838
49.934
66.206
66.834
66.466
61.958
73.485
72.946
70.843
74.714
72.879
71.532
69.968
67.422
68.659
67.236
80.168
71.105
75.683
80.854
79.323
1.000
1.000
1.000
1.000
1.000
1.000
1.000
1.000
1.000
1.000
1.000
1.000
1.000
1.000
1.000
1.000
1.000
1.000
1.000
1.000
1.000
1.000
1.000
1.000
39.491
14.352
30.353
57.319
64.774
66.115
68.344
52.324
51.904
65.509
56.040
67.406
48.473
77.947
61.165
74.285
57.332
63.856
69.008
59.786
72.260
68.187
69.502
73.824
66.819
78.433
85.173
92.961
95.565
85.566
75.788
1.000
1.000
1.000
1.000
1.000
1.000
1.000
1.000
1.000
1.000
1.000
1.000
1.000
1.000
1.000
1.000
1.000
1.000
1.000
16.218
21.028
22.346
41.822
38.380
46.249
52.942
44.320
49.728
65.599
89.536
35.539
51.357
51.133
83.100
83.869
72.812
69.631
70.615
76.208
81.733
89.289
86.976
65.826
74.628
78.650
78.542
85.526
86.557
95.433
85.428
1.000
1.000
1.000
1.000
1.000
1.000
1.000
1.000
1.000
1.000
1.000
1.000
1.000
1.000
1.000
1.000
1.000
1.000
33.243
17.515
27.403
35.678
49.591
49.079
64.032
50.629
58.979
56.650
55.603
77.625
71.548
61.731
73.570
70.372
69.968
80.742
76.789
84.198
74.148
63.533
64.625
85.664
86.377
1.000
1.000
1.000
1.000
1.000
1.000
1.000
1.000
1.000
1.000
1.000
1.000
1.000
1.000
1.000
1.000
1.000
1.000
1.000
1.000
23.556
19.652
24.791
28.523
52.408
36.108
64.358
37.282
48.585
64.180
60.954
50.107
70.827
73.553
91.580
58.170
76.331
86.816
73.943
100.184
95.017
93.304
81.621
85.961
65.645
73.995
95.104
98.152
91.222
1.000
1.000
1.000
77.732
1.000
1.000
1.000
1.000
1.000
1.000
1.000
1.000
1.000
1.000
1.000
1.000
1.000
1.000
1.000
1.000
18.047
22.667
47.951
61.973
60.982
40.207
61.546
62.661
63.154
77.875
66.267
57.677
69.295
65.524
54.601
93.325
101.321
70.372
75.041
80.242
82.509
84.353
1.000
1.000
91.012
88.044
1.000
1.000
1.000
1.000
1.000
1.000
1.000
1.000
1.000
1.000
1.000
1.000
1.000
1.000
1.000
1.000
23.736
22.202
28.920
28.080
27.708
29.771
28.054
28.880
31.003
36.183
40.142
49.012
35.686
51.180
46.989
29.519
29.356
40.654
39.591
38.637
41.976
27.900
33.799
28.967
40.225
47.119
46.634
42.904
51.808
54.138
64.849
34.269
44.096
74.645
71.598
49.831
69.167
65.705
45.625
68.691
65.645
69.679
61.108
63.929
73.722
78.850
77.339
54.802
66.100
64.091
59.855
59.211
56.468
53.260
60.702
62.878
66.405
63.548
59.745
83.176
72.544
70.892
75.893
51.168
71.995
80.947
44.289
62.690
77.037
80.186
67.873
68.155
72.929
60.131
71.318
79.910
62.647
69.088
61.136
67.858
81.527
73.468
54.613
47.206
86.457
86.876
70.974
58.466
73.198
51.464
55.590
70.583
63.650
63.270
88.145
83.753
59.429
76.155
49.283
83.426
76.613
68.533
1.000
1.000
78.001
80.279
81.960
75.736
90.199
85.428
87.640
77.144
82.149
93.778
86.218
81.960
1.000
1.000
1.000
1.000
1.000
1.000
1.000
1.000
1.000
1.000
1.000
1.000
1.000
1.000
1.000
1.000
1.000
1.000
1.000
1.000
1.000
1.000
1.000
1.000
1.000
1.000
1.000
1.000
1.000
1.000
1.000
1.000
1.000
1.000
1.000
1.000
1.000
1.000
1.000
1.000
1.000
1.000
1.000
1.000
1.000
1.000
1.000
1.000
1.000
1.000
24.384
29.971
23.719
21.558
21.009
38.833
40.124
24.889
31.427
31.937
72.244
46.849
51.952
38.566
45.698
45.175
50.466
66.252
34.017
41.314
61.461
34.033
51.239
59.649
37.809
50.153
43.192
49.820
52.881
59.759
96.139
91.643
1.000
1.000
1.000
1.000
1.000
30.493
32.055
1.000
1.000
1.000
1.000
1.000
1.000
1.000
1.000
1.000
1.000
1.000
1.000
1.000
1.000
1.000
1.000
1.000
1.000
1.000
1.000
1.000
1.000
1.000
1.000
1.000
1.000
1.000
1.000
1.000
1.000
1.000
1.000
1.000
1.000
1.000
1.000
1.000
1.000
1.000
1.000
1.000
1.000
1.000
1.000
1.000
1.000
1.000
1.000
1.000
1.000
1.000
1.000
1.000
1.000
1.000
1.000
1.000
1.000
1.000
1.000
1.000
1.000
34.025
33.420
33.768
38.654
21.732
27.791
33.412
56.312
47.195
49.694
60.548
65.993
47.786
48.161
47.599
57.425
62.388
73.148
41.467
54.538
57.069
69.904
70.615
37.844
38.054
45.499
43.591
59.279
53.420
63.709
52.432
55.106
44.648
60.730
65.872
71.138
50.980
58.506
85.467
83.888
65.887
67.531
41.400
50.910
55.706
51.062
1.000
1.000
1.000
1.000
1.000
1.000
1.000
1.000
1.000
1.000
1.000
1.000
1.000
1.000
1.000
1.000
1.000
1.000
1.000
1.000
1.000
1.000
1.000
1.000
1.000
1.000
1.000
1.000
1.000
1.000
1.000
1.000
1.000
1.000
1.000
1.000
1.000
1.000
1.000
1.000
1.000
1.000
1.000
1.000
1.000
1.000
1.000
1.000
1.000
1.000
1.000
1.000
1.000
1.000
1.000
1.000
1.000
1.000
1.000
1.000
1.000
1.000
1.000
1.000
1.000
1.000
1.000
1.000
1.000
1.000
31.586
29.302
65.268
1.000
1.000
1.000
1.000
1.000
1.000
1.000
1.000
1.000
1.000
57.214
61.221
47.119
48.899
51.511
48.473
51.050
62.546
66.834
75.180
64.521
74.645
64.091
69.518
45.426
52.083
54.601
62.748
60.270
69.024
80.519
72.360
69.119
59.896
54.363
45.426
64.834
52.107
68.093
65.615
44.055
51.074
43.853
43.924
75.180
79.873
60.062
52.626
82.395
74.080
68.913
74.765
1.000
60.884
65.343
1.000
1.000
79.965
79.524
1.000
1.000
1.000
1.000
1.000
1.000
1.000
1.000
1.000
1.000
1.000
1.000
1.000
1.000
1.000
1.000
1.000
1.000
1.000
1.000
1.000
1.000
1.000
1.000
1.000
1.000
1.000
1.000
1.000
1.000
1.000
1.000
1.000
1.000
1.000
1.000
1.000
1.000
1.000
1.000
1.000
1.000
1.000
1.000
1.000
1.000
1.000
1.000
1.000
1.000
1.000
1.000
1.000
1.000
1.000
1.000
1.000
1.000
1.000
1.000
1.000
1.000
1.000
1.000
1.000
1.000
54.363
57.690
53.370
58.762
81.096
67.593
57.253
61.546
1.000
1.000
1.000
1.000
1.000
1.000
1.000
1.000
1.000
1.000
1.000
1.000
17.374
31.659
32.878
23.415
27.428
25.745
21.468
37.179
37.870
22.761
25.852
21.493
56.118
22.090
36.830
32.456
21.434
23.961
26.509
26.442
22.935
38.654
16.535
16.489
30.931
52.991
53.518
65.328
31.586
37.601
41.581
41.601
54.425
51.393
46.174
50.096
48.955
54.651
30.186
48.809
54.138
42.993
43.391
43.621
60.744
45.478
40.523
68.265
74.989
45.196
52.687
37.809
40.879
51.761
55.989
43.142
45.019
44.771
66.039
68.423
47.033
45.051
46.366
52.312
30.570
1.000
1.000
1.000
1.000
1.000
1.000
1.000
1.000
1.000
1.000
1.000
1.000
1.000
1.000
1.000
1.000
1.000
1.000
1.000
1.000
1.000
1.000
1.000
1.000
1.000
1.000
1.000
1.000
1.000
1.000
1.000
1.000
1.000
1.000
1.000
1.000
1.000
1.000
1.000
1.000
1.000
1.000
1.000
1.000
1.000
1.000
1.000
1.000
1.000
1.000
1.000
1.000
1.000
1.000
1.000
1.000
1.000
1.000
1.000
1.000
1.000
64.640
65.811
47.940
39.847
45.321
74.473
63.198
66.927
73.148
69.807
76.948
97.972
90.845
85.585
84.159
92.598
86.099
88.227
95.389
85.822
79.031
76.630
82.338
88.838
75.318
74.131
84.762
80.593
75.666
75.353
67.515
102.683
89.433
97.746
103.920
74.989
73.485
92.087
92.640
78.397
77.947
94.515
58.076
68.281
102.117
101.695
100.554
76.860
1.000
1.000
85.605
92.003
86.477
83.676
1.000
70.388
1.000
1.000
1.000
1.000
1.000
1.000
1.000
1.000
1.000
1.000
1.000
1.000
1.000
1.000
1.000
1.000
25.633
30.200
39.683
39.518
22.725
63.753
72.795
57.122
55.873
52.481
59.470
79.506
73.384
86.876
92.704
51.844
53.199
74.903
77.250
68.077
63.900
63.096
1.000
1.000
1.000
1.000
1.000
1.000
1.000
1.000
1.000
1.000
1.000
1.000
1.000
1.000
1.000
1.000
1.000
1.000
91.664
87.640
1.000
1.000
1.000
1.000
1.000
1.000
1.000
1.000
1.000
1.000
1.000
1.000
1.000
1.000
21.350
24.992
28.987
27.714
30.875
74.628
58.817
59.279
51.239
59.690
70.129
104.713
75.945
63.096
1.000
1.000
1.000
1.000
1.000
1.000
1.000
1.000
1.000
1.000
1.000
1.000
1.000
1.000
1.000
1.000
1.000
1.000
1.000
1.000
1.000
1.000
1.000
1.000
1.000
1.000
1.000
1.000
1.000
30.409
36.366
35.785
28.867
27.759
87.539
81.021
76.436
78.217
76.913
80.612
76.542
78.361
78.686
71.995
1.000
1.000
1.000
1.000
1.000
1.000
1.000
1.000
55.424
52.687
43.421
44.627
49.102
92.172
94.842
79.287
84.586
87.519
86.318
84.918
87.761
1.000
1.000
1.000
1.000
1.000
1.000
1.000
1.000
1.000
1.000
1.000
1.000
1.000
1.000
18.463
20.230
32.188
21.938
17.167
21.702
20.554
19.820
20.635
26.620
35.678
17.108
27.650
16.577
21.572
17.442
22.024
16.823
24.814
17.231
28.125
25.107
20.864
26.442
24.609
23.211
25.551
28.281
21.842
24.221
15.453
20.970
27.689
28.708
30.507
30.939
32.374
23.491
25.148
30.367
29.573
26.718
28.425
24.502
30.563
31.528
30.241
29.607
50.350
55.233
32.501
22.218
23.594
31.003
33.504
19.297
22.506
36.149
46.591
19.226
31.989
32.509
33.574
22.228
36.099
24.367
23.578
21.193
31.739
30.144
25.686
28.132
28.609
22.060
26.669
65.539
28.132
23.014
32.129
32.211
36.091
37.051
63.959
41.735
49.694
62.618
69.599
44.576
41.257
26.940
28.425
29.648
71.680
77.304
25.061
28.973
23.972
30.789
31.579
27.290
29.094
26.448
26.388
25.823
37.722
29.737
49.716
65.178
48.339
55.950
28.754
35.925
63.081
67.920
39.692
67.205
69.582
35.261
57.983
48.798
55.246
61.731
64.062
58.708
46.164
43.551
40.059
58.695
60.090
45.930
33.721
60.492
70.259
64.595
51.665
38.010
81.302
65.963
69.438
55.322
59.156
71.631
71.252
43.964
51.928
58.264
94.059
98.537
54.714
54.138
70.243
69.615
65.449
62.734
66.973
68.030
66.665
73.875
71.961
69.534
99.793
97.432
58.871
64.254
47.272
69.984
66.237
77.304
41.305
83.387
89.826
83.330
82.433
57.557
1.000
1.000
1.000
1.000
1.000
1.000
1.000
1.000
1.000
1.000
1.000
1.000
1.000
1.000
1.000
1.000
1.000
1.000
1.000
1.000
1.000
1.000
1.000
1.000
1.000
1.000
1.000
1.000
1.000
1.000
1.000
1.000
1.000
1.000
1.000
1.000
1.000
1.000
1.000
1.000
1.000
1.000
1.000
1.000
1.000
1.000
1.000
1.000
1.000
1.000
1.000
1.000
1.000
1.000
1.000
1.000
1.000
1.000
1.000
24.952
30.234
22.652
19.196
25.427
30.981
23.665
20.202
34.682
24.389
26.467
30.123
29.567
31.492
26.297
35.035
31.681
28.451
21.974
51.168
38.441
56.002
46.057
39.829
30.437
23.041
43.521
35.612
38.896
35.481
36.400
33.007
32.486
38.186
32.382
34.119
36.299
40.917
30.960
32.953
33.060
46.323
65.978
64.893
52.699
58.641
35.604
57.850
40.992
49.477
64.923
53.666
56.546
38.282
45.551
45.144
45.165
38.601
41.649
37.636
31.615
33.643
33.297
62.705
60.395
28.080
24.917
28.236
65.178
71.581
53.162
42.462
42.511
40.907
65.464
55.744
61.674
62.030
61.745
52.638
76.736
83.157
65.917
68.881
70.502
68.580
48.184
79.689
83.714
51.832
51.062
63.870
81.021
72.494
76.666
46.687
61.362
73.722
83.637
81.527
72.996
67.112
62.560
68.913
86.357
94.973
72.979
49.397
58.641
62.216
94.016
90.991
47.326
57.240
71.089
74.731
51.523
54.929
74.199
42.345
51.274
83.138
85.625
85.566
81.246
64.998
61.447
82.016
83.349
66.435
77.037
89.536
74.199
72.127
62.030
71.318
60.284
61.136
53.777
83.849
84.742
55.886
91.685
88.125
85.901
68.501
74.473
75.928
76.507
1.000
67.236
1.000
1.000
1.000
90.824
89.640
1.000
1.000
1.000
1.000
1.000
1.000
1.000
1.000
1.000
1.000
1.000
1.000
1.000
1.000
1.000
1.000
1.000
1.000
1.000
1.000
1.000
1.000
1.000
1.000
1.000
1.000
1.000
1.000
1.000
1.000
1.000
1.000
1.000
1.000
1.000
1.000
1.000
1.000
1.000
1.000
1.000
56.066
36.442
39.129
34.293
79.763
79.799
52.699
53.901
19.507
50.338
72.678
82.585
41.191
37.000
46.377
61.645
37.757
67.873
72.427
22.019
33.212
32.666
58.184
59.347
48.596
85.094
89.187
41.572
41.153
49.992
56.611
29.682
26.146
72.862
33.589
78.705
77.643
86.596
50.933
45.783
83.580
86.596
85.605
69.807
76.489
73.418
81.658
60.423
33.167
53.088
78.325
77.019
88.982
87.498
78.850
78.019
82.054
80.501
74.783
67.375
34.056
69.438
71.779
73.909
80.223
72.828
76.754
74.731
71.138
80.556
63.096
81.283
75.875
88.879
90.782
49.900
55.348
82.928
83.580
53.064
63.489
71.713
85.921
90.136
67.360
51.856
79.050
51.523
67.112
74.508
72.644
69.470
84.140
85.803
65.208
82.016
94.951
97.477
64.744
65.705
60.395
84.198
83.062
65.599
92.491
82.224
1.000
1.000
61.052
1.000
1.000
1.000
1.000
1.000
1.000
1.000
1.000
1.000
1.000
1.000
1.000
1.000
1.000
1.000
1.000
1.000
1.000
1.000
1.000
1.000
1.000
1.000
1.000
1.000
1.000
1.000
1.000
1.000
1.000
1.000
1.000
1.000
1.000
1.000
19.271
22.856
20.516
28.464
22.014
26.546
38.726
28.484
22.967
21.742
22.295
30.033
29.641
30.151
30.939
31.608
25.102
30.395
27.958
37.940
35.498
25.710
44.127
56.977
24.088
28.100
20.654
30.019
27.290
39.057
40.804
51.511
29.363
42.855
45.930
38.001
27.977
32.404
46.720
81.809
84.879
49.808
44.730
32.011
30.095
47.000
70.000
38.530
38.878
57.122
72.678
44.740
50.165
55.976
60.799
54.866
41.610
42.452
36.501
36.932
55.005
58.979
59.498
41.764
37.688
64.729
73.384
28.860
39.673
50.548
41.020
38.238
53.395
54.213
47.709
57.346
51.808
43.995
74.216
83.580
37.575
63.475
66.451
39.174
52.083
50.443
54.689
58.749
46.806
45.520
1.000
1.000
1.000
1.000
1.000
60.884
42.267
46.068
1.000
1.000
1.000
1.000
1.000
1.000
1.000
1.000
1.000
1.000
1.000
1.000
1.000
1.000
1.000
1.000
1.000
1.000
1.000
1.000
1.000
1.000
1.000
1.000
1.000
1.000
1.000
1.000
1.000
1.000
1.000
1.000
1.000
1.000
1.000
1.000
1.000
1.000
1.000
1.000
1.000
1.000
1.000
1.000
1.000
1.000
1.000
1.000
1.000
1.000
1.000
1.000
1.000
1.000
1.000
1.000
1.000
1.000
1.000
1.000
1.000
1.000
1.000
1.000
1.000
1.000
1.000
1.000
1.000
1.000
1.000
1.000
1.000
1.000
1.000
1.000
1.000
1.000
1.000
1.000
1.000
1.000
1.000
1.000
1.000
1.000
1.000
1.000
1.000
1.000
1.000
1.000
1.000
1.000
1.000
1.000
62.922
63.738
58.291
59.772
1.000
1.000
1.000
1.000
1.000
55.450
39.912
55.386
65.283
66.788
70.762
58.952
1.000
67.344
1.000
1.000
1.000
1.000
61.108
73.418
1.000
56.650
55.233
64.670
1.000
1.000
1.000
1.000
1.000
23.686
26.164
57.214
74.114
73.198
17.454
66.558
29.868
29.437
19.985
33.861
63.753
28.203
31.813
26.977
1.000
72.862
58.291
73.063
82.281
70.713
74.439
68.976
61.419
52.930
71.351
78.019
34.166
66.988
63.372
67.733
54.375
62.994
47.293
75.249
58.857
54.450
76.155
75.614
61.674
74.559
71.829
67.639
67.905
63.680
79.159
92.811
59.635
73.299
70.860
26.534
45.583
65.193
73.485
59.347
60.187
61.404
68.061
74.353
74.542
79.141
50.096
89.392
63.358
65.584
68.675
65.479
74.628
78.019
63.665
65.013
66.374
91.411
61.688
60.367
77.965
52.918
65.599
75.648
30.360
1.000
48.261
67.795
64.136
65.887
62.302
1.000
1.000
57.703
70.113
69.871
73.299
30.109
45.206
30.388
32.063
33.667
34.356
41.966
1.000
1.000
31.718
36.099
70.876
1.000
1.000
37.308
16.196
31.813
58.695
33.358
36.341
23.588
27.384
37.068
48.820
50.188
60.716
56.951
63.812
44.361
69.534
66.942
1.000
1.000
1.000
1.000
1.000
1.000
1.000
1.000
1.000
1.000
1.000
1.000
1.000
1.000
1.000
46.655
42.884
59.539
69.647
65.509
65.328
80.872
70.146
59.020
1.000
1.000
1.000
1.000
1.000
1.000
1.000
1.000
1.000
1.000
1.000
1.000
1.000
1.000
1.000
1.000
1.000
1.000
1.000
1.000
1.000
1.000
1.000
1.000
1.000
1.000
1.000
1.000
1.000
73.030
93.111
93.411
1.000
22.167
29.819
83.445
93.347
81.264
1.000
1.000
62.560
55.348
1.000
1.000
1.000
1.000
1.000
1.000
1.000
1.000
1.000
1.000
1.000
1.000
1.000
1.000
48.428
43.063
1.000
1.000
1.000
1.000
1.000
1.000
1.000
1.000
62.994
1.000
1.000
1.000
1.000
79.836
83.580
1.000
18.720
14.679
34.762
48.551
55.310
63.241
29.868
30.967
34.119
87.237
93.886
91.812
73.638
75.405
55.873
73.553
58.063
63.256
65.268
67.236
73.333
89.660
77.893
92.704
97.140
66.161
86.179
76.948
72.611
73.030
81.527
87.257
92.704
86.119
78.019
83.138
101.158
94.973
82.985
96.051
69.679
73.943
107.597
100.346
103.276
88.797
59.265
63.915
1.000
1.000
1.000
1.000
1.000
1.000
1.000
1.000
1.000
1.000
1.000
1.000
1.000
1.000
1.000
1.000
1.000
1.000
1.000
1.000
1.000
1.000
1.000
1.000
1.000
1.000
1.000
1.000
1.000
1.000
1.000
1.000
1.000
1.000
1.000
1.000
1.000
1.000
35.449
40.374
45.144
61.277
61.277
37.540
35.197
60.688
60.562
64.640
83.753
109.119
114.815
79.122
68.328
81.302
72.244
73.739
75.596
70.372
1.000
1.000
1.000
1.000
1.000
1.000
1.000
1.000
1.000
1.000
1.000
1.000
1.000
1.000
1.000
1.000
1.000
1.000
1.000
1.000
1.000
1.000
1.000
1.000
1.000
1.000
1.000
1.000
1.000
1.000
1.000
25.096
27.309
27.829
26.552
23.195
28.708
27.816
27.970
29.074
37.446
27.365
32.711
33.022
32.659
38.238
43.914
58.050
24.255
27.932
26.116
29.957
34.746
42.150
36.099
34.546
31.153
55.860
66.024
32.991
40.161
51.904
55.144
44.699
44.238
51.109
55.514
60.117
40.309
53.137
75.214
46.914
52.505
41.505
41.172
66.435
65.418
45.113
50.315
73.468
71.928
44.494
55.132
45.698
54.413
41.039
45.040
65.088
65.948
57.266
70.697
70.518
68.265
56.156
59.020
48.295
61.376
40.747
59.347
57.069
59.443
54.113
51.145
53.432
50.176
42.599
39.255
43.934
49.431
49.957
44.269
43.772
51.192
49.865
33.963
1.000
1.000
65.238
70.259
1.000
1.000
1.000
1.000
1.000
1.000
1.000
1.000
1.000
1.000
1.000
1.000
1.000
1.000
1.000
1.000
1.000
1.000
1.000
1.000
1.000
1.000
1.000
1.000
1.000
1.000
1.000
1.000
1.000
1.000
1.000
1.000
1.000
1.000
1.000
1.000
1.000
1.000
1.000
1.000
1.000
1.000
1.000
1.000
1.000
1.000
1.000
1.000
1.000
1.000
1.000
1.000
1.000
1.000
1.000
1.000
1.000
1.000
1.000
1.000
1.000
1.000
1.000
1.000
1.000
1.000
1.000
1.000
1.000
1.000
1.000
1.000
1.000
1.000
1.000
1.000
1.000
1.000
1.000
1.000
1.000
1.000
1.000
1.000
1.000
1.000
1.000
1.000
1.000
1.000
1.000
60.884
93.261
80.464
1.000
1.000
1.000
1.000
1.000
1.000
1.000
1.000
1.000
1.000
1.000
1.000
1.000
1.000
1.000
1.000
1.000
26.897
24.423
77.696
81.564
1.000
1.000
1.000
47.588
56.014
26.242
50.362
45.730
54.967
64.180
71.203
93.713
91.201
92.130
73.961
80.835
88.024
92.854
85.546
98.356
89.392
103.062
87.197
91.369
91.770
106.463
99.977
70.664
69.470
88.064
94.907
99.472
82.338
68.438
69.199
95.170
99.083
105.390
103.490
76.966
82.111
100.949
85.961
1.000
88.349
94.297
1.000
1.000
1.000
1.000
1.000
1.000
1.000
1.000
1.000
1.000
1.000
1.000
1.000
1.000
1.000
1.000
1.000
1.000
1.000
1.000
1.000
1.000
1.000
1.000
1.000
1.000
1.000
1.000
1.000
1.000
1.000
1.000
1.000
20.072
20.587
36.787
37.077
34.127
36.058
48.362
72.028
73.164
52.396
57.095
58.817
57.810
55.616
59.883
55.093
60.828
79.689
1.000
1.000
1.000
1.000
1.000
1.000
1.000
1.000
1.000
1.000
1.000
1.000
1.000
1.000
1.000
1.000
1.000
1.000
1.000
1.000
1.000
1.000
1.000
1.000
1.000
1.000
1.000
1.000
1.000
1.000
1.000
1.000
1.000
1.000
27.296
36.694
26.884
24.328
70.129
65.028
29.861
26.742
32.779
32.554
74.886
69.807
29.950
39.084
72.044
75.353
29.417
32.509
25.651
30.931
39.939
43.003
64.402
52.481
83.176
83.637
46.741
58.506
105.342
80.798
80.556
83.503
85.822
81.077
46.355
54.325
83.426
91.559
87.559
76.948
73.148
58.966
61.944
60.423
66.573
52.966
59.061
54.992
83.580
82.054
83.811
88.308
37.610
35.925
54.088
51.251
77.750
85.271
76.454
81.264
51.086
58.546
79.579
50.594
84.664
91.075
67.952
66.819
92.683
83.196
92.726
73.672
71.697
69.984
70.210
83.965
51.880
78.614
90.074
99.312
55.514
69.775
57.890
1.000
1.000
91.770
83.157
82.376
89.495
1.000
58.050
78.451
1.000
89.146
95.017
91.243
90.866
88.838
89.310
45.646
52.918
1.000
1.000
1.000
1.000
1.000
1.000
1.000
1.000
1.000
1.000
1.000
1.000
1.000
1.000
1.000
1.000
1.000
1.000
1.000
1.000
1.000
1.000
1.000
1.000
1.000
1.000
1.000
1.000
1.000
1.000
1.000
1.000
1.000
1.000
1.000
1.000
1.000
1.000
1.000
1.000
1.000
1.000
1.000
1.000
1.000
1.000
1.000
1.000
1.000
1.000
1.000
1.000
1.000
1.000
1.000
1.000
1.000
1.000
1.000
1.000
1.000
1.000
1.000
58.479
53.088
41.610
39.491
1.000
1.000
34.419
35.539
35.506
37.566
29.282
30.493
52.565
56.208
61.930
40.355
49.865
63.110
67.189
71.269
63.694
1.000
1.000
1.000
1.000
1.000
1.000
1.000
1.000
1.000
1.000
1.000
1.000
1.000
1.000
1.000
1.000
1.000
1.000
1.000
1.000
1.000
1.000
1.000
1.000
1.000
1.000
1.000
1.000
1.000
1.000
1.000
1.000
38.637
33.098
27.714
68.501
64.968
59.361
56.585
55.924
70.925
75.736
84.606
71.154
71.829
65.088
82.851
79.928
1.000
1.000
1.000
1.000
1.000
1.000
1.000
1.000
1.000
1.000
1.000
1.000
1.000
1.000
1.000
1.000
1.000
1.000
1.000
29.635
33.643
34.277
79.415
82.186
57.043
48.551
59.662
69.438
77.215
83.157
94.624
78.037
82.832
83.330
72.094
81.658
1.000
1.000
1.000
87.539
81.489
1.000
1.000
1.000
1.000
1.000
1.000
1.000
1.000
1.000
1.000
1.000
1.000
1.000
1.000
1.000
1.000
1.000
1.000
1.000
1.000
27.321
28.471
49.465
46.452
53.555
82.376
77.428
69.167
66.711
53.101
54.500
55.106
60.367
37.359
45.930
56.169
55.526
1.000
1.000
1.000
1.000
1.000
1.000
1.000
1.000
1.000
1.000
1.000
1.000
1.000
1.000
1.000
1.000
1.000
1.000
1.000
1.000
1.000
1.000
1.000
1.000
1.000
1.000
1.000
1.000
1.000
1.000
1.000
1.000
1.000
1.000
1.000
1.000
1.000
1.000
1.000
1.000
1.000
1.000
1.000
1.000
1.000
1.000
26.534
27.384
24.283
25.586
24.854
30.606
38.913
32.100
29.580
29.573
29.771
35.917
30.853
20.811
21.242
38.574
40.504
27.990
39.039
34.143
26.212
26.577
24.044
25.457
29.532
45.846
40.309
23.807
36.830
35.245
65.343
25.148
27.271
45.134
61.447
56.781
68.533
74.165
55.552
65.963
48.317
64.923
44.127
38.539
43.591
50.107
35.580
33.643
75.128
54.313
64.536
64.595
62.259
67.019
71.220
69.359
64.106
69.936
70.210
70.925
49.136
57.227
67.282
63.067
61.362
74.353
76.878
88.695
85.901
67.035
68.423
78.868
91.939
82.319
69.183
68.945
79.836
84.217
44.443
78.813
52.167
57.398
52.942
92.811
86.836
58.627
84.977
65.811
93.132
87.579
90.657
54.263
58.157
72.879
62.762
63.915
72.694
70.356
48.451
61.574
70.648
69.422
68.218
74.405
59.020
45.846
66.054
54.866
53.580
1.000
1.000
1.000
1.000
1.000
1.000
1.000
59.814
60.478
1.000
1.000
1.000
1.000
1.000
1.000
1.000
1.000
1.000
1.000
1.000
1.000
1.000
1.000
1.000
1.000
1.000
1.000
1.000
1.000
1.000
1.000
1.000
1.000
1.000
1.000
1.000
1.000
1.000
1.000
1.000
1.000
1.000
1.000
1.000
1.000
1.000
1.000
1.000
1.000
1.000
1.000
1.000
1.000
1.000
1.000
1.000
1.000
1.000
1.000
1.000
1.000
1.000
1.000
1.000
1.000
1.000
1.000
1.000
1.000
1.000
1.000
1.000
1.000
1.000
1.000
1.000
1.000
1.000
1.000
1.000
1.000
1.000
1.000
1.000
1.000
1.000
1.000
1.000
1.000
1.000
1.000
1.000
1.000
1.000
1.000
1.000
1.000
1.000
1.000
1.000
1.000
1.000
1.000
1.000
1.000
1.000
1.000
1.000
1.000
1.000
1.000
1.000
1.000
1.000
1.000
1.000
1.000
1.000
1.000
1.000
1.000
1.000
1.000
1.000
1.000
1.000
1.000
1.000
1.000
1.000
1.000
1.000
1.000
1.000
1.000
1.000
1.000
1.000
1.000
1.000
1.000
1.000
1.000
1.000
1.000
1.000
13.011
24.496
18.797
22.803
38.681
24.791
22.967
21.115
23.944
32.092
22.501
21.434
25.615
24.110
24.049
24.457
24.803
19.593
26.224
27.208
25.050
25.252
28.953
21.752
22.972
22.289
23.972
24.066
28.927
29.669
52.288
28.288
32.389
41.668
41.591
23.105
31.074
45.730
26.375
27.221
44.218
68.992
28.800
40.309
42.374
73.097
35.221
37.316
51.761
50.746
36.559
41.419
60.772
57.069
30.620
32.621
32.636
32.159
32.772
39.364
35.343
27.945
33.029
48.967
49.694
55.847
48.250
53.395
37.213
40.738
40.087
40.059
42.102
69.968
78.361
53.753
24.395
32.063
45.405
48.406
59.034
26.779
32.270
46.806
52.869
38.583
45.583
36.033
57.412
66.896
52.565
45.962
48.073
55.081
54.651
37.291
54.954
57.069
53.777
50.408
55.093
45.973
59.951
51.832
61.574
62.173
42.325
44.228
39.482
43.682
1.000
1.000
1.000
1.000
1.000
1.000
1.000
1.000
1.000
1.000
1.000
1.000
1.000
1.000
1.000
1.000
1.000
1.000
1.000
1.000
1.000
1.000
1.000
1.000
1.000
1.000
1.000
1.000
1.000
1.000
1.000
1.000
1.000
1.000
1.000
1.000
1.000
1.000
1.000
1.000
1.000
1.000
1.000
1.000
1.000
1.000
1.000
1.000
1.000
1.000
1.000
1.000
1.000
1.000
1.000
1.000
1.000
1.000
1.000
1.000
1.000
1.000
1.000
1.000
1.000
1.000
1.000
1.000
13.409
20.142
22.819
27.447
28.471
48.753
29.730
28.940
51.964
52.060
55.552
51.547
56.624
56.014
70.178
68.281
50.246
56.455
65.133
58.237
58.952
58.291
64.313
62.158
64.670
36.066
45.920
1.000
1.000
1.000
1.000
1.000
1.000
1.000
1.000
1.000
1.000
1.000
1.000
1.000
1.000
1.000
1.000
1.000
1.000
1.000
1.000
1.000
1.000
1.000
1.000
1.000
1.000
1.000
1.000
1.000
1.000
1.000
1.000
1.000
1.000
1.000
1.000
1.000
1.000
1.000
1.000
1.000
1.000
1.000
1.000
1.000
1.000
1.000
1.000
1.000
1.000
1.000
1.000
1.000
1.000
1.000
1.000
1.000
1.000
1.000
1.000
1.000
1.000
1.000
1.000
1.000
1.000
1.000
1.000
1.000
1.000
17.595
64.580
66.405
52.747
60.242
62.618
65.766
69.406
59.814
69.263
55.170
57.491
51.713
60.632
46.323
62.835
67.375
1.000
1.000
1.000
1.000
1.000
1.000
1.000
1.000
1.000
1.000
1.000
1.000
1.000
1.000
1.000
1.000
1.000
1.000
1.000
1.000
1.000
1.000
1.000
1.000
1.000
1.000
1.000
1.000
1.000
1.000
1.000
1.000
32.636
55.488
61.887
57.030
44.638
39.719
71.220
81.621
71.879
1.000
1.000
1.000
1.000
1.000
1.000
1.000
1.000
1.000
1.000
1.000
1.000
1.000
1.000
1.000
1.000
1.000
1.000
1.000
1.000
1.000
1.000
1.000
1.000
1.000
1.000
1.000
1.000
1.000
56.781
46.838
24.513
25.125
47.566
38.415
39.893
38.450
55.284
50.130
74.473
83.599
52.493
76.313
94.558
78.524
59.034
59.759
74.080
72.494
72.427
74.046
80.094
49.034
94.733
55.182
92.172
101.578
83.368
79.744
84.820
75.249
73.621
60.828
71.713
50.096
50.711
69.486
71.483
63.038
61.944
1.000
1.000
67.484
63.052
67.795
81.715
74.336
1.000
1.000
1.000
45.814
1.000
65.148
68.265
75.648
1.000
1.000
1.000
1.000
1.000
1.000
1.000
1.000
1.000
1.000
1.000
1.000
1.000
1.000
1.000
1.000
1.000
1.000
1.000
1.000
1.000
1.000
1.000
1.000
1.000
1.000
1.000
1.000
1.000
1.000
1.000
1.000
1.000
1.000
1.000
1.000
1.000
1.000
1.000
1.000
1.000
1.000
1.000
1.000
1.000
1.000
1.000
1.000
1.000
1.000
1.000
1.000
1.000
1.000
1.000
1.000
26.068
27.096
31.024
59.484
33.931
18.226
24.683
38.699
24.149
27.772
66.344
67.035
63.299
64.804
71.187
40.448
35.925
67.795
71.730
74.473
69.518
65.539
72.111
75.683
45.123
45.793
88.288
99.060
82.073
80.519
73.367
72.828
93.951
91.918
64.417
67.562
69.871
70.941
79.068
71.945
72.678
79.983
73.756
65.902
71.779
76.595
81.339
60.381
71.056
88.410
88.900
1.000
1.000
1.000
1.000
1.000
1.000
1.000
1.000
1.000
1.000
1.000
1.000
1.000
1.000
1.000
1.000
1.000
1.000
1.000
1.000
1.000
1.000
1.000
1.000
1.000
1.000
1.000
1.000
1.000
1.000
1.000
1.000
1.000
1.000
1.000
1.000
1.000
1.000
1.000
1.000
1.000
1.000
1.000
1.000
1.000
19.629
26.260
34.174
40.766
60.381
64.968
64.077
28.412
34.554
66.283
78.379
68.375
40.945
40.879
72.929
85.822
89.888
65.599
61.759
74.525
88.105
72.394
85.290
75.998
76.630
75.945
78.397
80.076
81.171
74.834
75.301
78.271
84.043
82.111
70.307
79.050
57.996
60.786
65.554
78.832
83.541
86.756
80.297
71.072
81.264
66.298
78.922
84.256
81.583
82.947
1.000
1.000
1.000
1.000
1.000
1.000
1.000
1.000
1.000
1.000
1.000
1.000
1.000
1.000
1.000
1.000
1.000
1.000
1.000
1.000
1.000
1.000
1.000
1.000
1.000
1.000
1.000
1.000
1.000
1.000
1.000
1.000
1.000
1.000
1.000
1.000
1.000
1.000
1.000
1.000
1.000
1.000
1.000
1.000
1.000
1.000
1.000
1.000
1.000
1.000
1.000
1.000
1.000
1.000
1.000
1.000
1.000
1.000
1.000
1.000
21.652
37.291
51.677
47.163
63.562
70.974
59.265
31.666
35.703
79.031
63.650
65.479
44.999
47.141
81.621
85.981
80.761
67.593
66.834
59.759
79.159
69.647
74.989
75.579
78.832
81.077
88.267
86.616
80.891
75.266
77.357
69.183
78.127
71.220
55.055
61.277
70.421
71.664
74.353
71.367
88.004
81.602
74.029
74.336
75.024
76.789
82.661
73.468
82.585
1.000
1.000
1.000
1.000
1.000
1.000
1.000
1.000
1.000
1.000
1.000
1.000
1.000
1.000
1.000
1.000
1.000
1.000
1.000
1.000
1.000
1.000
1.000
1.000
1.000
1.000
1.000
1.000
1.000
1.000
1.000
1.000
1.000
1.000
1.000
1.000
1.000
1.000
1.000
1.000
1.000
1.000
1.000
1.000
1.000
1.000
1.000
1.000
1.000
1.000
1.000
1.000
1.000
1.000
1.000
1.000
1.000
1.000
1.000
1.000
1.000
1.000
1.000
19.387
26.418
21.772
29.268
91.791
87.680
59.841
64.476
42.384
41.229
61.759
65.238
62.575
60.395
73.604
88.756
96.183
66.727
83.599
79.561
93.972
81.639
90.365
91.538
95.170
85.625
82.775
77.339
77.197
80.947
83.330
86.756
82.928
72.410
80.242
79.763
85.467
70.583
64.729
72.194
77.965
93.089
81.865
74.748
77.232
1.000
1.000
87.640
1.000
1.000
1.000
1.000
1.000
1.000
1.000
1.000
1.000
1.000
1.000
1.000
1.000
1.000
1.000
1.000
1.000
1.000
1.000
1.000
1.000
1.000
1.000
1.000
1.000
1.000
1.000
1.000
1.000
1.000
1.000
1.000
1.000
1.000
1.000
1.000
1.000
1.000
1.000
1.000
1.000
1.000
1.000
1.000
1.000
1.000
1.000
1.000
1.000
1.000
1.000
1.000
1.000
1.000
1.000
1.000
1.000
1.000
1.000
1.000
1.000
1.000
1.000
57.597
1.000
1.000
1.000
54.375
61.419
72.879
79.451
48.184
1.000
1.000
1.000
32.946
33.435
71.121
1.000
1.000
1.000
1.000
1.000
45.384
27.114
50.571
72.127
80.094
1.000
1.000
1.000
1.000
1.000
40.870
37.923
19.888
21.360
34.387
32.614
43.013
81.752
64.804
78.542
61.080
80.742
44.055
1.000
1.000
1.000
1.000
1.000
1.000
1.000
1.000
1.000
1.000
1.000
1.000
1.000
28.993
27.778
35.843
66.512
28.490
44.484
48.339
70.049
69.390
73.858
1.000
1.000
1.000
1.000
1.000
1.000
1.000
1.000
28.347
31.239
1.000
1.000
31.318
33.297
21.752
26.977
25.322
30.416
39.237
43.501
42.034
46.914
1.000
1.000
53.518
57.253
54.903
59.279
59.827
1.000
1.000
1.000
1.000
1.000
1.000
1.000
1.000
1.000
1.000
1.000
1.000
72.260
86.676
1.000
1.000
1.000
1.000
1.000
1.000
1.000
50.992
60.007
48.495
68.834
68.030
88.186
59.265
69.888
78.433
57.756
1.000
1.000
1.000
1.000
1.000
1.000
1.000
1.000
1.000
1.000
1.000
13.256
66.727
29.826
57.280
65.449
86.298
90.532
1.000
1.000
1.000
26.650
28.294
23.507
31.232
29.275
41.860
34.546
65.433
56.144
69.215
51.880
59.388
71.089
77.660
67.920
68.202
62.503
61.475
1.000
1.000
1.000
1.000
1.000
1.000
1.000
1.000
1.000
1.000
1.000
1.000
1.000
20.384
106.121
94.081
1.000
52.324
69.647
63.431
71.763
69.871
72.327
53.604
43.321
48.384
59.388
1.000
1.000
1.000
1.000
1.000
1.000
1.000
1.000
1.000
1.000
40.476
59.279
64.165
73.181
34.316
1.000
1.000
1.000
1.000
1.000
1.000
1.000
27.435
29.923
26.008
24.632
37.437
60.856
55.106
56.872
68.077
72.210
48.641
51.369
64.447
67.391
61.306
47.984
1.000
72.477
65.720
66.896
56.364
1.000
1.000
1.000
1.000
1.000
1.000
1.000
1.000
1.000
1.000
1.000
1.000
1.000
1.000
1.000
50.234
63.475
63.518
64.062
61.987
71.631
63.606
41.333
67.515
1.000
1.000
1.000
1.000
1.000
1.000
1.000
1.000
1.000
1.000
1.000
1.000
1.000
1.000
1.000
1.000
1.000
1.000
1.000
60.021
1.000
1.000
1.000
1.000
1.000
1.000
1.000
1.000
1.000
1.000
1.000
1.000
1.000
1.000
1.000
1.000
1.000
66.466
68.786
1.000
1.000
1.000
1.000
1.000
1.000
46.687
59.279
1.000
1.000
1.000
1.000
1.000
1.000
1.000
61.574
1.000
1.000
1.000
1.000
1.000
39.201
34.214
69.647
60.381
50.992
56.092
1.000
1.000
1.000
1.000
1.000
1.000
1.000
1.000
1.000
1.000
1.000
1.000
1.000
1.000
1.000
1.000
1.000
58.412
61.094
27.932
1.000
58.210
43.421
27.580
49.568
51.475
36.208
1.000
1.000
1.000
1.000
1.000
1.000
60.674
59.662
67.453
74.525
74.216
86.497
76.278
71.285
87.378
85.862
62.560
83.541
49.317
51.582
1.000
1.000
1.000
1.000
1.000
1.000
1.000
1.000
1.000
1.000
1.000
1.000
1.000
1.000
1.000
1.000
63.387
67.344
1.000
1.000
1.000
1.000
1.000
1.000
1.000
1.000
1.000
1.000
1.000
1.000
1.000
1.000
1.000
1.000
1.000
1.000
1.000
1.000
1.000
1.000
1.000
43.914
52.457
1.000
1.000
1.000
1.000
1.000
1.000
1.000
1.000
1.000
1.000
1.000
1.000
1.000
1.000
1.000
1.000
1.000
1.000
1.000
1.000
1.000
1.000
1.000
1.000
1.000
1.000
1.000
1.000
1.000
1.000
1.000
1.000
1.000
1.000
1.000
1.000
71.945
1.000
1.000
1.000
1.000
1.000
1.000
1.000
1.000
1.000
1.000
1.000
1.000
1.000
1.000
1.000
48.865
1.000
1.000
1.000
1.000
1.000
1.000
90.991
71.812
1.000
1.000
1.000
1.000
1.000
1.000
1.000
1.000
1.000
1.000
1.000
79.891
1.000
1.000
1.000
1.000
1.000
1.000
1.000
1.000
1.000
1.000
1.000
1.000
79.433
1.000
1.000
1.000
1.000
1.000
1.000
74.851
78.941
36.408
1.000
1.000
1.000
1.000
77.965
83.541
1.000
41.039
38.397
1.000
1.000
1.000
1.000
1.000
1.000
1.000
1.000
38.309
42.727
1.000
1.000
1.000
1.000
1.000
1.000
1.000
1.000
1.000
1.000
1.000
1.000
1.000
1.000
38.238
1.000
1.000
1.000
1.000
1.000
1.000
1.000
1.000
1.000
24.889
66.527
65.993
89.764
79.598
1.000
70.275
64.521
78.109
41.219
47.797
1.000
1.000
1.000
1.000
1.000
1.000
1.000
1.000
1.000
1.000
29.909
68.108
74.731
1.000
26.638
76.524
87.096
1.000
1.000
71.302
71.945
1.000
1.000
1.000
1.000
1.000
1.000
1.000
1.000
1.000
1.000
1.000
20.927
21.145
1.000
22.254
67.795
70.925
38.468
83.830
1.000
63.782
54.714
91.517
1.000
1.000
24.814
26.242
31.543
24.803
25.823
28.262
34.269
31.857
36.509
33.612
38.967
69.775
74.920
52.954
68.691
55.373
60.688
55.170
65.675
74.972
70.049
85.625
86.338
63.227
69.855
1.000
1.000
1.000
1.000
1.000
1.000
1.000
1.000
1.000
1.000
1.000
1.000
1.000
1.000
1.000
1.000
1.000
1.000
1.000
1.000
1.000
58.117
27.893
36.274
67.437
84.101
90.908
1.000
1.000
1.000
1.000
1.000
24.496
81.884
97.096
71.862
1.000
1.000
21.612
58.762
76.068
73.553
77.037
81.997
78.560
62.460
1.000
1.000
1.000
1.000
26.467
73.892
73.790
1.000
67.391
54.903
75.007
27.466
56.014
72.260
63.009
77.339
58.735
73.536
94.341
89.248
1.000
1.000
59.511
1.000
33.481
58.425
54.613
58.573
78.001
49.295
57.876
54.563
52.469
51.558
61.291
54.138
63.081
1.000
1.000
1.000
1.000
1.000
1.000
1.000
1.000
1.000
47.239
84.781
1.000
1.000
1.000
1.000
1.000
21.316
28.582
28.016
27.309
25.328
26.522
40.430
30.598
39.884
41.467
31.081
48.250
36.058
39.829
66.267
63.797
69.103
72.344
47.621
44.300
61.052
66.161
47.874
61.787
68.960
69.599
56.429
61.589
57.385
55.119
77.822
79.708
72.828
71.912
70.243
72.845
77.750
72.477
66.742
63.329
66.390
57.056
65.857
1.000
1.000
1.000
1.000
1.000
1.000
1.000
1.000
1.000
1.000
1.000
1.000
1.000
1.000
1.000
1.000
1.000
1.000
1.000
1.000
20.212
37.949
37.897
34.182
24.643
27.133
40.309
37.497
30.276
44.586
37.385
66.958
46.709
82.205
53.015
58.103
60.730
68.265
58.398
79.433
73.148
61.731
55.616
73.013
70.827
81.395
73.909
72.344
77.002
81.752
59.224
94.016
89.867
59.470
1.000
64.953
66.222
1.000
1.000
1.000
1.000
1.000
1.000
1.000
1.000
1.000
1.000
1.000
1.000
40.253
33.597
66.161
68.423
78.759
20.821
20.413
60.632
54.051
18.205
72.812
39.292
59.102
43.782
48.910
63.212
60.423
43.481
49.568
57.770
57.082
59.498
64.032
47.940
60.940
53.988
56.663
1.000
1.000
1.000
1.000
1.000
1.000
1.000
1.000
1.000
1.000
1.000
1.000
1.000
1.000
1.000
1.000
1.000
1.000
1.000
1.000
1.000
1.000
1.000
1.000
1.000
1.000
1.000
1.000
1.000
1.000
1.000
69.103
40.041
34.970
68.628
72.627
39.582
40.430
67.764
66.115
46.602
70.178
68.187
75.474
59.566
75.718
69.599
71.812
49.705
54.702
61.320
66.681
53.753
64.610
58.790
65.013
58.830
66.619
1.000
1.000
1.000
1.000
1.000
1.000
1.000
1.000
1.000
1.000
1.000
1.000
1.000
1.000
1.000
1.000
1.000
1.000
1.000
1.000
1.000
1.000
1.000
1.000
1.000
1.000
1.000
1.000
1.000
1.000
26.236
44.555
57.174
69.311
75.648
56.273
26.068
78.904
93.004
45.614
52.083
1.000
1.000
1.000
1.000
1.000
1.000
1.000
1.000
27.498
27.964
55.629
64.018
64.834
59.676
39.084
39.792
77.911
88.430
44.015
48.295
1.000
1.000
1.000
1.000
1.000
1.000
1.000
1.000
78.217
92.555
101.883
100.369
1.000
1.000
1.000
1.000
80.334
94.580
110.815
111.558
1.000
1.000
1.000
1.000
1.000
1.000
24.917
29.971
72.144
70.550
69.888
68.754
113.006
101.065
1.000
1.000
1.000
1.000
1.000
1.000
1.000
64.150
66.405
1.000
1.000
1.000
1.000
1.000
23.308
27.353
23.807
22.845
23.367
23.174
36.711
37.489
26.122
27.315
21.558
22.279
46.677
43.833
28.067
30.130
66.481
60.062
33.182
34.762
29.985
43.904
25.148
24.746
25.498
52.432
61.447
25.183
32.953
38.949
34.986
35.810
64.714
69.647
75.388
75.059
53.444
51.168
72.895
77.714
103.395
100.277
70.502
71.515
85.783
62.965
72.594
75.318
73.384
63.973
67.624
84.140
81.096
63.548
64.551
73.047
47.174
51.381
64.744
71.400
77.607
75.718
1.000
78.235
85.507
65.268
77.804
71.664
1.000
1.000
1.000
1.000
1.000
1.000
1.000
1.000
1.000
1.000
1.000
1.000
1.000
1.000
1.000
1.000
1.000
1.000
1.000
1.000
1.000
1.000
1.000
1.000
1.000
1.000
49.079
55.297
28.223
31.572
41.448
38.779
80.798
82.224
74.029
81.433
59.224
65.223
1.000
1.000
1.000
1.000
1.000
1.000
1.000
1.000
1.000
1.000
1.000
1.000
1.000
1.000
1.000
1.000
1.000
1.000
1.000
1.000
1.000
1.000
1.000
1.000
1.000
1.000
20.380
22.709
27.740
25.562
31.225
25.486
27.139
24.906
29.985
32.599
41.841
51.737
42.482
42.619
38.186
38.592
50.455
57.069
45.614
45.825
34.372
38.159
40.142
30.172
31.412
55.757
66.252
54.113
43.013
44.116
46.795
49.785
1.000
1.000
36.484
41.658
1.000
1.000
1.000
1.000
1.000
1.000
1.000
1.000
1.000
1.000
1.000
1.000
1.000
1.000
1.000
1.000
1.000
1.000
1.000
1.000
1.000
1.000
1.000
1.000
1.000
1.000
1.000
29.289
31.514
26.773
31.434
36.208
38.530
32.344
32.711
43.441
35.703
28.333
27.772
50.269
66.958
75.197
71.862
74.405
49.751
56.859
54.088
61.759
42.170
46.968
67.499
69.775
67.344
74.422
82.566
91.180
62.806
69.088
74.611
80.334
90.012
89.454
76.120
72.194
66.115
72.460
66.773
76.630
69.711
56.169
62.849
69.566
62.676
67.920
74.834
72.161
78.741
80.965
73.367
76.683
1.000
1.000
1.000
1.000
1.000
1.000
1.000
1.000
1.000
1.000
1.000
1.000
1.000
1.000
1.000
1.000
1.000
1.000
1.000
1.000
1.000
1.000
1.000
46.196
49.351
77.625
84.392
53.137
54.815
60.618
64.343
106.243
107.547
73.892
80.649
1.000
1.000
1.000
1.000
1.000
1.000
1.000
1.000
1.000
1.000
1.000
1.000
1.000
1.000
1.000
1.000
1.000
1.000
32.621
31.937
27.258
27.127
36.728
26.607
29.532
23.099
23.730
32.292
34.300
23.878
34.475
27.196
26.595
20.697
21.468
29.888
23.862
56.468
64.536
59.143
58.466
52.095
55.412
60.646
74.285
57.570
42.944
39.409
65.238
76.348
64.998
70.162
77.339
72.144
78.163
73.299
32.569
31.369
62.431
65.163
49.023
54.739
54.878
52.119
86.298
91.054
63.753
98.130
96.917
46.047
43.581
86.278
97.364
92.875
63.856
59.443
91.770
94.471
63.183
69.775
73.790
71.763
90.887
85.114
85.290
80.242
81.077
82.813
87.498
99.954
1.000
1.000
1.000
1.000
1.000
1.000
1.000
1.000
1.000
1.000
1.000
1.000
1.000
1.000
1.000
1.000
1.000
1.000
1.000
1.000
1.000
1.000
1.000
1.000
1.000
1.000
1.000
1.000
1.000
1.000
1.000
1.000
19.593
24.277
28.425
29.819
34.459
37.188
38.318
25.200
26.461
56.455
60.744
59.402
48.295
54.475
63.110
65.948
68.723
57.890
64.269
42.934
50.793
50.606
65.103
69.871
56.286
62.907
68.849
81.846
81.433
88.532
84.314
1.000
1.000
1.000
1.000
1.000
1.000
1.000
1.000
1.000
1.000
1.000
1.000
1.000
1.000
1.000
1.000
1.000
1.000
1.000
1.000
1.000
1.000
1.000
1.000
1.000
1.000
1.000
23.361
32.004
34.578
36.066
55.898
63.562
73.114
66.009
67.019
52.060
49.363
1.000
1.000
1.000
1.000
1.000
1.000
1.000
1.000
1.000
24.238
23.889
54.001
62.173
1.000
1.000
1.000
1.000
1.000
1.000
1.000
1.000
1.000
1.000
1.000
1.000
1.000
1.000
1.000
1.000
1.000
1.000
1.000
1.000
50.711
62.431
77.965
65.118
55.706
62.560
70.243
65.781
1.000
1.000
1.000
1.000
1.000
1.000
1.000
1.000
1.000
1.000
1.000
1.000
1.000
1.000
1.000
29.376
30.241
27.791
30.388
54.676
58.817
43.411
43.904
54.338
58.358
1.000
1.000
1.000
1.000
1.000
1.000
1.000
1.000
1.000
1.000
1.000
1.000
1.000
1.000
1.000
1.000
1.000
1.000
1.000
1.000
1.000
1.000
1.000
1.000
1.000
1.000
1.000
1.000
1.000
1.000
1.000
1.000
1.000
1.000
1.000
1.000
1.000
1.000
1.000
1.000
1.000
1.000
1.000
1.000
32.794
40.691
92.427
91.496
68.140
70.049
58.157
55.989
70.892
67.004
66.711
70.404
72.912
78.019
88.920
87.740
70.941
75.858
1.000
1.000
1.000
1.000
1.000
1.000
1.000
1.000
1.000
1.000
1.000
1.000
1.000
1.000
1.000
1.000
1.000
1.000
1.000
1.000
1.000
1.000
1.000
1.000
