18.531
31.514
42.717
20.300
1.000
1.000
1.000
1.000
1.000
1.000
1.000
1.000
19.802
18.387
18.101
27.121
44.679
24.021
51.785
31.871
28.275
29.621
41.889
42.306
27.454
24.975
43.762
1.000
1.000
1.000
1.000
1.000
1.000
1.000
1.000
1.000
1.000
1.000
1.000
1.000
1.000
1.000
1.000
1.000
1.000
1.000
1.000
1.000
1.000
1.000
1.000
1.000
1.000
1.000
1.000
1.000
1.000
1.000
1.000
1.000
1.000
1.000
1.000
1.000
1.000
1.000
1.000
1.000
1.000
1.000
1.000
1.000
1.000
1.000
1.000
1.000
1.000
1.000
1.000
1.000
1.000
1.000
1.000
1.000
1.000
1.000
1.000
1.000
1.000
1.000
1.000
1.000
1.000
1.000
1.000
1.000
1.000
24.963
28.675
41.286
76.524
89.187
43.813
43.033
37.523
36.141
1.000
1.000
1.000
1.000
1.000
1.000
1.000
1.000
1.000
1.000
1.000
1.000
1.000
1.000
1.000
1.000
1.000
1.000
1.000
1.000
24.660
17.211
40.281
28.340
33.986
24.604
22.600
24.957
62.907
28.754
32.810
1.000
1.000
1.000
1.000
1.000
1.000
1.000
1.000
1.000
1.000
1.000
1.000
1.000
1.000
1.000
1.000
1.000
1.000
1.000
1.000
1.000
1.000
1.000
1.000
1.000
1.000
1.000
1.000
1.000
1.000
1.000
1.000
1.000
1.000
1.000
1.000
1.000
1.000
16.569
62.980
52.432
54.891
42.865
49.648
40.682
40.935
52.143
64.032
59.115
1.000
1.000
1.000
1.000
1.000
1.000
1.000
1.000
1.000
1.000
1.000
1.000
1.000
1.000
1.000
1.000
1.000
1.000
1.000
1.000
1.000
1.000
1.000
1.000
1.000
1.000
1.000
1.000
1.000
1.000
1.000
1.000
1.000
1.000
1.000
1.000
1.000
1.000
1.000
1.000
1.000
1.000
1.000
1.000
1.000
1.000
27.951
1.000
1.000
1.000
1.000
1.000
1.000
1.000
1.000
1.000
1.000
1.000
1.000
1.000
1.000
1.000
1.000
1.000
1.000
1.000
18.471
22.751
19.204
21.888
31.565
17.828
22.238
19.720
22.475
25.171
39.409
48.618
58.237
55.081
35.359
49.694
54.475
42.825
56.846
44.689
40.124
59.443
43.431
68.628
40.124
52.590
65.539
23.399
26.736
43.251
44.381
53.407
25.515
46.259
42.316
42.452
45.572
83.676
48.764
47.195
44.627
43.212
37.984
40.973
1.000
1.000
1.000
1.000
1.000
1.000
1.000
1.000
1.000
1.000
1.000
1.000
1.000
1.000
1.000
1.000
1.000
1.000
1.000
1.000
1.000
1.000
1.000
1.000
1.000
1.000
1.000
1.000
1.000
1.000
1.000
1.000
1.000
1.000
1.000
1.000
1.000
1.000
1.000
1.000
1.000
1.000
1.000
1.000
1.000
1.000
25.990
58.197
53.654
60.395
61.973
74.370
88.024
1.000
1.000
1.000
1.000
1.000
1.000
1.000
1.000
1.000
1.000
1.000
1.000
1.000
1.000
1.000
1.000
1.000
1.000
1.000
1.000
1.000
1.000
1.000
1.000
1.000
1.000
1.000
1.000
1.000
1.000
1.000
1.000
1.000
1.000
1.000
1.000
1.000
1.000
43.102
39.373
44.988
42.855
83.445
91.812
1.000
1.000
1.000
1.000
1.000
1.000
1.000
1.000
1.000
1.000
1.000
1.000
1.000
1.000
1.000
1.000
32.509
54.840
56.977
87.801
89.578
1.000
1.000
1.000
1.000
1.000
1.000
1.000
1.000
1.000
1.000
1.000
1.000
1.000
1.000
1.000
1.000
1.000
1.000
1.000
1.000
1.000
1.000
1.000
1.000
1.000
1.000
1.000
1.000
1.000
1.000
1.000
1.000
1.000
1.000
1.000
1.000
1.000
19.182
19.847
40.579
50.910
68.328
39.219
38.654
1.000
1.000
1.000
1.000
1.000
1.000
1.000
1.000
1.000
1.000
1.000
1.000
1.000
1.000
1.000
1.000
1.000
1.000
1.000
1.000
1.000
1.000
1.000
1.000
1.000
15.772
17.539
26.959
28.602
33.090
62.302
40.917
33.358
44.208
69.470
63.504
60.256
59.525
59.566
82.319
97.185
90.594
78.199
83.176
73.131
84.820
1.000
1.000
1.000
1.000
1.000
1.000
1.000
1.000
1.000
1.000
1.000
1.000
1.000
1.000
1.000
1.000
1.000
1.000
1.000
1.000
1.000
1.000
1.000
1.000
1.000
17.159
18.201
26.977
31.441
33.869
33.052
45.509
36.585
31.311
35.465
52.602
59.211
36.593
43.361
52.626
72.577
93.843
84.781
92.130
83.618
73.080
73.909
79.543
1.000
1.000
1.000
1.000
1.000
1.000
1.000
1.000
1.000
1.000
1.000
1.000
1.000
1.000
1.000
1.000
1.000
1.000
1.000
1.000
1.000
1.000
1.000
25.032
16.726
16.099
19.209
21.473
28.741
29.847
17.088
26.176
25.009
23.233
20.408
21.449
33.420
27.384
24.712
24.814
33.251
26.357
26.424
34.269
22.141
28.054
22.537
22.683
24.261
33.752
31.879
36.543
30.996
40.504
25.960
49.614
27.158
31.528
30.620
20.697
33.736
54.702
29.819
51.345
32.129
62.705
56.273
56.611
26.767
23.036
41.687
41.210
55.578
52.252
23.977
37.265
48.284
54.075
49.659
38.663
51.547
39.274
79.799
52.832
45.677
46.174
38.744
56.964
73.519
41.831
36.821
61.024
72.177
46.602
63.416
37.256
45.994
81.997
61.731
48.574
74.920
77.073
37.205
44.188
41.745
47.534
66.850
61.489
59.883
41.543
84.140
49.363
73.756
48.106
103.443
73.384
89.536
93.390
44.895
74.456
49.317
89.064
67.624
88.125
98.401
79.671
80.057
62.676
56.040
64.476
64.670
69.582
61.291
54.551
58.090
66.283
38.557
57.478
59.238
79.232
83.234
64.003
72.963
48.775
62.951
42.619
46.914
43.033
66.481
52.300
50.408
47.643
53.137
95.148
82.794
60.506
62.130
53.481
57.916
57.903
61.263
66.927
73.468
72.410
78.037
33.955
68.438
56.794
71.252
63.096
85.566
83.560
86.596
60.898
41.735
62.633
47.863
68.659
70.291
62.316
75.509
74.251
42.973
68.818
70.210
76.190
75.823
26.104
68.155
47.984
79.561
71.056
89.187
58.803
50.200
58.452
67.608
64.091
73.198
63.168
95.918
97.029
72.044
48.922
74.148
77.714
60.325
73.943
69.438
58.776
83.792
1.000
91.770
62.864
56.312
76.278
51.677
55.195
55.629
95.675
105.245
1.000
100.600
109.320
109.396
1.000
1.000
1.000
1.000
1.000
1.000
1.000
1.000
1.000
1.000
1.000
1.000
1.000
1.000
1.000
1.000
1.000
1.000
1.000
1.000
1.000
1.000
1.000
1.000
1.000
1.000
1.000
1.000
1.000
1.000
1.000
1.000
1.000
1.000
1.000
1.000
1.000
1.000
1.000
1.000
1.000
1.000
1.000
1.000
1.000
1.000
1.000
1.000
1.000
1.000
1.000
1.000
1.000
1.000
1.000
1.000
1.000
1.000
1.000
1.000
1.000
1.000
1.000
1.000
1.000
1.000
1.000
1.000
1.000
1.000
1.000
1.000
1.000
1.000
1.000
1.000
1.000
1.000
1.000
1.000
1.000
1.000
1.000
1.000
28.093
45.846
1.000
46.462
54.263
1.000
40.225
1.000
20.003
60.898
69.743
1.000
50.443
1.000
50.466
1.000
1.000
1.000
57.876
18.118
42.746
42.993
49.193
60.730
59.635
1.000
1.000
1.000
1.000
1.000
1.000
1.000
1.000
1.000
1.000
1.000
1.000
1.000
1.000
1.000
1.000
1.000
1.000
1.000
1.000
1.000
1.000
1.000
1.000
1.000
1.000
1.000
16.827
19.143
32.048
28.807
23.073
21.883
16.248
16.207
17.080
16.596
16.095
16.185
25.509
16.626
19.103
23.884
27.121
50.687
38.230
31.010
50.396
33.713
31.246
27.855
19.494
29.943
70.681
25.757
37.017
26.092
25.241
26.779
25.858
28.003
19.258
23.747
25.433
46.634
27.372
43.082
49.102
29.275
1.000
1.000
1.000
1.000
1.000
1.000
1.000
1.000
1.000
1.000
1.000
1.000
1.000
1.000
1.000
1.000
1.000
1.000
1.000
1.000
1.000
1.000
1.000
1.000
1.000
1.000
1.000
1.000
1.000
1.000
1.000
1.000
1.000
1.000
1.000
1.000
1.000
1.000
1.000
1.000
1.000
1.000
1.000
1.000
1.000
1.000
1.000
1.000
1.000
1.000
1.000
1.000
1.000
1.000
1.000
1.000
1.000
1.000
1.000
1.000
1.000
1.000
1.000
1.000
1.000
1.000
1.000
1.000
1.000
1.000
1.000
1.000
1.000
1.000
1.000
1.000
1.000
1.000
1.000
1.000
1.000
1.000
1.000
1.000
1.000
1.000
1.000
1.000
1.000
1.000
1.000
1.000
1.000
1.000
1.000
1.000
1.000
1.000
1.000
1.000
1.000
1.000
1.000
1.000
1.000
1.000
1.000
1.000
1.000
1.000
1.000
1.000
1.000
1.000
1.000
1.000
22.356
1.000
1.000
30.353
22.208
18.018
22.331
55.081
39.564
56.925
56.131
75.910
1.000
1.000
1.000
1.000
1.000
1.000
1.000
1.000
1.000
21.281
41.629
42.423
1.000
1.000
23.094
23.747
31.189
36.889
1.000
1.000
66.773
77.875
1.000
1.000
1.000
1.000
1.000
1.000
1.000
1.000
17.227
18.026
27.409
21.385
18.836
20.198
29.080
25.125
39.591
40.013
42.316
38.708
22.861
25.188
29.431
1.000
1.000
1.000
1.000
1.000
1.000
1.000
1.000
1.000
1.000
1.000
1.000
1.000
1.000
1.000
1.000
1.000
1.000
1.000
1.000
1.000
1.000
1.000
1.000
1.000
1.000
1.000
1.000
1.000
1.000
1.000
1.000
1.000
1.000
1.000
1.000
1.000
1.000
1.000
1.000
24.479
18.621
21.607
66.039
70.033
56.585
62.173
49.046
51.868
1.000
1.000
1.000
1.000
1.000
1.000
1.000
1.000
1.000
1.000
1.000
1.000
1.000
1.000
1.000
25.858
27.202
25.223
27.378
53.052
54.689
57.319
62.936
62.965
1.000
1.000
1.000
59.690
1.000
1.000
1.000
1.000
1.000
1.000
1.000
1.000
1.000
1.000
1.000
1.000
1.000
1.000
1.000
1.000
1.000
1.000
1.000
1.000
1.000
1.000
1.000
1.000
1.000
1.000
1.000
1.000
1.000
1.000
1.000
1.000
1.000
1.000
1.000
1.000
1.000
1.000
1.000
1.000
1.000
1.000
1.000
1.000
1.000
1.000
1.000
1.000
1.000
1.000
23.249
41.677
59.924
101.555
97.432
69.920
77.857
74.817
79.433
1.000
1.000
1.000
1.000
1.000
1.000
1.000
1.000
1.000
1.000
1.000
1.000
1.000
1.000
1.000
1.000
1.000
1.000
1.000
1.000
1.000
1.000
1.000
1.000
1.000
1.000
1.000
41.831
52.529
21.943
22.751
33.643
37.222
57.478
62.173
31.769
36.099
49.705
55.783
40.188
41.210
49.716
73.232
47.962
54.588
43.934
50.211
46.979
43.833
40.747
35.506
32.479
69.359
57.056
55.937
40.766
49.591
30.325
1.000
32.471
35.950
1.000
1.000
1.000
1.000
1.000
1.000
1.000
1.000
1.000
1.000
1.000
1.000
1.000
1.000
1.000
1.000
1.000
1.000
1.000
1.000
1.000
1.000
1.000
1.000
1.000
1.000
1.000
1.000
1.000
1.000
1.000
1.000
1.000
1.000
1.000
1.000
1.000
1.000
1.000
1.000
1.000
24.934
27.447
22.172
21.335
30.507
33.994
59.621
60.242
45.551
50.910
38.028
41.850
44.473
68.738
45.804
51.192
45.793
53.666
42.044
53.052
52.012
37.402
27.855
97.904
48.663
44.607
48.540
50.026
34.229
1.000
1.000
1.000
1.000
1.000
1.000
1.000
1.000
1.000
1.000
1.000
1.000
1.000
1.000
1.000
1.000
1.000
1.000
1.000
1.000
1.000
1.000
1.000
1.000
1.000
1.000
1.000
1.000
1.000
1.000
1.000
1.000
1.000
1.000
1.000
1.000
1.000
1.000
1.000
1.000
1.000
1.000
1.000
1.000
1.000
65.403
1.000
63.081
1.000
1.000
1.000
1.000
70.664
1.000
1.000
1.000
1.000
1.000
1.000
1.000
1.000
1.000
1.000
1.000
1.000
1.000
1.000
1.000
1.000
1.000
1.000
1.000
1.000
1.000
1.000
1.000
1.000
1.000
1.000
28.268
30.130
56.014
56.468
47.457
57.082
41.754
1.000
1.000
1.000
1.000
1.000
1.000
1.000
1.000
1.000
1.000
1.000
1.000
1.000
1.000
1.000
1.000
1.000
1.000
1.000
1.000
1.000
1.000
1.000
1.000
1.000
1.000
21.948
43.202
47.195
47.951
61.235
46.720
1.000
1.000
1.000
1.000
1.000
1.000
1.000
1.000
1.000
1.000
1.000
1.000
1.000
1.000
1.000
1.000
1.000
1.000
1.000
1.000
1.000
1.000
1.000
1.000
1.000
1.000
1.000
1.000
1.000
21.908
36.585
29.799
41.677
29.614
28.642
43.152
54.601
36.291
49.522
43.772
45.196
56.846
36.433
42.511
38.380
45.467
72.694
53.003
1.000
1.000
1.000
1.000
1.000
1.000
1.000
1.000
1.000
1.000
1.000
1.000
1.000
1.000
1.000
1.000
1.000
1.000
1.000
1.000
1.000
1.000
1.000
1.000
1.000
1.000
1.000
1.000
1.000
1.000
1.000
1.000
1.000
1.000
1.000
1.000
1.000
17.466
19.643
28.913
32.689
34.316
35.490
47.000
52.614
46.516
51.239
42.668
46.185
55.450
51.475
43.192
52.228
56.846
55.030
80.593
77.268
71.713
49.488
46.634
69.088
45.509
47.479
39.600
1.000
1.000
1.000
1.000
1.000
1.000
1.000
1.000
1.000
1.000
1.000
1.000
1.000
1.000
1.000
1.000
1.000
1.000
1.000
1.000
1.000
1.000
1.000
1.000
1.000
1.000
1.000
1.000
1.000
1.000
1.000
1.000
1.000
1.000
1.000
1.000
1.000
35.156
25.924
17.673
57.504
41.124
45.123
47.054
51.582
42.472
23.292
22.233
53.691
56.221
31.747
27.485
41.077
33.458
36.787
65.796
60.660
40.616
41.115
44.792
42.934
39.301
42.638
30.726
38.089
55.220
56.221
62.936
66.742
66.435
60.117
56.676
47.370
51.868
1.000
1.000
1.000
1.000
1.000
1.000
1.000
1.000
1.000
1.000
1.000
1.000
1.000
1.000
1.000
1.000
1.000
1.000
1.000
1.000
1.000
1.000
1.000
1.000
1.000
1.000
1.000
1.000
1.000
1.000
1.000
1.000
1.000
1.000
1.000
1.000
1.000
1.000
1.000
1.000
1.000
1.000
1.000
1.000
1.000
1.000
1.000
1.000
1.000
1.000
1.000
1.000
1.000
1.000
1.000
1.000
1.000
1.000
1.000
1.000
1.000
1.000
1.000
1.000
1.000
1.000
1.000
1.000
1.000
1.000
1.000
1.000
1.000
1.000
1.000
61.745
59.951
73.401
65.978
73.181
61.376
74.662
58.614
68.155
45.217
56.768
1.000
1.000
1.000
1.000
1.000
1.000
1.000
1.000
1.000
1.000
1.000
16.823
17.571
21.081
22.377
35.719
43.853
37.853
36.906
56.390
53.506
64.744
48.295
49.317
36.847
47.786
52.614
52.432
43.843
44.968
59.320
64.313
49.477
52.565
67.282
59.061
61.334
62.345
67.329
58.439
59.129
52.060
1.000
1.000
1.000
1.000
1.000
1.000
1.000
1.000
1.000
1.000
1.000
1.000
1.000
1.000
1.000
1.000
1.000
1.000
1.000
1.000
1.000
1.000
1.000
1.000
1.000
1.000
1.000
1.000
1.000
1.000
1.000
1.000
1.000
1.000
1.000
1.000
1.000
1.000
1.000
1.000
1.000
1.000
1.000
1.000
1.000
1.000
1.000
1.000
1.000
1.000
1.000
1.000
1.000
1.000
1.000
1.000
1.000
1.000
1.000
1.000
1.000
1.000
1.000
1.000
1.000
1.000
1.000
1.000
1.000
1.000
1.000
1.000
1.000
1.000
1.000
1.000
1.000
51.086
20.994
21.968
43.863
35.539
37.610
51.464
49.969
44.638
48.084
50.582
53.753
51.570
49.159
25.492
25.206
32.999
35.645
63.489
72.028
58.371
62.173
69.263
48.820
55.157
1.000
1.000
1.000
1.000
1.000
1.000
1.000
1.000
1.000
1.000
1.000
1.000
1.000
1.000
1.000
1.000
1.000
1.000
1.000
1.000
1.000
1.000
1.000
1.000
1.000
1.000
1.000
1.000
1.000
1.000
1.000
1.000
1.000
1.000
1.000
1.000
1.000
1.000
1.000
1.000
1.000
1.000
1.000
1.000
1.000
1.000
1.000
1.000
1.000
1.000
1.000
1.000
1.000
1.000
1.000
1.000
1.000
1.000
1.000
1.000
1.000
1.000
1.000
1.000
1.000
1.000
1.000
1.000
1.000
1.000
22.336
25.604
46.634
67.577
72.795
1.000
1.000
1.000
1.000
1.000
1.000
1.000
1.000
1.000
1.000
1.000
1.000
1.000
1.000
1.000
1.000
1.000
1.000
1.000
1.000
22.548
33.381
32.764
28.236
24.094
24.216
25.363
27.778
28.880
29.601
27.536
32.486
27.925
32.122
31.067
32.621
42.687
55.450
42.102
67.127
46.881
49.386
46.644
40.804
51.916
42.746
53.223
54.613
50.921
55.821
51.357
50.176
1.000
1.000
1.000
1.000
1.000
1.000
1.000
1.000
1.000
1.000
1.000
1.000
1.000
1.000
1.000
1.000
1.000
1.000
1.000
1.000
1.000
1.000
1.000
1.000
1.000
1.000
1.000
1.000
1.000
1.000
1.000
1.000
1.000
1.000
1.000
1.000
1.000
1.000
1.000
1.000
1.000
1.000
1.000
1.000
1.000
22.814
22.553
55.144
31.275
31.017
31.456
66.958
92.747
90.949
64.402
70.033
1.000
1.000
1.000
1.000
1.000
1.000
1.000
1.000
1.000
1.000
1.000
1.000
1.000
1.000
1.000
1.000
1.000
1.000
1.000
1.000
1.000
1.000
1.000
1.000
1.000
1.000
1.000
1.000
1.000
1.000
1.000
1.000
1.000
1.000
1.000
1.000
1.000
27.893
28.106
45.625
46.548
61.376
69.422
57.863
58.304
50.408
59.470
1.000
1.000
1.000
1.000
1.000
1.000
1.000
1.000
1.000
1.000
52.626
52.808
59.566
62.273
1.000
1.000
1.000
1.000
1.000
1.000
1.000
1.000
1.000
1.000
1.000
1.000
1.000
45.196
56.689
42.073
40.188
93.454
96.895
1.000
1.000
1.000
1.000
1.000
1.000
1.000
1.000
1.000
1.000
1.000
1.000
18.247
34.610
18.416
22.014
21.563
34.214
17.972
19.643
28.622
25.340
23.195
19.552
20.720
48.462
49.625
50.038
50.338
40.579
44.330
79.177
30.346
37.636
41.058
57.359
64.032
65.630
46.580
43.341
68.281
70.049
50.559
45.061
49.992
30.130
32.923
76.666
67.360
34.498
42.737
1.000
1.000
1.000
1.000
1.000
1.000
1.000
1.000
1.000
1.000
1.000
1.000
1.000
1.000
1.000
1.000
1.000
1.000
1.000
1.000
1.000
1.000
1.000
1.000
1.000
1.000
1.000
1.000
1.000
1.000
1.000
1.000
1.000
1.000
1.000
1.000
1.000
1.000
1.000
1.000
1.000
1.000
1.000
1.000
1.000
1.000
1.000
1.000
1.000
1.000
1.000
1.000
1.000
1.000
1.000
1.000
1.000
1.000
1.000
1.000
1.000
1.000
1.000
1.000
1.000
1.000
1.000
1.000
1.000
1.000
1.000
1.000
1.000
1.000
1.000
1.000
1.000
1.000
1.000
1.000
1.000
1.000
73.232
77.037
1.000
1.000
1.000
24.706
41.229
55.386
65.449
29.512
28.688
27.302
45.196
69.008
36.771
52.699
74.748
73.621
52.578
52.312
51.761
60.702
64.893
56.208
77.875
76.401
73.013
66.435
86.576
85.645
61.973
64.062
74.593
83.100
86.040
89.536
1.000
1.000
65.584
70.194
78.181
1.000
1.000
1.000
1.000
1.000
1.000
1.000
1.000
1.000
1.000
1.000
1.000
1.000
1.000
1.000
1.000
1.000
1.000
1.000
1.000
1.000
1.000
1.000
1.000
1.000
1.000
1.000
1.000
1.000
1.000
1.000
1.000
1.000
1.000
1.000
1.000
1.000
1.000
1.000
1.000
1.000
1.000
1.000
1.000
1.000
1.000
1.000
1.000
1.000
1.000
1.000
1.000
1.000
1.000
1.000
30.528
20.835
21.252
23.351
21.523
20.687
45.635
63.650
73.367
63.592
79.305
83.888
72.477
81.752
83.849
70.909
74.559
55.501
51.606
1.000
1.000
1.000
1.000
1.000
1.000
1.000
1.000
1.000
1.000
1.000
1.000
1.000
1.000
1.000
1.000
1.000
1.000
1.000
1.000
1.000
1.000
1.000
1.000
1.000
1.000
1.000
1.000
1.000
1.000
1.000
1.000
1.000
1.000
1.000
1.000
1.000
1.000
1.000
1.000
1.000
1.000
1.000
1.000
1.000
1.000
1.000
37.532
26.230
22.777
34.348
34.174
51.773
57.030
35.108
19.692
41.106
35.934
25.270
19.679
35.424
72.627
74.508
90.365
16.862
41.957
42.150
19.187
26.687
29.262
35.392
31.347
69.599
68.770
65.509
60.076
39.391
64.432
71.961
62.073
74.029
64.834
91.369
62.546
64.998
65.660
72.194
82.585
89.392
74.955
74.319
78.037
61.066
79.579
90.698
68.865
75.249
77.839
77.965
75.370
68.077
45.677
44.813
62.474
53.839
67.189
61.179
81.190
66.054
62.316
67.360
88.410
92.576
107.969
105.003
83.311
77.446
88.267
93.218
1.000
1.000
1.000
1.000
1.000
1.000
1.000
1.000
1.000
1.000
1.000
1.000
1.000
1.000
1.000
1.000
1.000
1.000
1.000
1.000
1.000
1.000
1.000
1.000
1.000
1.000
1.000
1.000
1.000
1.000
1.000
1.000
1.000
1.000
1.000
1.000
1.000
1.000
1.000
1.000
1.000
1.000
1.000
20.720
20.792
20.258
19.884
21.326
24.395
25.657
29.682
51.428
54.954
31.857
26.915
51.713
39.902
40.151
40.588
23.094
27.740
26.116
27.791
66.773
62.087
33.151
33.343
32.569
49.969
49.831
45.783
47.446
51.737
55.860
60.021
59.525
55.654
59.143
67.999
66.512
67.453
70.307
75.527
97.477
70.129
73.148
75.945
68.093
80.816
86.996
62.359
58.479
72.544
79.013
78.922
81.809
74.490
80.761
75.457
67.097
55.616
59.896
76.825
57.240
65.283
68.312
69.791
76.384
54.475
58.063
77.500
70.664
73.282
87.781
80.835
81.021
83.830
1.000
1.000
1.000
1.000
1.000
1.000
1.000
1.000
1.000
1.000
1.000
1.000
1.000
1.000
1.000
1.000
1.000
1.000
1.000
1.000
1.000
1.000
1.000
1.000
1.000
1.000
1.000
1.000
1.000
1.000
1.000
1.000
1.000
26.224
26.218
43.833
45.258
47.984
56.364
54.225
63.299
1.000
1.000
1.000
1.000
1.000
1.000
1.000
1.000
1.000
1.000
1.000
1.000
1.000
1.000
1.000
1.000
1.000
1.000
1.000
1.000
1.000
1.000
53.481
50.269
68.945
70.843
73.892
88.369
66.481
80.112
47.185
66.711
1.000
1.000
1.000
1.000
1.000
1.000
1.000
1.000
1.000
1.000
1.000
1.000
1.000
1.000
1.000
1.000
75.561
75.631
1.000
1.000
51.820
53.137
81.903
89.207
60.898
64.343
74.834
77.268
1.000
1.000
1.000
1.000
1.000
1.000
1.000
1.000
1.000
1.000
1.000
1.000
1.000
19.788
70.632
68.281
66.911
1.000
1.000
1.000
1.000
1.000
1.000
1.000
1.000
1.000
1.000
1.000
1.000
1.000
1.000
23.073
20.697
32.063
26.558
26.152
28.087
25.445
26.050
25.716
28.184
21.062
56.846
29.087
32.203
40.888
47.359
25.177
28.418
48.473
62.001
23.561
28.734
38.353
25.834
48.195
55.898
49.420
52.905
41.601
44.947
45.804
46.026
63.826
92.066
25.811
53.493
28.960
33.381
35.343
52.918
49.751
63.285
39.866
41.850
1.000
1.000
1.000
1.000
1.000
1.000
1.000
1.000
1.000
1.000
1.000
1.000
1.000
1.000
1.000
1.000
1.000
1.000
1.000
1.000
1.000
1.000
1.000
1.000
1.000
1.000
1.000
1.000
1.000
1.000
1.000
1.000
1.000
1.000
1.000
1.000
1.000
1.000
1.000
1.000
1.000
1.000
1.000
1.000
1.000
1.000
1.000
1.000
1.000
1.000
1.000
1.000
1.000
1.000
1.000
1.000
1.000
1.000
1.000
1.000
1.000
1.000
1.000
1.000
1.000
1.000
1.000
1.000
1.000
1.000
37.549
31.304
32.077
28.288
24.963
27.052
54.338
21.782
26.613
25.462
24.451
31.696
33.551
68.929
27.759
33.955
36.881
48.406
48.641
73.468
56.951
65.524
55.552
51.428
49.477
46.238
43.621
44.463
47.885
70.049
68.061
48.451
54.903
61.518
69.871
76.595
81.264
68.155
68.596
81.452
77.589
67.422
60.576
40.207
53.543
1.000
1.000
1.000
1.000
1.000
1.000
1.000
1.000
1.000
1.000
1.000
1.000
1.000
1.000
1.000
1.000
1.000
1.000
1.000
1.000
1.000
1.000
1.000
1.000
1.000
1.000
1.000
1.000
1.000
1.000
1.000
1.000
1.000
1.000
1.000
1.000
1.000
1.000
1.000
1.000
1.000
1.000
1.000
1.000
1.000
1.000
1.000
1.000
1.000
1.000
1.000
1.000
1.000
1.000
1.000
1.000
1.000
1.000
1.000
1.000
1.000
1.000
1.000
1.000
1.000
1.000
1.000
1.000
1.000
1.000
1.000
68.565
47.054
39.039
42.687
1.000
1.000
1.000
1.000
1.000
1.000
1.000
1.000
1.000
1.000
1.000
1.000
1.000
1.000
31.718
74.422
77.947
1.000
1.000
1.000
1.000
1.000
1.000
1.000
1.000
1.000
1.000
1.000
1.000
1.000
1.000
1.000
1.000
1.000
1.000
1.000
29.553
22.403
71.499
69.743
60.828
59.539
63.183
57.690
1.000
1.000
1.000
1.000
1.000
1.000
1.000
1.000
1.000
1.000
1.000
1.000
1.000
1.000
1.000
1.000
1.000
1.000
1.000
1.000
1.000
20.903
43.132
45.973
44.249
48.551
67.282
75.840
1.000
1.000
1.000
1.000
1.000
1.000
1.000
1.000
1.000
1.000
1.000
1.000
1.000
1.000
1.000
1.000
1.000
1.000
69.454
1.000
1.000
1.000
1.000
1.000
1.000
1.000
1.000
1.000
1.000
1.000
1.000
1.000
1.000
1.000
1.000
1.000
1.000
1.000
1.000
1.000
1.000
1.000
1.000
1.000
1.000
1.000
1.000
1.000
23.944
16.680
54.551
58.318
49.911
53.963
44.096
44.188
1.000
1.000
1.000
1.000
1.000
1.000
1.000
1.000
1.000
1.000
1.000
1.000
1.000
1.000
1.000
1.000
1.000
1.000
1.000
1.000
1.000
1.000
1.000
1.000
1.000
1.000
1.000
1.000
1.000
1.000
1.000
1.000
1.000
1.000
1.000
1.000
1.000
1.000
1.000
1.000
1.000
1.000
1.000
1.000
1.000
1.000
1.000
1.000
1.000
1.000
1.000
1.000
1.000
1.000
1.000
1.000
1.000
1.000
1.000
1.000
1.000
1.000
1.000
1.000
1.000
1.000
1.000
20.082
25.716
21.414
39.893
48.652
55.808
65.043
37.489
35.867
58.210
1.000
1.000
1.000
1.000
1.000
1.000
1.000
1.000
1.000
1.000
1.000
1.000
1.000
1.000
1.000
1.000
1.000
1.000
1.000
1.000
1.000
1.000
1.000
47.918
49.614
1.000
1.000
1.000
1.000
1.000
1.000
1.000
1.000
1.000
1.000
1.000
1.000
1.000
17.096
30.953
31.124
49.785
53.125
52.638
51.263
39.637
41.986
1.000
1.000
1.000
1.000
1.000
1.000
1.000
1.000
1.000
1.000
1.000
1.000
1.000
1.000
1.000
1.000
1.000
1.000
1.000
1.000
1.000
26.681
22.977
34.498
31.835
57.135
64.077
50.061
55.043
49.682
1.000
1.000
1.000
1.000
1.000
1.000
1.000
1.000
1.000
1.000
1.000
1.000
1.000
1.000
1.000
1.000
1.000
1.000
1.000
69.056
64.180
81.828
67.671
68.360
1.000
1.000
1.000
1.000
1.000
1.000
1.000
1.000
1.000
1.000
1.000
1.000
1.000
1.000
1.000
1.000
1.000
1.000
28.642
82.566
70.323
86.736
81.658
75.422
67.298
1.000
1.000
1.000
1.000
1.000
1.000
1.000
1.000
1.000
1.000
1.000
1.000
1.000
1.000
1.000
1.000
1.000
1.000
1.000
1.000
1.000
1.000
1.000
1.000
24.177
26.236
47.984
72.028
27.290
27.836
71.895
77.786
75.232
69.871
70.550
79.873
1.000
1.000
1.000
1.000
1.000
1.000
1.000
1.000
1.000
1.000
1.000
1.000
1.000
1.000
1.000
1.000
1.000
1.000
1.000
1.000
1.000
1.000
1.000
1.000
1.000
1.000
1.000
1.000
1.000
1.000
1.000
1.000
1.000
1.000
1.000
1.000
57.544
55.834
73.384
82.205
60.730
61.306
1.000
1.000
1.000
1.000
1.000
1.000
1.000
1.000
1.000
1.000
1.000
1.000
1.000
1.000
1.000
1.000
1.000
1.000
1.000
1.000
20.109
31.871
28.747
1.000
1.000
1.000
1.000
1.000
1.000
1.000
1.000
1.000
1.000
1.000
1.000
1.000
1.000
1.000
1.000
1.000
1.000
1.000
1.000
1.000
49.136
52.143
1.000
1.000
1.000
1.000
1.000
1.000
1.000
1.000
1.000
1.000
1.000
1.000
1.000
1.000
1.000
1.000
1.000
1.000
1.000
1.000
1.000
1.000
1.000
1.000
1.000
1.000
1.000
1.000
1.000
1.000
1.000
1.000
1.000
1.000
19.539
19.625
25.539
34.269
20.673
25.663
31.754
20.859
20.592
29.703
20.999
22.356
26.146
28.386
35.670
35.629
39.075
57.372
32.344
39.120
46.505
35.909
33.783
32.855
31.630
24.417
29.013
48.854
47.555
55.501
68.628
71.846
30.641
38.646
1.000
1.000
1.000
1.000
1.000
1.000
1.000
1.000
1.000
1.000
1.000
1.000
1.000
1.000
1.000
1.000
1.000
1.000
1.000
1.000
1.000
1.000
1.000
1.000
1.000
1.000
1.000
1.000
1.000
1.000
1.000
1.000
1.000
1.000
1.000
1.000
1.000
1.000
1.000
1.000
1.000
1.000
1.000
1.000
1.000
1.000
1.000
1.000
1.000
1.000
1.000
1.000
1.000
1.000
1.000
1.000
1.000
1.000
1.000
1.000
1.000
1.000
1.000
1.000
1.000
28.662
31.318
57.069
24.305
36.133
40.318
39.012
45.835
37.111
41.831
52.808
35.091
42.482
64.491
59.869
52.228
60.437
39.328
32.546
39.464
1.000
1.000
1.000
1.000
1.000
1.000
1.000
1.000
1.000
1.000
1.000
1.000
26.810
30.733
36.559
34.978
55.667
40.701
45.804
1.000
1.000
1.000
1.000
1.000
1.000
1.000
1.000
1.000
1.000
1.000
1.000
1.000
1.000
1.000
1.000
1.000
1.000
1.000
55.360
24.339
27.365
25.404
23.845
30.981
31.038
29.526
33.729
24.615
26.369
30.535
30.262
64.834
74.029
66.237
71.466
43.043
44.432
46.989
57.174
41.687
49.295
51.168
60.021
39.382
49.534
57.108
52.942
58.587
47.995
59.607
73.266
58.790
66.405
48.865
54.051
52.083
64.491
95.719
92.897
51.868
82.756
55.629
58.210
43.241
1.000
1.000
37.359
1.000
1.000
1.000
1.000
1.000
1.000
1.000
1.000
1.000
1.000
1.000
1.000
1.000
1.000
1.000
1.000
1.000
1.000
1.000
1.000
1.000
1.000
1.000
1.000
1.000
1.000
1.000
1.000
1.000
1.000
1.000
1.000
1.000
1.000
1.000
1.000
1.000
1.000
1.000
1.000
1.000
1.000
1.000
1.000
49.900
50.910
1.000
1.000
1.000
1.000
1.000
1.000
1.000
1.000
1.000
1.000
1.000
1.000
1.000
1.000
1.000
1.000
1.000
1.000
1.000
1.000
1.000
1.000
1.000
1.000
1.000
1.000
1.000
1.000
1.000
20.735
32.322
34.002
27.221
25.148
35.851
40.888
47.501
50.617
30.374
36.008
63.431
79.561
54.689
1.000
1.000
1.000
1.000
1.000
1.000
1.000
1.000
1.000
1.000
1.000
1.000
1.000
1.000
1.000
1.000
1.000
1.000
1.000
1.000
1.000
1.000
1.000
1.000
1.000
1.000
1.000
1.000
1.000
1.000
1.000
1.000
1.000
1.000
1.000
1.000
1.000
1.000
1.000
1.000
1.000
1.000
1.000
1.000
1.000
61.518
21.943
24.900
26.418
40.898
43.652
52.216
64.018
42.063
43.172
39.409
45.941
1.000
1.000
1.000
1.000
1.000
1.000
1.000
1.000
1.000
1.000
1.000
1.000
1.000
1.000
1.000
1.000
1.000
1.000
1.000
1.000
1.000
1.000
1.000
1.000
1.000
56.156
69.695
48.339
59.143
66.191
1.000
1.000
1.000
1.000
1.000
1.000
1.000
1.000
1.000
1.000
1.000
1.000
1.000
1.000
1.000
1.000
1.000
1.000
1.000
1.000
1.000
51.357
55.757
49.911
55.412
56.585
63.096
77.411
58.358
72.661
66.558
66.374
1.000
1.000
1.000
1.000
1.000
1.000
1.000
1.000
1.000
1.000
1.000
1.000
1.000
1.000
1.000
1.000
1.000
1.000
1.000
1.000
1.000
1.000
1.000
1.000
1.000
1.000
52.930
65.736
61.816
1.000
1.000
1.000
1.000
1.000
1.000
1.000
1.000
1.000
1.000
1.000
1.000
1.000
1.000
1.000
1.000
60.730
68.881
80.186
88.593
1.000
1.000
1.000
1.000
1.000
1.000
1.000
1.000
1.000
1.000
1.000
18.101
21.062
35.180
22.730
28.236
44.968
29.943
35.967
34.214
35.851
48.686
47.731
46.871
39.292
52.252
58.479
81.227
92.300
65.449
73.131
88.389
67.842
67.375
72.761
66.927
74.731
78.253
68.281
76.895
76.261
77.893
74.405
79.616
74.234
98.084
79.141
91.306
95.565
77.037
70.648
55.463
73.266
77.375
68.171
61.887
67.733
95.962
99.152
75.422
67.717
70.827
69.888
58.277
75.007
77.768
78.181
54.626
68.202
63.738
62.676
1.000
1.000
1.000
1.000
1.000
1.000
1.000
1.000
1.000
1.000
1.000
1.000
1.000
1.000
1.000
1.000
1.000
1.000
1.000
1.000
1.000
1.000
1.000
1.000
1.000
1.000
1.000
1.000
1.000
1.000
1.000
1.000
1.000
1.000
1.000
1.000
1.000
1.000
1.000
1.000
1.000
1.000
1.000
20.012
20.559
25.739
16.676
23.588
23.496
43.222
28.366
24.638
25.217
29.847
30.325
26.607
26.333
30.889
26.872
34.316
23.670
25.823
34.978
41.553
54.038
30.040
41.976
24.216
29.999
29.682
25.556
30.683
35.992
43.301
49.499
61.475
49.125
55.950
56.494
44.607
43.261
35.843
43.561
36.974
51.928
54.213
54.651
54.689
55.322
38.583
37.644
63.168
38.133
40.272
76.948
75.701
1.000
1.000
1.000
1.000
1.000
1.000
1.000
1.000
1.000
1.000
1.000
1.000
1.000
1.000
1.000
1.000
1.000
1.000
1.000
1.000
1.000
1.000
1.000
1.000
1.000
1.000
1.000
1.000
1.000
1.000
1.000
1.000
1.000
1.000
1.000
1.000
1.000
1.000
1.000
1.000
1.000
1.000
1.000
1.000
1.000
1.000
1.000
1.000
1.000
1.000
1.000
1.000
1.000
1.000
1.000
1.000
1.000
1.000
1.000
1.000
1.000
1.000
1.000
1.000
1.000
1.000
1.000
1.000
1.000
1.000
1.000
1.000
1.000
1.000
1.000
1.000
1.000
1.000
1.000
1.000
1.000
1.000
1.000
1.000
1.000
1.000
1.000
1.000
1.000
1.000
1.000
1.000
1.000
21.375
1.000
1.000
1.000
1.000
1.000
1.000
1.000
1.000
1.000
1.000
1.000
51.737
1.000
1.000
1.000
1.000
1.000
1.000
1.000
1.000
1.000
1.000
1.000
1.000
1.000
1.000
1.000
1.000
1.000
1.000
1.000
1.000
1.000
1.000
1.000
1.000
1.000
1.000
1.000
1.000
1.000
1.000
33.838
1.000
1.000
1.000
1.000
1.000
1.000
1.000
1.000
1.000
1.000
1.000
1.000
1.000
1.000
1.000
1.000
1.000
1.000
1.000
49.522
47.940
51.487
51.263
1.000
1.000
1.000
1.000
1.000
1.000
1.000
1.000
1.000
1.000
1.000
1.000
1.000
1.000
1.000
1.000
1.000
1.000
1.000
26.080
26.418
26.044
28.536
45.092
39.491
68.691
1.000
1.000
1.000
1.000
1.000
1.000
1.000
1.000
1.000
1.000
1.000
1.000
1.000
1.000
1.000
1.000
1.000
1.000
1.000
1.000
1.000
1.000
1.000
1.000
1.000
1.000
1.000
1.000
1.000
1.000
1.000
1.000
1.000
1.000
1.000
1.000
1.000
37.402
32.591
1.000
1.000
1.000
1.000
1.000
1.000
1.000
1.000
1.000
1.000
1.000
1.000
1.000
1.000
1.000
1.000
1.000
1.000
1.000
1.000
1.000
1.000
1.000
1.000
33.986
34.538
33.682
37.897
57.016
56.468
70.000
67.531
75.162
1.000
1.000
1.000
1.000
1.000
1.000
1.000
1.000
1.000
1.000
1.000
1.000
1.000
1.000
1.000
1.000
1.000
1.000
1.000
1.000
1.000
1.000
1.000
1.000
1.000
1.000
1.000
1.000
1.000
1.000
1.000
1.000
1.000
1.000
1.000
1.000
30.818
37.316
41.831
46.026
37.844
42.619
55.437
34.033
31.813
34.427
30.040
37.119
1.000
1.000
1.000
1.000
1.000
1.000
1.000
1.000
1.000
1.000
1.000
1.000
1.000
1.000
1.000
1.000
1.000
1.000
1.000
1.000
1.000
1.000
1.000
1.000
1.000
1.000
1.000
1.000
1.000
1.000
1.000
1.000
1.000
1.000
1.000
1.000
1.000
1.000
1.000
1.000
1.000
1.000
1.000
1.000
1.000
23.768
29.343
30.102
25.906
41.162
35.900
32.915
58.291
30.486
65.013
67.097
38.672
81.790
24.462
46.206
48.451
28.615
33.760
59.375
53.199
45.930
61.404
51.856
26.829
40.926
58.790
48.529
67.983
35.473
37.489
40.004
71.072
90.970
41.049
41.343
78.977
70.974
53.493
60.982
21.272
76.068
69.550
70.049
80.891
68.391
72.828
77.518
75.980
90.240
91.854
71.763
75.162
49.159
59.553
67.236
84.314
56.286
48.562
55.246
56.131
78.019
79.177
74.559
59.429
65.524
68.391
79.855
81.414
87.317
64.491
78.037
73.519
46.302
53.740
98.265
1.000
1.000
68.929
76.173
1.000
81.771
82.718
1.000
1.000
91.981
89.310
1.000
1.000
1.000
1.000
1.000
1.000
1.000
1.000
1.000
1.000
1.000
1.000
1.000
1.000
1.000
1.000
1.000
1.000
1.000
1.000
1.000
1.000
1.000
1.000
1.000
1.000
1.000
1.000
1.000
1.000
1.000
1.000
1.000
1.000
1.000
1.000
1.000
1.000
1.000
1.000
1.000
1.000
1.000
1.000
1.000
1.000
1.000
1.000
1.000
1.000
1.000
1.000
1.000
1.000
1.000
1.000
1.000
1.000
1.000
1.000
1.000
1.000
1.000
1.000
1.000
1.000
1.000
1.000
1.000
1.000
1.000
1.000
1.000
1.000
1.000
1.000
1.000
1.000
1.000
1.000
1.000
1.000
1.000
1.000
1.000
1.000
1.000
1.000
1.000
1.000
1.000
1.000
1.000
1.000
1.000
1.000
1.000
1.000
1.000
1.000
1.000
1.000
1.000
1.000
1.000
1.000
1.000
1.000
1.000
1.000
1.000
1.000
1.000
1.000
1.000
1.000
1.000
1.000
1.000
1.000
1.000
1.000
1.000
1.000
1.000
1.000
1.000
1.000
1.000
1.000
1.000
1.000
1.000
1.000
1.000
1.000
1.000
1.000
1.000
1.000
1.000
1.000
1.000
1.000
1.000
1.000
23.211
65.103
58.439
66.298
35.637
33.963
40.907
42.825
71.812
68.533
70.372
1.000
1.000
1.000
1.000
1.000
1.000
1.000
1.000
1.000
1.000
1.000
1.000
1.000
1.000
1.000
1.000
1.000
56.846
1.000
1.000
1.000
1.000
1.000
1.000
1.000
1.000
1.000
1.000
1.000
1.000
1.000
1.000
1.000
1.000
1.000
1.000
1.000
1.000
1.000
83.234
91.264
1.000
1.000
1.000
1.000
1.000
1.000
1.000
1.000
1.000
1.000
1.000
1.000
1.000
1.000
1.000
1.000
1.000
1.000
1.000
1.000
1.000
1.000
1.000
1.000
1.000
1.000
1.000
1.000
1.000
1.000
1.000
1.000
1.000
1.000
1.000
1.000
1.000
1.000
1.000
1.000
1.000
1.000
23.313
19.306
55.119
52.036
72.494
60.898
56.938
52.772
56.546
60.395
63.009
66.283
67.811
60.159
60.311
37.094
34.491
1.000
1.000
1.000
1.000
1.000
1.000
1.000
1.000
1.000
1.000
1.000
1.000
1.000
1.000
1.000
1.000
1.000
1.000
1.000
1.000
1.000
1.000
1.000
1.000
1.000
1.000
1.000
1.000
1.000
1.000
1.000
1.000
1.000
1.000
1.000
1.000
1.000
1.000
1.000
1.000
1.000
1.000
1.000
1.000
24.395
30.075
60.799
66.619
56.182
61.603
69.518
59.772
54.639
60.828
64.699
55.963
51.015
69.056
81.246
40.870
44.802
1.000
1.000
1.000
1.000
1.000
1.000
1.000
1.000
1.000
1.000
1.000
1.000
1.000
1.000
1.000
1.000
1.000
1.000
1.000
1.000
1.000
1.000
1.000
1.000
1.000
1.000
1.000
1.000
1.000
22.111
22.182
58.735
67.999
70.194
83.483
86.377
81.264
83.004
71.862
75.457
72.310
82.737
60.173
60.506
34.166
31.572
1.000
1.000
1.000
1.000
1.000
1.000
1.000
1.000
1.000
1.000
1.000
1.000
1.000
1.000
1.000
1.000
1.000
1.000
1.000
1.000
1.000
1.000
1.000
1.000
1.000
1.000
1.000
1.000
1.000
1.000
1.000
1.000
1.000
1.000
1.000
1.000
1.000
1.000
1.000
1.000
1.000
1.000
1.000
1.000
1.000
29.268
22.882
29.127
55.898
58.925
75.527
69.151
67.282
67.858
67.127
57.108
62.647
64.759
75.963
64.091
64.224
1.000
1.000
1.000
1.000
1.000
1.000
1.000
1.000
1.000
1.000
1.000
1.000
1.000
1.000
1.000
1.000
1.000
1.000
1.000
1.000
1.000
1.000
1.000
1.000
1.000
1.000
1.000
1.000
1.000
1.000
1.000
1.000
1.000
1.000
1.000
1.000
1.000
1.000
1.000
1.000
1.000
1.000
1.000
1.000
1.000
1.000
25.096
30.718
29.737
60.104
61.362
66.958
77.893
71.367
72.327
78.723
56.585
63.606
80.816
88.430
1.000
1.000
1.000
1.000
1.000
1.000
1.000
1.000
1.000
1.000
1.000
1.000
1.000
1.000
1.000
1.000
1.000
1.000
1.000
1.000
1.000
1.000
1.000
1.000
1.000
1.000
1.000
1.000
1.000
1.000
1.000
1.000
1.000
1.000
1.000
1.000
1.000
1.000
1.000
1.000
1.000
1.000
1.000
1.000
1.000
1.000
1.000
24.621
25.044
25.486
50.211
80.854
70.243
69.470
68.140
70.925
72.111
76.033
57.148
63.445
73.978
72.963
1.000
1.000
1.000
1.000
1.000
1.000
1.000
1.000
1.000
1.000
1.000
1.000
1.000
1.000
1.000
1.000
1.000
1.000
1.000
1.000
1.000
1.000
1.000
1.000
1.000
1.000
1.000
1.000
1.000
1.000
1.000
1.000
1.000
1.000
1.000
1.000
1.000
1.000
1.000
1.000
1.000
1.000
1.000
1.000
1.000
1.000
1.000
1.000
1.000
1.000
1.000
1.000
1.000
1.000
28.973
30.402
29.936
28.314
59.129
61.362
61.433
61.574
83.637
76.878
64.432
63.900
57.030
61.574
38.646
36.258
1.000
1.000
1.000
1.000
1.000
1.000
1.000
1.000
1.000
1.000
1.000
1.000
1.000
1.000
1.000
1.000
1.000
1.000
1.000
1.000
1.000
1.000
1.000
1.000
1.000
1.000
1.000
1.000
1.000
1.000
1.000
1.000
1.000
1.000
1.000
1.000
1.000
1.000
1.000
1.000
1.000
1.000
1.000
1.000
1.000
1.000
1.000
1.000
1.000
1.000
1.000
1.000
20.682
22.667
54.689
61.645
53.518
64.476
50.699
60.451
1.000
1.000
1.000
1.000
1.000
1.000
1.000
1.000
1.000
1.000
1.000
1.000
1.000
1.000
1.000
1.000
1.000
1.000
1.000
1.000
1.000
1.000
1.000
1.000
1.000
1.000
1.000
1.000
1.000
1.000
1.000
1.000
1.000
1.000
1.000
1.000
46.345
41.918
55.821
58.925
57.174
71.367
69.984
74.765
55.463
62.373
58.063
53.420
1.000
1.000
1.000
1.000
1.000
1.000
1.000
1.000
1.000
1.000
1.000
1.000
1.000
1.000
1.000
1.000
23.243
22.202
24.255
34.348
36.216
41.841
47.413
50.338
54.363
47.632
59.361
51.713
61.376
35.604
43.581
41.976
49.659
60.604
62.087
1.000
1.000
1.000
1.000
1.000
1.000
1.000
1.000
1.000
1.000
1.000
1.000
1.000
1.000
1.000
1.000
1.000
1.000
1.000
1.000
1.000
1.000
1.000
1.000
1.000
1.000
1.000
1.000
1.000
1.000
1.000
1.000
1.000
1.000
1.000
1.000
1.000
28.477
27.227
38.072
48.250
42.825
66.222
93.111
88.941
57.253
71.170
66.788
1.000
75.788
80.427
1.000
1.000
1.000
1.000
1.000
1.000
1.000
1.000
1.000
1.000
1.000
1.000
1.000
1.000
1.000
1.000
1.000
1.000
1.000
1.000
1.000
1.000
1.000
1.000
1.000
1.000
1.000
1.000
1.000
1.000
1.000
1.000
1.000
14.035
27.064
24.249
40.318
44.422
23.812
22.709
43.441
44.545
41.219
31.783
29.390
29.316
36.568
61.816
65.178
41.219
53.407
58.090
45.646
45.123
66.958
67.795
80.316
77.268
59.347
53.260
49.023
45.709
71.812
71.532
52.396
56.195
47.676
48.484
65.539
69.040
1.000
1.000
1.000
1.000
1.000
1.000
1.000
1.000
1.000
1.000
1.000
1.000
1.000
1.000
1.000
1.000
1.000
1.000
1.000
1.000
1.000
1.000
1.000
1.000
1.000
1.000
1.000
1.000
1.000
1.000
1.000
1.000
1.000
1.000
1.000
1.000
1.000
1.000
1.000
1.000
1.000
1.000
1.000
1.000
1.000
1.000
1.000
1.000
1.000
1.000
1.000
1.000
1.000
1.000
1.000
1.000
1.000
1.000
1.000
1.000
1.000
1.000
1.000
1.000
1.000
1.000
1.000
1.000
1.000
1.000
1.000
1.000
1.000
1.000
1.000
1.000
1.000
1.000
1.000
30.102
22.678
23.757
22.579
24.803
44.689
50.396
46.494
46.644
40.031
36.889
39.147
41.248
27.346
44.015
52.107
61.024
47.698
33.908
45.909
45.677
41.096
46.838
63.445
49.992
50.142
39.719
1.000
1.000
1.000
1.000
1.000
1.000
1.000
1.000
1.000
1.000
1.000
1.000
1.000
1.000
1.000
1.000
1.000
1.000
1.000
1.000
1.000
1.000
1.000
1.000
1.000
1.000
1.000
1.000
1.000
1.000
1.000
59.883
72.044
82.262
86.656
80.947
85.743
77.108
78.019
1.000
1.000
1.000
1.000
1.000
1.000
1.000
1.000
1.000
1.000
1.000
1.000
1.000
1.000
1.000
1.000
1.000
1.000
1.000
1.000
1.000
1.000
1.000
1.000
1.000
1.000
1.000
1.000
1.000
1.000
1.000
1.000
1.000
24.121
27.848
41.976
25.823
24.621
55.629
29.127
31.718
49.579
49.431
60.520
44.968
47.973
37.827
55.246
55.744
60.367
61.404
62.144
40.860
45.962
44.514
1.000
1.000
1.000
1.000
1.000
1.000
1.000
1.000
1.000
1.000
1.000
1.000
1.000
1.000
1.000
1.000
1.000
1.000
1.000
1.000
1.000
1.000
1.000
1.000
1.000
1.000
1.000
1.000
1.000
1.000
1.000
1.000
1.000
1.000
1.000
1.000
1.000
1.000
17.985
18.001
19.674
33.497
26.230
39.237
20.272
24.389
34.650
33.220
47.185
49.534
38.913
40.644
42.209
50.524
56.182
49.283
1.000
1.000
1.000
1.000
1.000
1.000
1.000
1.000
1.000
1.000
1.000
1.000
1.000
1.000
1.000
1.000
1.000
1.000
1.000
1.000
1.000
1.000
1.000
1.000
1.000
1.000
1.000
1.000
1.000
1.000
1.000
1.000
1.000
1.000
1.000
1.000
1.000
1.000
1.000
1.000
1.000
1.000
1.000
1.000
1.000
1.000
1.000
1.000
1.000
1.000
1.000
1.000
1.000
1.000
1.000
1.000
1.000
1.000
1.000
1.000
1.000
1.000
1.000
44.771
52.083
90.178
88.166
93.025
91.285
1.000
1.000
1.000
1.000
1.000
1.000
1.000
1.000
1.000
1.000
1.000
1.000
23.388
72.310
86.756
49.843
60.492
77.393
66.252
1.000
1.000
1.000
1.000
1.000
1.000
1.000
1.000
1.000
1.000
1.000
1.000
1.000
1.000
1.000
1.000
1.000
1.000
1.000
1.000
1.000
78.397
79.598
67.112
70.243
59.088
62.748
1.000
1.000
1.000
1.000
1.000
1.000
1.000
1.000
1.000
1.000
1.000
1.000
1.000
1.000
1.000
31.630
69.343
73.451
45.144
47.654
73.401
72.929
1.000
1.000
1.000
1.000
1.000
1.000
1.000
1.000
1.000
1.000
1.000
1.000
1.000
1.000
1.000
1.000
1.000
1.000
1.000
1.000
22.888
84.684
85.369
65.479
58.358
64.254
74.628
78.469
1.000
1.000
1.000
1.000
1.000
1.000
1.000
1.000
1.000
1.000
1.000
1.000
1.000
1.000
1.000
1.000
1.000
24.378
69.056
73.858
41.505
70.941
78.977
65.736
74.388
1.000
1.000
1.000
1.000
1.000
1.000
1.000
1.000
1.000
1.000
1.000
1.000
1.000
1.000
1.000
1.000
56.273
1.000
1.000
1.000
1.000
60.954
62.705
62.144
59.170
69.888
70.550
79.214
71.995
1.000
1.000
1.000
1.000
1.000
1.000
1.000
1.000
1.000
1.000
1.000
1.000
1.000
1.000
1.000
1.000
1.000
1.000
1.000
1.000
1.000
1.000
1.000
1.000
1.000
1.000
1.000
1.000
1.000
1.000
27.720
25.351
26.176
54.188
57.903
63.329
62.474
65.524
73.299
60.117
61.010
61.179
58.966
1.000
1.000
1.000
1.000
1.000
1.000
1.000
1.000
1.000
1.000
1.000
1.000
1.000
1.000
1.000
1.000
1.000
1.000
1.000
1.000
1.000
1.000
1.000
1.000
1.000
1.000
1.000
1.000
1.000
1.000
1.000
1.000
1.000
1.000
1.000
1.000
1.000
1.000
1.000
1.000
1.000
1.000
1.000
1.000
1.000
1.000
1.000
1.000
1.000
1.000
1.000
1.000
1.000
1.000
1.000
1.000
1.000
28.781
32.644
24.729
29.806
29.628
33.289
56.002
61.489
36.745
38.388
52.918
62.001
45.625
48.641
1.000
1.000
1.000
1.000
1.000
1.000
1.000
1.000
1.000
1.000
1.000
1.000
58.830
58.803
47.250
77.339
87.237
56.169
60.716
64.863
72.627
64.536
59.704
66.788
73.502
66.543
77.965
1.000
1.000
71.978
73.080
1.000
1.000
1.000
1.000
1.000
1.000
1.000
1.000
1.000
1.000
1.000
1.000
1.000
1.000
1.000
1.000
1.000
1.000
1.000
1.000
1.000
1.000
1.000
1.000
1.000
1.000
1.000
1.000
22.657
26.455
70.762
82.928
56.990
84.411
88.328
1.000
1.000
1.000
1.000
1.000
1.000
1.000
1.000
1.000
1.000
1.000
1.000
1.000
1.000
25.217
28.800
56.585
50.385
54.739
55.373
67.811
69.534
70.243
79.433
61.447
67.158
67.562
66.973
72.979
49.877
63.680
52.541
61.702
62.965
76.771
78.632
86.040
77.002
1.000
1.000
63.724
1.000
1.000
1.000
1.000
1.000
1.000
1.000
1.000
1.000
1.000
1.000
1.000
1.000
1.000
1.000
1.000
1.000
1.000
1.000
1.000
1.000
1.000
1.000
1.000
1.000
1.000
1.000
1.000
84.781
77.215
76.842
73.722
65.238
71.499
76.454
1.000
1.000
1.000
1.000
1.000
1.000
1.000
1.000
1.000
1.000
1.000
1.000
1.000
1.000
1.000
1.000
1.000
1.000
1.000
1.000
1.000
1.000
1.000
1.000
1.000
1.000
21.548
21.272
88.593
88.024
68.976
77.678
1.000
1.000
1.000
1.000
1.000
1.000
1.000
1.000
1.000
1.000
1.000
1.000
32.486
35.124
46.827
55.629
60.409
78.596
55.271
56.872
45.520
1.000
1.000
1.000
1.000
1.000
1.000
1.000
1.000
1.000
1.000
1.000
1.000
1.000
1.000
1.000
1.000
1.000
1.000
1.000
1.000
1.000
1.000
1.000
1.000
1.000
1.000
1.000
1.000
1.000
1.000
1.000
1.000
1.000
1.000
1.000
28.754
28.418
52.445
49.215
51.677
56.169
79.195
61.731
59.115
1.000
1.000
1.000
1.000
1.000
1.000
1.000
1.000
1.000
1.000
1.000
1.000
1.000
1.000
1.000
1.000
1.000
1.000
1.000
1.000
1.000
1.000
1.000
1.000
1.000
1.000
1.000
21.968
24.266
34.802
34.778
49.170
69.984
46.057
49.340
57.122
65.857
49.477
47.577
63.052
69.904
45.509
55.335
46.259
58.722
45.751
59.662
45.051
55.552
32.825
39.847
1.000
1.000
1.000
1.000
1.000
1.000
1.000
1.000
1.000
1.000
1.000
1.000
1.000
1.000
1.000
1.000
1.000
1.000
1.000
1.000
1.000
1.000
1.000
1.000
1.000
1.000
1.000
1.000
1.000
1.000
1.000
1.000
31.246
26.693
25.722
20.831
24.255
24.649
26.122
45.983
34.666
39.948
61.362
55.271
74.114
70.615
57.730
55.195
53.864
55.233
71.532
64.640
67.827
79.268
84.314
75.945
75.893
64.150
72.094
78.073
56.182
54.100
69.871
61.348
74.593
57.398
74.388
68.360
1.000
1.000
74.439
79.086
75.076
78.181
76.630
1.000
1.000
55.911
59.814
1.000
1.000
1.000
1.000
1.000
1.000
1.000
1.000
1.000
1.000
1.000
1.000
1.000
1.000
1.000
1.000
1.000
1.000
1.000
1.000
1.000
1.000
1.000
1.000
1.000
1.000
1.000
1.000
1.000
1.000
1.000
1.000
1.000
1.000
1.000
1.000
1.000
1.000
1.000
1.000
1.000
1.000
1.000
1.000
1.000
1.000
1.000
1.000
1.000
1.000
1.000
1.000
1.000
1.000
1.000
27.283
25.781
23.513
24.094
60.856
67.686
84.586
84.295
43.431
51.286
51.050
60.799
45.363
42.717
1.000
1.000
1.000
1.000
1.000
1.000
1.000
1.000
37.818
67.842
65.933
1.000
1.000
1.000
1.000
1.000
1.000
1.000
1.000
1.000
1.000
1.000
1.000
1.000
1.000
52.979
55.106
1.000
1.000
1.000
1.000
1.000
1.000
1.000
1.000
1.000
1.000
1.000
1.000
1.000
1.000
1.000
1.000
1.000
49.477
55.937
1.000
1.000
1.000
1.000
1.000
1.000
1.000
1.000
1.000
1.000
1.000
1.000
1.000
1.000
1.000
1.000
48.384
47.566
73.689
70.388
1.000
1.000
1.000
1.000
1.000
1.000
1.000
1.000
1.000
1.000
1.000
1.000
1.000
1.000
27.359
26.718
1.000
1.000
1.000
1.000
1.000
1.000
1.000
1.000
1.000
1.000
1.000
1.000
1.000
1.000
1.000
1.000
1.000
1.000
1.000
51.880
1.000
1.000
1.000
1.000
1.000
1.000
1.000
1.000
1.000
1.000
1.000
1.000
1.000
1.000
1.000
1.000
1.000
1.000
1.000
1.000
1.000
1.000
1.000
1.000
1.000
1.000
1.000
1.000
1.000
1.000
1.000
34.427
35.834
28.353
28.347
22.720
28.113
29.833
27.657
30.903
25.328
31.232
27.409
24.485
25.793
35.514
40.420
56.964
52.348
74.422
47.011
53.753
52.071
42.668
50.130
41.620
47.621
48.686
48.719
57.597
49.170
52.991
1.000
1.000
1.000
1.000
1.000
1.000
1.000
1.000
1.000
1.000
1.000
1.000
1.000
1.000
1.000
1.000
1.000
1.000
1.000
1.000
1.000
1.000
1.000
1.000
1.000
1.000
1.000
1.000
1.000
1.000
1.000
1.000
1.000
1.000
1.000
1.000
1.000
1.000
1.000
1.000
1.000
1.000
1.000
1.000
1.000
1.000
36.847
22.034
31.557
29.560
29.567
22.683
25.119
23.779
42.737
67.081
33.566
35.383
50.246
55.719
47.109
23.491
43.112
47.054
31.117
47.261
45.196
47.896
55.017
42.550
45.962
34.064
38.362
45.113
51.404
56.390
44.555
1.000
1.000
41.333
58.506
1.000
1.000
1.000
1.000
1.000
1.000
1.000
1.000
1.000
1.000
1.000
1.000
1.000
1.000
1.000
1.000
1.000
1.000
1.000
1.000
1.000
1.000
1.000
1.000
1.000
1.000
1.000
1.000
1.000
1.000
1.000
1.000
1.000
1.000
1.000
1.000
1.000
1.000
1.000
1.000
1.000
1.000
1.000
1.000
1.000
1.000
1.000
1.000
1.000
1.000
1.000
1.000
1.000
1.000
1.000
1.000
1.000
1.000
1.000
22.861
22.646
22.589
22.254
21.508
22.956
23.099
24.199
32.651
25.107
23.736
27.804
22.678
41.505
37.454
38.380
35.604
33.643
33.736
23.845
45.751
36.475
31.326
34.253
29.909
34.308
47.929
56.846
28.807
37.060
61.165
62.936
63.460
64.998
1.000
1.000
27.964
1.000
1.000
1.000
1.000
1.000
1.000
1.000
1.000
1.000
1.000
1.000
1.000
1.000
1.000
1.000
1.000
1.000
1.000
1.000
1.000
1.000
1.000
1.000
1.000
1.000
1.000
1.000
1.000
1.000
1.000
1.000
1.000
1.000
1.000
1.000
1.000
1.000
1.000
1.000
1.000
1.000
1.000
1.000
1.000
1.000
1.000
1.000
1.000
1.000
1.000
1.000
1.000
1.000
1.000
1.000
1.000
1.000
1.000
1.000
1.000
1.000
1.000
1.000
1.000
1.000
1.000
30.662
32.464
35.221
36.366
62.417
63.125
60.090
62.604
61.830
62.517
1.000
1.000
1.000
1.000
1.000
1.000
1.000
1.000
1.000
1.000
33.473
35.351
49.705
56.951
57.517
59.102
62.676
75.544
59.649
54.903
1.000
1.000
1.000
1.000
1.000
1.000
1.000
1.000
1.000
1.000
31.117
30.109
31.557
35.108
60.842
71.089
63.959
65.796
64.506
61.461
1.000
1.000
1.000
1.000
1.000
1.000
1.000
1.000
1.000
1.000
20.147
19.404
45.772
47.065
66.543
66.650
1.000
1.000
1.000
1.000
1.000
1.000
1.000
1.000
1.000
1.000
1.000
1.000
1.000
1.000
1.000
1.000
1.000
1.000
1.000
1.000
1.000
1.000
1.000
1.000
17.685
25.416
65.766
74.765
50.933
56.781
54.188
43.481
33.144
34.033
60.758
83.253
61.560
63.110
53.815
100.277
59.580
74.012
49.591
65.028
80.705
82.130
70.534
73.131
71.236
73.655
1.000
1.000
1.000
1.000
1.000
1.000
1.000
1.000
1.000
1.000
1.000
1.000
1.000
1.000
1.000
1.000
1.000
1.000
1.000
1.000
1.000
1.000
1.000
1.000
1.000
1.000
1.000
1.000
1.000
1.000
1.000
1.000
1.000
1.000
1.000
1.000
1.000
1.000
1.000
1.000
1.000
1.000
1.000
1.000
1.000
1.000
1.000
1.000
56.807
53.555
58.546
66.589
94.254
100.254
1.000
1.000
1.000
1.000
1.000
1.000
1.000
1.000
1.000
1.000
1.000
1.000
1.000
1.000
1.000
1.000
52.180
54.765
1.000
1.000
1.000
1.000
1.000
1.000
1.000
1.000
1.000
1.000
1.000
1.000
1.000
1.000
1.000
1.000
1.000
1.000
1.000
1.000
1.000
1.000
1.000
1.000
1.000
1.000
1.000
1.000
1.000
1.000
1.000
1.000
36.652
37.034
105.682
1.000
1.000
1.000
1.000
1.000
1.000
1.000
1.000
1.000
1.000
1.000
1.000
1.000
1.000
52.119
49.694
45.384
47.555
90.344
88.328
1.000
1.000
1.000
1.000
1.000
1.000
1.000
1.000
1.000
1.000
1.000
1.000
1.000
1.000
1.000
1.000
29.737
30.811
70.486
76.155
99.724
94.450
1.000
1.000
1.000
1.000
1.000
1.000
1.000
1.000
1.000
1.000
1.000
1.000
1.000
1.000
1.000
1.000
45.562
40.105
61.461
67.889
93.154
96.339
1.000
1.000
1.000
1.000
1.000
1.000
1.000
1.000
1.000
1.000
1.000
1.000
1.000
1.000
1.000
1.000
31.791
35.375
48.173
52.505
99.862
97.185
1.000
1.000
1.000
1.000
1.000
1.000
1.000
1.000
1.000
1.000
39.683
47.501
52.192
59.800
89.764
96.939
1.000
1.000
1.000
1.000
1.000
1.000
1.000
1.000
1.000
1.000
1.000
1.000
1.000
1.000
1.000
1.000
37.923
1.000
1.000
1.000
1.000
1.000
1.000
1.000
1.000
1.000
1.000
1.000
1.000
1.000
1.000
51.428
58.010
1.000
1.000
1.000
1.000
1.000
1.000
1.000
1.000
1.000
1.000
1.000
1.000
1.000
1.000
1.000
1.000
1.000
1.000
1.000
1.000
1.000
1.000
1.000
1.000
23.137
24.294
31.813
39.255
28.536
29.040
32.151
26.595
27.945
51.642
43.823
50.933
53.235
52.324
52.048
53.395
57.544
51.298
41.257
41.754
82.224
45.509
43.732
62.244
55.386
65.917
71.450
62.532
54.250
46.730
57.930
53.976
82.035
77.108
53.728
62.330
45.804
64.269
72.812
44.792
49.888
53.088
40.935
46.355
41.467
46.871
39.174
45.625
76.120
61.617
1.000
1.000
1.000
1.000
1.000
1.000
1.000
1.000
1.000
1.000
1.000
1.000
1.000
1.000
1.000
1.000
1.000
1.000
1.000
1.000
1.000
1.000
1.000
1.000
1.000
1.000
1.000
1.000
1.000
1.000
1.000
1.000
1.000
1.000
1.000
1.000
1.000
1.000
1.000
1.000
1.000
1.000
1.000
1.000
1.000
1.000
1.000
1.000
1.000
1.000
1.000
1.000
1.000
1.000
1.000
1.000
1.000
1.000
1.000
1.000
1.000
1.000
31.003
30.416
35.686
34.730
44.371
45.635
56.118
38.976
36.241
41.706
65.524
71.170
65.403
82.890
1.000
1.000
78.289
76.789
1.000
1.000
1.000
1.000
1.000
1.000
1.000
1.000
1.000
1.000
1.000
1.000
1.000
1.000
1.000
1.000
1.000
1.000
1.000
1.000
1.000
1.000
1.000
1.000
1.000
1.000
1.000
1.000
1.000
1.000
1.000
1.000
1.000
1.000
1.000
1.000
1.000
1.000
1.000
1.000
1.000
1.000
1.000
1.000
1.000
1.000
1.000
1.000
1.000
1.000
1.000
1.000
1.000
1.000
1.000
29.792
29.868
44.710
46.217
46.047
48.809
49.522
53.567
37.222
35.310
38.548
54.038
69.359
82.167
1.000
1.000
83.023
81.264
1.000
1.000
1.000
1.000
1.000
1.000
1.000
1.000
1.000
1.000
1.000
1.000
1.000
1.000
1.000
1.000
1.000
1.000
1.000
1.000
1.000
1.000
1.000
1.000
1.000
1.000
1.000
1.000
1.000
1.000
1.000
1.000
1.000
1.000
1.000
1.000
1.000
1.000
1.000
1.000
1.000
1.000
1.000
1.000
1.000
1.000
1.000
1.000
1.000
1.000
1.000
1.000
1.000
25.281
26.044
15.816
17.648
21.468
22.480
20.970
25.229
20.045
21.903
24.412
26.188
19.534
18.471
17.989
22.999
26.528
30.613
40.710
48.073
41.515
26.014
24.814
53.284
56.572
42.491
41.515
27.447
75.544
71.203
32.810
34.730
64.343
68.865
46.111
52.759
72.963
49.340
58.076
43.291
47.621
41.649
52.808
73.909
54.802
67.717
59.143
60.214
79.214
60.912
85.546
86.179
55.770
70.729
53.765
56.416
51.027
55.106
80.556
74.182
65.917
67.889
55.603
60.506
62.230
54.413
51.868
52.276
51.133
54.714
70.648
74.696
68.438
1.000
1.000
1.000
84.684
82.928
46.806
51.940
1.000
1.000
1.000
1.000
1.000
1.000
1.000
1.000
1.000
1.000
1.000
1.000
1.000
1.000
1.000
1.000
1.000
1.000
1.000
1.000
1.000
1.000
1.000
1.000
1.000
1.000
1.000
1.000
1.000
1.000
1.000
1.000
1.000
1.000
1.000
1.000
1.000
1.000
1.000
1.000
1.000
1.000
1.000
1.000
1.000
1.000
1.000
1.000
1.000
1.000
1.000
1.000
1.000
1.000
1.000
1.000
1.000
1.000
57.863
56.455
49.170
1.000
1.000
1.000
1.000
1.000
1.000
1.000
1.000
1.000
1.000
1.000
1.000
1.000
1.000
1.000
43.371
66.834
60.968
74.336
1.000
1.000
1.000
1.000
1.000
1.000
1.000
1.000
1.000
1.000
1.000
1.000
46.903
45.394
53.666
1.000
1.000
1.000
1.000
1.000
1.000
1.000
1.000
1.000
1.000
1.000
1.000
1.000
1.000
1.000
1.000
1.000
1.000
1.000
1.000
1.000
1.000
1.000
1.000
1.000
1.000
1.000
1.000
1.000
1.000
1.000
1.000
1.000
1.000
1.000
1.000
1.000
1.000
1.000
1.000
1.000
1.000
1.000
20.999
48.373
45.352
78.759
1.000
1.000
1.000
1.000
1.000
1.000
1.000
1.000
1.000
1.000
1.000
1.000
1.000
1.000
1.000
1.000
51.345
42.384
51.357
70.681
1.000
1.000
1.000
1.000
1.000
1.000
1.000
1.000
1.000
1.000
1.000
1.000
1.000
73.807
46.946
1.000
1.000
1.000
1.000
1.000
1.000
1.000
1.000
1.000
1.000
1.000
1.000
1.000
1.000
1.000
1.000
1.000
1.000
1.000
1.000
1.000
1.000
70.664
51.133
53.395
1.000
1.000
1.000
1.000
1.000
1.000
1.000
1.000
1.000
1.000
59.649
41.314
47.665
1.000
1.000
1.000
1.000
1.000
1.000
1.000
1.000
1.000
1.000
1.000
1.000
1.000
1.000
1.000
1.000
1.000
1.000
1.000
1.000
1.000
1.000
1.000
1.000
1.000
1.000
60.982
47.951
1.000
1.000
1.000
1.000
1.000
1.000
1.000
1.000
1.000
1.000
1.000
1.000
1.000
1.000
1.000
1.000
1.000
1.000
1.000
1.000
1.000
1.000
1.000
20.479
60.034
41.515
52.481
1.000
1.000
1.000
1.000
1.000
1.000
1.000
1.000
1.000
1.000
1.000
1.000
1.000
1.000
1.000
1.000
1.000
1.000
1.000
1.000
1.000
76.155
60.604
57.465
1.000
1.000
1.000
1.000
1.000
1.000
1.000
1.000
1.000
1.000
1.000
1.000
1.000
1.000
1.000
1.000
1.000
1.000
1.000
1.000
1.000
1.000
1.000
1.000
1.000
1.000
1.000
1.000
1.000
1.000
1.000
1.000
1.000
1.000
1.000
1.000
1.000
1.000
1.000
50.269
46.270
67.639
65.615
1.000
1.000
1.000
1.000
1.000
1.000
1.000
1.000
1.000
1.000
1.000
1.000
1.000
1.000
1.000
1.000
1.000
1.000
1.000
1.000
59.279
64.849
59.224
71.846
1.000
1.000
1.000
1.000
1.000
1.000
1.000
1.000
1.000
1.000
1.000
1.000
1.000
1.000
1.000
1.000
1.000
1.000
1.000
1.000
1.000
1.000
1.000
1.000
1.000
1.000
31.254
31.297
63.067
59.635
77.786
73.978
1.000
1.000
1.000
1.000
1.000
1.000
1.000
1.000
1.000
1.000
1.000
1.000
1.000
1.000
1.000
1.000
1.000
1.000
66.283
56.468
60.021
62.777
61.887
65.554
1.000
1.000
1.000
1.000
1.000
1.000
1.000
1.000
1.000
1.000
1.000
1.000
1.000
1.000
1.000
1.000
1.000
1.000
1.000
1.000
1.000
1.000
1.000
1.000
1.000
1.000
1.000
1.000
17.406
29.676
37.291
51.868
57.438
62.907
50.722
82.509
52.553
50.992
52.457
55.834
1.000
1.000
1.000
1.000
1.000
1.000
1.000
1.000
1.000
1.000
1.000
1.000
1.000
1.000
1.000
1.000
1.000
1.000
1.000
1.000
1.000
1.000
1.000
1.000
1.000
21.863
25.073
30.346
28.151
50.851
50.315
59.156
62.791
60.048
73.824
1.000
1.000
1.000
1.000
1.000
1.000
1.000
1.000
1.000
1.000
1.000
1.000
1.000
1.000
1.000
1.000
1.000
1.000
1.000
1.000
1.000
1.000
1.000
1.000
1.000
1.000
1.000
1.000
1.000
34.387
29.909
29.067
53.666
48.350
54.651
64.003
52.578
68.218
66.390
1.000
1.000
1.000
1.000
1.000
1.000
1.000
1.000
1.000
1.000
1.000
1.000
1.000
1.000
1.000
1.000
1.000
1.000
1.000
1.000
1.000
1.000
1.000
1.000
1.000
32.255
38.380
73.131
77.215
52.529
60.590
66.973
60.786
1.000
1.000
1.000
1.000
1.000
1.000
1.000
1.000
1.000
1.000
1.000
1.000
1.000
1.000
1.000
1.000
1.000
1.000
1.000
36.475
38.869
20.850
25.918
43.391
47.512
55.144
61.150
48.730
40.992
1.000
1.000
1.000
1.000
1.000
1.000
1.000
1.000
1.000
1.000
1.000
1.000
1.000
1.000
1.000
1.000
1.000
1.000
1.000
1.000
1.000
1.000
1.000
1.000
1.000
20.802
35.727
37.000
41.134
45.061
42.560
49.820
1.000
1.000
1.000
1.000
1.000
1.000
1.000
1.000
1.000
1.000
1.000
1.000
1.000
1.000
1.000
1.000
23.534
38.949
39.774
71.846
74.696
47.044
1.000
1.000
1.000
1.000
1.000
1.000
1.000
1.000
1.000
1.000
1.000
1.000
1.000
1.000
1.000
22.136
22.909
40.179
35.310
56.092
63.183
35.859
32.471
1.000
1.000
1.000
1.000
1.000
1.000
1.000
1.000
1.000
1.000
1.000
1.000
1.000
1.000
1.000
1.000
1.000
1.000
1.000
1.000
1.000
1.000
1.000
1.000
1.000
1.000
1.000
1.000
1.000
1.000
1.000
1.000
1.000
1.000
1.000
1.000
1.000
1.000
1.000
1.000
1.000
1.000
1.000
1.000
1.000
24.417
26.086
33.014
36.661
35.876
52.759
40.318
51.298
63.841
56.208
61.702
62.316
1.000
1.000
1.000
1.000
1.000
1.000
1.000
1.000
1.000
1.000
1.000
1.000
1.000
1.000
1.000
1.000
1.000
1.000
1.000
1.000
1.000
1.000
1.000
1.000
1.000
1.000
1.000
1.000
55.271
63.738
42.472
41.058
54.752
63.009
52.036
68.093
71.862
1.000
1.000
1.000
1.000
1.000
1.000
1.000
1.000
1.000
1.000
1.000
1.000
1.000
1.000
1.000
1.000
1.000
1.000
1.000
52.204
47.054
34.104
33.182
35.563
33.007
71.961
67.019
73.943
75.318
1.000
1.000
1.000
1.000
1.000
1.000
1.000
1.000
1.000
1.000
1.000
1.000
1.000
1.000
1.000
1.000
1.000
1.000
1.000
1.000
1.000
1.000
1.000
1.000
1.000
1.000
54.225
51.820
36.099
37.618
47.206
53.530
64.625
63.212
69.279
75.579
55.043
1.000
1.000
1.000
1.000
1.000
1.000
1.000
1.000
1.000
1.000
1.000
1.000
1.000
1.000
1.000
1.000
1.000
1.000
1.000
1.000
1.000
1.000
1.000
1.000
1.000
1.000
1.000
1.000
41.610
34.730
30.220
28.596
52.505
64.150
66.283
60.814
58.844
1.000
1.000
1.000
1.000
1.000
1.000
1.000
1.000
1.000
1.000
1.000
1.000
1.000
1.000
1.000
1.000
1.000
1.000
1.000
1.000
1.000
1.000
1.000
1.000
1.000
1.000
1.000
1.000
45.867
58.560
1.000
1.000
1.000
1.000
1.000
1.000
1.000
1.000
1.000
1.000
1.000
67.624
51.227
30.493
30.718
1.000
1.000
1.000
1.000
34.642
41.219
1.000
1.000
48.451
1.000
1.000
1.000
1.000
1.000
1.000
1.000
1.000
58.184
60.856
28.067
29.100
32.449
41.039
53.827
71.862
80.205
59.731
61.419
1.000
1.000
1.000
1.000
1.000
1.000
1.000
1.000
1.000
1.000
1.000
1.000
1.000
1.000
1.000
1.000
1.000
1.000
1.000
1.000
1.000
1.000
1.000
1.000
1.000
1.000
1.000
1.000
1.000
1.000
1.000
28.471
62.359
55.680
75.336
74.148
53.877
56.468
48.831
51.180
68.187
74.886
53.015
58.519
64.789
77.055
66.512
69.422
80.482
78.632
75.893
1.000
1.000
1.000
1.000
1.000
1.000
1.000
1.000
1.000
1.000
1.000
1.000
1.000
1.000
1.000
1.000
1.000
61.773
59.443
1.000
1.000
1.000
1.000
1.000
1.000
1.000
1.000
1.000
1.000
1.000
52.469
1.000
1.000
1.000
1.000
1.000
1.000
1.000
1.000
1.000
1.000
1.000
1.000
1.000
1.000
1.000
1.000
60.298
38.010
38.913
21.538
55.450
61.546
96.984
82.699
1.000
1.000
1.000
1.000
1.000
1.000
1.000
1.000
1.000
1.000
1.000
1.000
1.000
1.000
24.339
24.998
31.703
48.073
47.293
74.611
75.041
67.764
73.047
1.000
1.000
1.000
1.000
1.000
1.000
1.000
1.000
1.000
1.000
1.000
1.000
1.000
1.000
1.000
1.000
1.000
1.000
1.000
1.000
1.000
1.000
1.000
1.000
1.000
1.000
24.946
26.080
26.158
50.408
57.240
65.539
70.404
49.843
63.460
48.518
57.043
66.850
49.545
48.373
65.268
1.000
1.000
1.000
1.000
1.000
1.000
1.000
1.000
1.000
1.000
1.000
1.000
1.000
1.000
1.000
1.000
1.000
1.000
1.000
1.000
1.000
1.000
1.000
1.000
1.000
1.000
1.000
1.000
1.000
1.000
1.000
1.000
1.000
1.000
1.000
1.000
1.000
1.000
1.000
1.000
1.000
1.000
1.000
1.000
1.000
1.000
1.000
1.000
1.000
1.000
1.000
1.000
1.000
1.000
1.000
1.000
1.000
1.000
1.000
1.000
56.481
52.747
44.269
50.234
57.451
61.574
1.000
1.000
1.000
1.000
1.000
1.000
1.000
1.000
1.000
1.000
1.000
1.000
1.000
1.000
1.000
1.000
1.000
1.000
1.000
1.000
1.000
1.000
1.000
1.000
1.000
1.000
1.000
1.000
1.000
1.000
1.000
1.000
1.000
1.000
1.000
1.000
1.000
1.000
1.000
39.012
44.422
26.564
27.208
43.212
51.274
53.914
55.182
57.465
59.649
63.562
69.952
27.625
33.075
1.000
1.000
1.000
1.000
1.000
1.000
1.000
1.000
1.000
1.000
1.000
1.000
1.000
1.000
1.000
1.000
1.000
1.000
1.000
1.000
1.000
1.000
1.000
1.000
1.000
1.000
1.000
1.000
57.836
67.608
1.000
1.000
1.000
1.000
1.000
1.000
1.000
1.000
1.000
1.000
1.000
67.827
58.871
1.000
1.000
1.000
1.000
1.000
1.000
1.000
1.000
1.000
1.000
1.000
1.000
1.000
1.000
26.522
46.784
52.493
43.581
50.315
49.159
72.510
71.730
58.398
82.947
52.204
57.332
57.478
57.597
1.000
1.000
1.000
1.000
1.000
1.000
1.000
1.000
1.000
1.000
1.000
1.000
1.000
1.000
1.000
1.000
1.000
1.000
1.000
1.000
1.000
1.000
1.000
1.000
1.000
1.000
1.000
1.000
1.000
1.000
1.000
1.000
36.191
36.957
1.000
1.000
1.000
1.000
1.000
1.000
1.000
1.000
1.000
1.000
1.000
1.000
1.000
1.000
1.000
1.000
1.000
1.000
1.000
1.000
1.000
29.007
27.435
25.627
20.754
21.667
22.646
22.121
23.944
29.444
26.182
32.426
24.412
22.218
25.096
31.601
39.491
41.773
35.834
58.157
45.867
22.877
25.404
42.335
44.096
59.129
62.806
46.355
48.106
53.027
59.457
50.050
64.062
46.914
51.286
58.304
36.308
42.482
44.658
50.548
53.604
44.055
47.577
66.130
45.677
59.594
72.161
65.615
70.843
49.272
50.408
50.431
49.843
49.854
64.284
39.382
45.373
66.558
65.208
57.478
73.604
58.036
47.282
55.937
56.092
45.009
51.227
54.413
56.520
61.546
66.100
36.283
44.514
77.215
76.454
76.789
61.987
71.417
59.772
60.339
70.615
55.898
58.251
88.777
80.984
63.504
55.233
68.391
1.000
1.000
1.000
1.000
1.000
1.000
1.000
1.000
1.000
1.000
1.000
1.000
1.000
1.000
1.000
1.000
1.000
1.000
1.000
1.000
1.000
1.000
1.000
1.000
1.000
1.000
1.000
1.000
1.000
1.000
1.000
1.000
1.000
1.000
1.000
1.000
1.000
1.000
1.000
1.000
1.000
1.000
1.000
1.000
1.000
1.000
1.000
1.000
1.000
1.000
1.000
1.000
1.000
1.000
1.000
1.000
1.000
1.000
1.000
1.000
1.000
1.000
1.000
1.000
1.000
1.000
1.000
1.000
1.000
1.000
1.000
1.000
1.000
1.000
1.000
1.000
1.000
1.000
1.000
1.000
1.000
1.000
1.000
1.000
1.000
1.000
1.000
1.000
1.000
23.405
20.682
21.827
18.285
20.119
24.712
22.146
22.735
30.047
39.274
23.977
24.952
26.829
25.270
27.804
27.733
29.007
29.141
44.699
41.620
20.035
23.708
40.654
48.062
47.764
58.318
45.061
37.949
50.176
58.952
57.783
74.234
41.096
46.398
64.387
55.322
71.072
55.144
63.680
45.772
58.857
76.384
60.576
66.604
62.546
63.067
69.582
60.506
50.793
52.264
50.559
46.227
44.730
76.507
58.587
62.748
82.585
74.851
65.358
59.759
57.517
37.549
72.879
70.925
60.270
35.703
44.381
61.334
66.191
80.223
90.282
85.133
42.209
45.030
1.000
45.909
50.096
81.414
92.003
54.363
66.497
80.705
1.000
1.000
1.000
1.000
1.000
1.000
1.000
1.000
1.000
1.000
37.282
1.000
1.000
1.000
1.000
1.000
1.000
1.000
1.000
1.000
1.000
1.000
1.000
1.000
1.000
1.000
1.000
1.000
1.000
1.000
1.000
1.000
1.000
1.000
1.000
1.000
1.000
1.000
1.000
1.000
1.000
1.000
1.000
1.000
1.000
1.000
1.000
1.000
1.000
1.000
1.000
1.000
1.000
1.000
1.000
1.000
1.000
1.000
1.000
1.000
1.000
1.000
1.000
1.000
1.000
1.000
1.000
1.000
1.000
1.000
1.000
1.000
1.000
1.000
1.000
1.000
18.327
46.153
27.842
66.145
39.057
60.632
61.334
51.345
59.525
48.697
60.104
59.484
52.650
78.922
66.757
67.873
45.730
60.451
70.502
76.208
68.897
75.232
70.925
77.411
66.589
65.283
76.348
78.127
1.000
1.000
1.000
1.000
1.000
1.000
1.000
1.000
1.000
1.000
1.000
1.000
1.000
1.000
1.000
1.000
1.000
1.000
1.000
1.000
1.000
1.000
1.000
15.783
21.558
38.530
26.564
47.206
57.412
44.157
47.109
52.469
57.016
86.020
47.250
63.314
68.644
58.023
1.000
1.000
1.000
1.000
1.000
1.000
1.000
1.000
1.000
1.000
1.000
1.000
1.000
1.000
1.000
15.725
18.412
28.596
44.926
43.172
75.284
48.753
80.593
41.668
53.790
62.431
59.676
50.315
57.637
64.923
69.422
63.650
79.031
72.260
74.714
72.277
75.336
74.490
1.000
1.000
1.000
1.000
1.000
1.000
1.000
1.000
1.000
1.000
1.000
1.000
1.000
1.000
1.000
1.000
1.000
1.000
1.000
1.000
1.000
1.000
1.000
1.000
1.000
1.000
1.000
1.000
1.000
1.000
38.388
13.766
26.230
58.492
61.802
76.825
76.878
53.543
60.395
65.584
53.839
61.461
67.097
85.743
61.958
71.335
56.990
63.402
66.589
69.454
71.961
66.942
70.974
71.697
61.958
67.952
98.855
1.000
1.000
1.000
1.000
1.000
1.000
1.000
1.000
1.000
1.000
1.000
1.000
1.000
1.000
1.000
1.000
1.000
1.000
1.000
1.000
1.000
1.000
1.000
16.707
23.955
22.413
38.619
49.363
46.548
45.614
45.071
54.213
61.306
93.691
48.641
67.905
62.575
80.131
86.956
72.728
78.904
72.895
80.724
75.336
77.482
81.320
73.892
83.792
1.000
1.000
1.000
1.000
1.000
1.000
1.000
1.000
1.000
1.000
1.000
1.000
1.000
1.000
1.000
1.000
1.000
1.000
1.000
1.000
1.000
1.000
1.000
1.000
32.033
15.115
22.914
38.221
56.533
52.180
56.416
53.802
63.518
60.464
68.423
86.976
68.375
57.372
63.183
52.662
73.030
78.922
64.224
77.055
71.203
63.782
73.655
1.000
1.000
1.000
1.000
1.000
1.000
1.000
1.000
1.000
1.000
1.000
1.000
1.000
1.000
1.000
1.000
1.000
1.000
1.000
1.000
1.000
1.000
19.579
18.018
19.143
22.951
49.534
34.866
51.713
52.578
55.157
64.908
57.570
57.372
60.772
71.631
95.302
66.527
83.253
81.489
1.000
78.524
75.492
84.159
75.980
73.722
1.000
1.000
1.000
1.000
1.000
1.000
1.000
1.000
1.000
1.000
1.000
1.000
1.000
1.000
1.000
1.000
1.000
1.000
1.000
1.000
1.000
1.000
1.000
1.000
1.000
16.029
25.165
53.174
71.928
75.893
43.291
65.118
51.523
61.165
79.159
52.036
51.086
73.097
74.148
55.667
91.706
92.555
62.618
76.208
72.912
80.686
85.645
1.000
1.000
1.000
1.000
1.000
1.000
1.000
1.000
1.000
1.000
1.000
1.000
1.000
1.000
1.000
1.000
1.000
1.000
1.000
1.000
22.289
22.279
25.615
25.615
26.128
26.026
25.948
23.405
25.811
31.550
43.662
51.416
27.384
43.172
44.228
27.574
28.695
39.418
38.824
33.752
61.532
23.736
29.309
53.052
48.350
51.618
63.738
65.796
65.766
65.554
79.323
51.737
66.865
60.730
63.343
54.853
73.553
67.453
61.150
65.963
61.122
68.881
50.722
60.062
78.904
60.423
64.684
53.444
61.901
63.256
66.512
63.518
52.590
49.351
59.993
60.744
50.945
59.334
62.936
84.023
73.587
63.533
68.297
45.709
64.893
70.016
48.674
53.951
70.518
65.509
58.264
58.762
85.016
61.958
71.007
72.094
1.000
1.000
52.590
55.924
74.285
68.770
53.839
52.553
85.842
84.470
56.053
65.268
81.096
1.000
1.000
1.000
1.000
1.000
1.000
1.000
1.000
1.000
1.000
1.000
1.000
1.000
1.000
1.000
1.000
1.000
1.000
1.000
1.000
1.000
1.000
1.000
1.000
1.000
1.000
1.000
1.000
1.000
1.000
1.000
1.000
1.000
1.000
1.000
1.000
1.000
1.000
1.000
1.000
1.000
1.000
1.000
1.000
1.000
1.000
1.000
1.000
1.000
1.000
1.000
1.000
1.000
1.000
1.000
1.000
1.000
1.000
1.000
1.000
1.000
1.000
1.000
1.000
1.000
1.000
1.000
1.000
1.000
1.000
1.000
1.000
1.000
1.000
1.000
1.000
1.000
23.421
25.586
22.187
21.038
19.271
43.752
45.394
37.497
45.730
47.742
70.437
60.021
70.275
44.453
49.499
42.589
45.019
1.000
29.621
35.942
50.292
36.050
1.000
1.000
1.000
1.000
1.000
1.000
1.000
1.000
1.000
1.000
1.000
1.000
1.000
1.000
1.000
1.000
1.000
1.000
1.000
1.000
1.000
1.000
1.000
1.000
1.000
1.000
1.000
1.000
1.000
1.000
1.000
1.000
1.000
1.000
1.000
1.000
1.000
1.000
1.000
1.000
1.000
1.000
1.000
1.000
1.000
1.000
1.000
1.000
1.000
1.000
1.000
1.000
1.000
1.000
1.000
1.000
1.000
1.000
1.000
1.000
1.000
1.000
1.000
1.000
1.000
1.000
1.000
1.000
1.000
1.000
1.000
1.000
1.000
1.000
1.000
1.000
1.000
1.000
1.000
25.716
25.310
29.390
33.151
22.238
26.363
34.810
55.322
40.133
45.520
49.522
59.088
49.591
51.274
49.091
60.395
78.055
87.619
41.764
46.784
63.592
59.662
70.275
36.241
31.572
36.074
46.047
49.204
1.000
1.000
1.000
1.000
1.000
1.000
1.000
1.000
1.000
1.000
1.000
1.000
1.000
1.000
1.000
1.000
1.000
1.000
1.000
1.000
1.000
1.000
1.000
1.000
1.000
1.000
1.000
1.000
1.000
1.000
1.000
1.000
1.000
1.000
1.000
1.000
1.000
1.000
1.000
1.000
1.000
1.000
1.000
1.000
1.000
1.000
1.000
1.000
1.000
1.000
1.000
1.000
1.000
1.000
1.000
1.000
1.000
1.000
1.000
1.000
1.000
1.000
1.000
1.000
1.000
1.000
1.000
1.000
1.000
1.000
1.000
1.000
1.000
1.000
1.000
1.000
1.000
1.000
1.000
1.000
1.000
1.000
1.000
1.000
1.000
1.000
1.000
1.000
36.008
40.663
1.000
1.000
1.000
1.000
1.000
1.000
1.000
1.000
1.000
1.000
1.000
58.023
64.893
44.381
57.412
64.819
55.463
60.618
65.464
66.573
67.406
67.298
94.081
61.944
60.325
38.194
50.200
58.466
47.676
51.570
66.804
63.227
56.872
60.062
51.204
59.238
1.000
1.000
1.000
1.000
1.000
1.000
1.000
1.000
1.000
1.000
1.000
1.000
1.000
1.000
1.000
1.000
1.000
1.000
1.000
1.000
1.000
1.000
1.000
1.000
1.000
1.000
1.000
1.000
1.000
1.000
1.000
1.000
1.000
1.000
1.000
1.000
1.000
1.000
1.000
1.000
1.000
1.000
1.000
1.000
1.000
1.000
1.000
1.000
1.000
1.000
1.000
1.000
1.000
1.000
1.000
1.000
1.000
1.000
1.000
1.000
1.000
1.000
1.000
1.000
1.000
1.000
1.000
1.000
1.000
1.000
1.000
1.000
1.000
1.000
1.000
1.000
1.000
1.000
1.000
1.000
1.000
1.000
1.000
1.000
1.000
1.000
1.000
1.000
1.000
1.000
59.841
72.210
65.373
64.165
1.000
1.000
1.000
1.000
1.000
1.000
1.000
1.000
1.000
1.000
1.000
1.000
1.000
1.000
1.000
1.000
17.766
30.768
27.938
22.522
23.643
23.588
19.068
33.551
39.637
20.994
20.888
21.548
45.899
20.554
28.536
27.906
19.971
20.597
41.115
40.917
18.746
38.592
40.785
39.246
29.410
44.926
47.424
65.675
34.818
36.559
34.356
32.908
49.488
48.630
41.124
45.342
43.053
38.327
32.330
56.964
48.753
53.064
55.157
51.333
56.859
34.810
30.761
58.506
65.736
48.150
56.092
31.290
32.576
38.124
36.737
1.000
1.000
1.000
1.000
1.000
1.000
1.000
1.000
1.000
1.000
1.000
1.000
1.000
1.000
1.000
1.000
1.000
1.000
1.000
1.000
1.000
1.000
1.000
1.000
1.000
1.000
1.000
1.000
1.000
1.000
1.000
1.000
1.000
1.000
1.000
1.000
1.000
1.000
1.000
1.000
1.000
1.000
1.000
1.000
1.000
1.000
1.000
1.000
1.000
1.000
1.000
1.000
1.000
1.000
1.000
1.000
1.000
1.000
1.000
1.000
1.000
1.000
1.000
1.000
1.000
1.000
1.000
1.000
1.000
1.000
1.000
79.891
73.995
44.525
39.600
44.086
64.091
93.368
94.167
74.131
74.696
61.532
97.342
82.016
77.518
82.167
82.947
84.004
86.596
91.749
89.207
71.220
77.179
94.776
91.201
70.827
78.813
74.714
69.215
75.284
69.936
70.681
72.862
85.369
96.250
98.583
75.614
1.000
1.000
99.380
88.206
89.105
98.605
1.000
1.000
92.363
86.437
94.363
87.398
1.000
1.000
1.000
1.000
1.000
1.000
1.000
1.000
1.000
1.000
1.000
1.000
1.000
1.000
1.000
1.000
1.000
1.000
1.000
1.000
1.000
1.000
1.000
1.000
22.688
22.315
37.601
37.351
30.711
62.015
67.889
69.599
73.536
57.030
55.770
74.662
76.103
92.768
98.719
1.000
1.000
1.000
1.000
1.000
1.000
1.000
1.000
1.000
1.000
1.000
1.000
1.000
1.000
1.000
1.000
1.000
1.000
1.000
1.000
1.000
1.000
1.000
1.000
1.000
84.762
83.445
1.000
1.000
1.000
1.000
1.000
1.000
1.000
1.000
1.000
1.000
1.000
1.000
1.000
1.000
19.476
22.156
27.378
29.174
30.974
62.647
1.000
1.000
1.000
1.000
1.000
1.000
1.000
1.000
1.000
1.000
1.000
1.000
1.000
1.000
1.000
1.000
1.000
1.000
1.000
1.000
1.000
1.000
1.000
1.000
1.000
1.000
1.000
1.000
1.000
1.000
1.000
1.000
1.000
1.000
1.000
1.000
1.000
21.203
46.249
58.251
36.467
37.809
79.360
80.835
92.193
94.319
1.000
1.000
1.000
1.000
1.000
1.000
1.000
1.000
1.000
1.000
1.000
1.000
1.000
1.000
51.404
48.551
46.548
43.732
47.250
92.024
89.970
1.000
1.000
1.000
1.000
1.000
1.000
1.000
1.000
1.000
1.000
1.000
1.000
1.000
1.000
1.000
1.000
1.000
1.000
1.000
1.000
17.803
17.750
33.916
18.780
15.922
21.399
23.999
20.711
20.697
26.915
34.610
17.223
24.110
16.110
20.792
16.630
21.223
15.329
21.667
16.448
25.668
20.716
20.333
26.339
20.783
20.697
20.493
23.730
19.643
22.177
14.710
18.155
27.428
28.543
26.860
26.254
28.576
26.254
30.889
26.516
26.382
22.331
20.221
22.146
31.601
32.292
26.965
24.177
55.170
54.075
27.378
23.572
25.427
36.728
32.144
18.612
21.335
57.717
45.488
17.116
46.989
56.053
63.241
35.051
56.925
39.555
19.579
19.692
51.098
24.088
21.642
24.266
43.974
21.478
55.246
58.184
47.534
27.925
30.853
34.229
50.863
42.394
66.543
63.110
48.228
67.811
71.483
52.155
68.565
43.023
30.889
45.625
62.230
62.849
51.677
43.511
33.497
49.454
47.065
37.714
47.250
55.259
39.528
43.142
57.796
49.694
64.372
60.298
57.970
71.252
46.516
57.730
56.131
61.958
39.866
72.294
72.244
42.579
57.584
44.658
51.796
67.205
70.097
70.372
37.575
39.428
31.586
56.781
60.200
41.124
39.183
50.304
73.282
76.489
54.350
27.784
78.469
60.117
56.925
49.227
44.310
1.000
1.000
38.628
41.172
55.399
88.941
96.516
1.000
69.359
73.909
72.644
1.000
1.000
1.000
59.279
61.901
1.000
1.000
1.000
1.000
1.000
1.000
1.000
1.000
1.000
1.000
1.000
1.000
1.000
1.000
1.000
1.000
1.000
1.000
1.000
1.000
1.000
1.000
1.000
1.000
1.000
1.000
1.000
1.000
1.000
1.000
1.000
1.000
1.000
1.000
1.000
1.000
1.000
1.000
1.000
1.000
1.000
1.000
1.000
1.000
1.000
1.000
1.000
1.000
1.000
1.000
1.000
1.000
1.000
1.000
1.000
1.000
1.000
1.000
1.000
1.000
1.000
1.000
1.000
1.000
1.000
1.000
1.000
1.000
1.000
1.000
1.000
1.000
1.000
1.000
1.000
1.000
24.660
25.067
20.549
19.647
24.316
25.894
21.883
16.661
31.010
21.543
23.496
26.884
25.305
24.344
21.878
28.360
26.915
27.283
22.615
58.681
50.781
56.533
41.248
34.269
25.521
23.583
48.574
36.779
32.915
29.437
28.662
28.314
30.123
35.343
37.783
50.211
54.551
51.192
51.004
52.143
35.237
56.624
75.336
75.059
46.827
48.742
57.253
69.631
66.573
88.675
80.353
73.638
82.566
62.748
33.381
68.691
68.834
48.239
71.400
69.486
57.943
64.536
63.548
59.361
57.956
22.867
48.184
49.511
66.024
77.002
65.766
64.150
75.093
64.180
71.829
59.007
59.525
63.329
60.618
38.194
73.841
76.860
85.016
66.788
71.417
76.683
47.709
79.050
69.888
53.740
49.923
67.562
73.943
71.995
76.190
49.579
55.017
76.120
83.387
85.882
65.013
72.477
63.518
52.360
91.580
91.180
82.167
53.753
57.996
73.689
80.668
77.411
60.367
63.489
84.996
81.003
60.007
63.270
70.990
37.766
46.111
101.274
101.930
73.773
66.527
59.883
58.117
84.996
87.943
110.053
97.477
95.367
76.595
89.166
1.000
1.000
1.000
1.000
1.000
1.000
1.000
1.000
1.000
1.000
1.000
1.000
1.000
1.000
1.000
1.000
1.000
1.000
1.000
1.000
1.000
1.000
1.000
1.000
1.000
1.000
1.000
1.000
1.000
1.000
1.000
1.000
1.000
1.000
1.000
1.000
1.000
1.000
1.000
1.000
1.000
1.000
1.000
1.000
1.000
1.000
1.000
1.000
1.000
1.000
1.000
1.000
1.000
1.000
1.000
1.000
1.000
1.000
1.000
1.000
1.000
1.000
1.000
53.753
39.509
49.454
35.892
78.868
78.886
38.080
38.115
19.674
54.689
67.344
84.977
35.043
29.013
36.644
64.774
29.553
68.976
70.340
20.640
33.404
32.188
52.918
54.388
29.916
75.370
82.186
41.591
46.655
58.979
61.419
25.200
22.558
79.159
29.895
74.353
64.447
78.977
43.371
43.053
83.368
89.392
64.819
69.679
70.599
72.963
66.757
72.744
33.450
55.796
77.232
77.126
80.649
76.524
77.804
67.577
58.600
62.748
67.515
90.095
68.549
68.360
73.485
80.482
66.527
72.929
61.802
66.267
68.202
69.839
57.161
63.504
79.031
88.532
95.345
53.864
56.951
79.323
82.073
44.463
1.000
1.000
97.994
101.485
63.562
54.275
1.000
52.012
65.811
1.000
1.000
72.011
1.000
1.000
1.000
1.000
1.000
1.000
1.000
1.000
1.000
1.000
1.000
1.000
1.000
1.000
1.000
1.000
1.000
1.000
1.000
1.000
1.000
1.000
1.000
1.000
1.000
1.000
1.000
1.000
1.000
1.000
1.000
1.000
1.000
1.000
1.000
1.000
1.000
1.000
1.000
1.000
1.000
1.000
1.000
1.000
1.000
1.000
1.000
1.000
1.000
1.000
1.000
1.000
19.661
20.105
21.306
26.086
21.722
21.223
33.404
31.477
21.553
21.747
18.501
27.791
33.497
34.049
36.066
25.698
23.523
26.577
36.216
47.731
47.087
36.754
72.761
59.525
34.459
32.218
23.763
43.152
44.412
33.527
52.614
65.058
32.681
42.678
44.885
33.713
28.087
32.174
51.904
67.391
64.551
41.134
42.209
23.856
28.662
35.383
57.319
39.030
41.305
57.359
68.549
53.765
38.610
47.022
44.188
40.663
39.030
44.412
28.847
27.861
46.559
43.082
61.504
26.564
31.776
1.000
1.000
1.000
1.000
1.000
1.000
1.000
1.000
1.000
1.000
1.000
1.000
1.000
1.000
1.000
1.000
1.000
1.000
1.000
1.000
1.000
1.000
1.000
1.000
1.000
1.000
1.000
1.000
1.000
1.000
1.000
1.000
1.000
1.000
1.000
1.000
1.000
1.000
1.000
1.000
1.000
1.000
1.000
1.000
1.000
1.000
1.000
1.000
1.000
1.000
1.000
1.000
1.000
1.000
1.000
1.000
1.000
1.000
1.000
1.000
1.000
1.000
1.000
1.000
1.000
1.000
1.000
1.000
1.000
1.000
1.000
1.000
1.000
1.000
1.000
1.000
1.000
1.000
1.000
1.000
1.000
1.000
1.000
1.000
1.000
1.000
1.000
1.000
1.000
1.000
1.000
1.000
1.000
1.000
1.000
1.000
1.000
1.000
1.000
1.000
1.000
1.000
1.000
1.000
1.000
1.000
1.000
1.000
1.000
1.000
1.000
1.000
1.000
1.000
1.000
1.000
1.000
1.000
1.000
1.000
1.000
1.000
1.000
1.000
1.000
1.000
1.000
1.000
1.000
62.734
56.585
53.567
65.328
1.000
1.000
1.000
1.000
1.000
50.734
42.884
47.239
65.736
48.944
1.000
1.000
1.000
50.933
1.000
1.000
1.000
1.000
71.367
79.122
1.000
60.898
1.000
1.000
1.000
1.000
1.000
1.000
1.000
21.389
26.038
45.154
93.390
93.347
16.527
51.928
27.695
27.121
1.000
31.146
50.536
26.528
31.340
26.321
1.000
85.251
57.003
69.871
80.872
64.834
82.813
69.470
65.796
57.863
64.032
76.401
59.347
57.983
60.730
76.472
55.068
1.000
1.000
81.884
1.000
55.719
70.033
74.165
46.409
62.517
78.163
1.000
65.887
47.534
85.862
78.813
1.000
1.000
1.000
51.464
50.769
59.129
70.146
53.939
61.122
61.136
79.031
65.796
67.112
74.114
57.783
92.875
53.765
70.307
1.000
1.000
61.306
88.941
64.759
60.076
64.077
86.139
1.000
58.587
78.271
53.617
63.329
80.631
28.100
1.000
52.991
75.998
60.968
66.512
1.000
1.000
1.000
55.937
67.889
65.433
1.000
28.314
61.306
52.529
27.290
31.820
43.883
53.444
1.000
1.000
28.807
29.819
64.983
1.000
1.000
37.670
15.283
27.492
54.113
26.388
26.656
30.825
45.300
47.217
54.350
61.589
67.251
1.000
1.000
1.000
1.000
1.000
1.000
1.000
1.000
1.000
1.000
1.000
1.000
1.000
1.000
1.000
1.000
1.000
1.000
1.000
1.000
38.610
45.342
49.992
52.723
55.119
61.433
1.000
1.000
1.000
1.000
1.000
1.000
1.000
1.000
1.000
1.000
1.000
1.000
1.000
1.000
1.000
1.000
1.000
1.000
1.000
1.000
1.000
1.000
1.000
1.000
1.000
1.000
1.000
1.000
1.000
1.000
1.000
1.000
1.000
1.000
1.000
1.000
22.136
25.942
1.000
1.000
1.000
1.000
1.000
62.058
70.194
1.000
1.000
1.000
1.000
1.000
1.000
1.000
1.000
1.000
1.000
1.000
1.000
1.000
1.000
53.530
41.077
1.000
1.000
1.000
1.000
1.000
1.000
1.000
1.000
1.000
1.000
1.000
1.000
1.000
79.781
76.278
1.000
20.951
15.038
35.629
50.478
45.530
55.055
27.638
26.424
30.172
76.472
90.303
85.075
75.631
78.705
66.115
80.334
53.939
61.617
64.180
73.215
59.704
92.619
80.353
84.996
80.260
66.420
79.561
63.944
70.534
51.121
72.011
74.029
1.000
1.000
1.000
1.000
1.000
1.000
1.000
1.000
1.000
1.000
1.000
1.000
1.000
1.000
1.000
1.000
1.000
1.000
1.000
1.000
1.000
1.000
1.000
1.000
1.000
1.000
1.000
1.000
1.000
1.000
1.000
1.000
1.000
1.000
1.000
1.000
1.000
1.000
1.000
1.000
1.000
1.000
1.000
1.000
1.000
1.000
1.000
1.000
1.000
1.000
1.000
1.000
1.000
1.000
31.930
39.192
41.581
56.964
58.722
51.357
50.038
79.341
55.488
61.150
82.623
95.984
93.068
1.000
1.000
1.000
1.000
1.000
1.000
1.000
1.000
1.000
1.000
1.000
1.000
1.000
1.000
1.000
1.000
1.000
1.000
1.000
1.000
1.000
1.000
1.000
1.000
1.000
1.000
1.000
1.000
1.000
1.000
1.000
1.000
1.000
1.000
1.000
1.000
1.000
1.000
23.286
22.840
23.163
26.128
20.441
24.763
24.177
25.154
23.834
36.116
25.533
28.847
44.906
49.261
57.850
52.820
61.716
27.071
29.881
26.928
38.194
30.325
44.813
46.291
42.865
45.488
59.279
58.830
35.563
42.335
55.463
63.052
49.386
52.493
46.666
59.635
68.344
42.364
43.954
73.266
44.218
52.772
33.297
48.139
66.145
68.675
42.756
44.392
69.231
67.329
44.710
44.473
47.272
48.350
37.368
43.231
59.580
57.850
41.467
1.000
1.000
1.000
1.000
1.000
1.000
1.000
1.000
1.000
1.000
1.000
1.000
1.000
1.000
1.000
1.000
1.000
1.000
1.000
1.000
1.000
1.000
1.000
1.000
1.000
1.000
1.000
1.000
1.000
1.000
1.000
1.000
1.000
1.000
1.000
1.000
1.000
1.000
1.000
1.000
1.000
1.000
1.000
1.000
1.000
1.000
1.000
1.000
1.000
1.000
1.000
1.000
1.000
1.000
1.000
1.000
1.000
1.000
1.000
1.000
1.000
1.000
1.000
1.000
1.000
1.000
1.000
1.000
1.000
1.000
1.000
1.000
1.000
1.000
1.000
1.000
1.000
1.000
1.000
1.000
1.000
1.000
1.000
1.000
1.000
1.000
1.000
1.000
1.000
1.000
1.000
1.000
1.000
1.000
1.000
1.000
1.000
1.000
1.000
1.000
1.000
1.000
1.000
1.000
1.000
1.000
1.000
1.000
1.000
1.000
1.000
1.000
1.000
1.000
1.000
1.000
1.000
1.000
1.000
1.000
1.000
1.000
1.000
1.000
1.000
1.000
1.000
1.000
1.000
1.000
1.000
1.000
1.000
1.000
1.000
1.000
1.000
1.000
1.000
1.000
22.951
21.454
1.000
1.000
1.000
1.000
1.000
45.856
49.568
24.871
51.004
44.813
47.435
75.928
82.928
85.882
93.004
83.311
85.921
84.781
85.783
92.193
67.889
90.615
87.257
89.043
62.560
80.779
86.139
97.006
94.798
81.696
82.756
85.153
78.325
1.000
1.000
1.000
1.000
1.000
1.000
1.000
1.000
1.000
1.000
1.000
1.000
1.000
1.000
1.000
1.000
1.000
1.000
1.000
1.000
1.000
1.000
1.000
1.000
1.000
1.000
1.000
1.000
1.000
1.000
1.000
1.000
1.000
1.000
1.000
1.000
1.000
1.000
1.000
1.000
1.000
1.000
1.000
1.000
1.000
1.000
1.000
1.000
19.306
20.663
33.721
33.435
42.501
43.391
61.574
59.252
65.811
61.816
62.604
58.036
61.944
1.000
1.000
1.000
1.000
1.000
1.000
1.000
1.000
1.000
1.000
1.000
1.000
1.000
1.000
1.000
1.000
1.000
1.000
1.000
1.000
1.000
1.000
1.000
1.000
1.000
1.000
1.000
1.000
1.000
1.000
1.000
1.000
1.000
1.000
1.000
1.000
1.000
1.000
1.000
25.165
32.832
25.021
20.441
62.116
51.251
27.114
24.689
26.056
35.367
72.494
74.903
47.282
44.638
91.897
86.936
45.321
42.540
47.359
54.088
52.614
54.463
80.094
78.361
79.323
82.756
37.351
50.793
102.117
87.821
82.871
78.469
72.144
84.645
45.646
51.547
76.489
70.065
81.884
77.535
80.705
53.889
57.319
55.399
69.311
49.499
54.992
60.786
1.000
73.249
98.356
92.491
37.325
45.373
58.776
57.478
1.000
1.000
1.000
1.000
49.329
49.980
1.000
1.000
1.000
1.000
1.000
1.000
1.000
1.000
1.000
1.000
1.000
1.000
1.000
1.000
1.000
1.000
1.000
1.000
1.000
1.000
1.000
1.000
1.000
1.000
1.000
1.000
1.000
1.000
1.000
1.000
1.000
1.000
1.000
1.000
1.000
1.000
1.000
1.000
1.000
1.000
1.000
1.000
1.000
1.000
1.000
1.000
1.000
1.000
1.000
1.000
1.000
1.000
1.000
1.000
1.000
1.000
1.000
1.000
1.000
1.000
1.000
1.000
1.000
1.000
1.000
1.000
1.000
1.000
1.000
1.000
1.000
1.000
1.000
1.000
1.000
1.000
1.000
1.000
1.000
1.000
1.000
1.000
1.000
1.000
1.000
1.000
1.000
1.000
1.000
1.000
1.000
1.000
1.000
1.000
1.000
1.000
1.000
1.000
1.000
1.000
1.000
1.000
1.000
1.000
1.000
1.000
1.000
1.000
32.248
34.316
30.054
31.139
24.581
24.975
58.358
53.802
59.034
1.000
1.000
1.000
1.000
1.000
1.000
1.000
1.000
1.000
1.000
1.000
1.000
1.000
1.000
1.000
1.000
1.000
1.000
1.000
1.000
1.000
1.000
1.000
1.000
1.000
1.000
1.000
1.000
1.000
1.000
1.000
1.000
1.000
1.000
1.000
1.000
1.000
1.000
36.199
31.376
31.791
72.895
76.155
1.000
1.000
1.000
1.000
1.000
1.000
1.000
1.000
1.000
1.000
1.000
1.000
1.000
1.000
1.000
1.000
1.000
1.000
1.000
1.000
1.000
1.000
1.000
1.000
1.000
1.000
1.000
1.000
1.000
1.000
27.321
27.271
28.164
87.036
81.639
65.449
1.000
1.000
1.000
1.000
90.991
91.538
1.000
1.000
1.000
1.000
1.000
1.000
1.000
1.000
1.000
1.000
1.000
1.000
1.000
1.000
1.000
1.000
1.000
1.000
1.000
1.000
1.000
1.000
1.000
1.000
1.000
1.000
1.000
1.000
1.000
1.000
19.652
20.946
44.086
44.066
56.754
79.873
64.077
53.802
55.667
42.550
46.516
52.024
57.943
34.498
35.019
77.126
78.959
1.000
1.000
1.000
1.000
1.000
1.000
1.000
1.000
1.000
1.000
1.000
1.000
1.000
1.000
1.000
1.000
1.000
1.000
1.000
1.000
1.000
1.000
1.000
1.000
1.000
1.000
1.000
1.000
1.000
1.000
1.000
1.000
1.000
1.000
1.000
1.000
1.000
1.000
1.000
1.000
1.000
1.000
1.000
1.000
1.000
1.000
25.427
24.871
24.132
23.812
18.569
24.694
32.931
28.927
23.736
26.038
21.538
33.581
28.589
20.493
21.424
43.142
42.845
38.958
32.938
31.506
20.347
20.068
21.081
22.146
30.193
50.536
66.497
40.570
47.217
49.774
67.282
44.412
47.228
57.412
56.911
56.027
70.615
77.696
52.626
60.842
37.179
56.377
38.221
39.264
39.958
48.350
36.442
35.278
61.165
45.814
69.151
70.632
58.830
58.776
60.758
65.705
54.075
49.682
69.855
59.717
31.791
52.662
1.000
65.178
62.058
72.127
72.544
87.317
91.854
49.170
1.000
1.000
1.000
1.000
1.000
1.000
1.000
1.000
1.000
1.000
1.000
1.000
1.000
1.000
1.000
1.000
1.000
1.000
1.000
1.000
1.000
1.000
1.000
1.000
1.000
1.000
1.000
1.000
1.000
1.000
1.000
1.000
1.000
1.000
1.000
1.000
1.000
1.000
1.000
1.000
1.000
1.000
1.000
1.000
1.000
1.000
1.000
1.000
1.000
1.000
1.000
1.000
1.000
1.000
1.000
1.000
1.000
1.000
1.000
1.000
1.000
1.000
1.000
1.000
1.000
1.000
1.000
1.000
1.000
1.000
1.000
1.000
1.000
1.000
1.000
1.000
1.000
1.000
1.000
1.000
1.000
1.000
1.000
1.000
1.000
1.000
1.000
1.000
1.000
1.000
1.000
1.000
1.000
1.000
1.000
1.000
1.000
1.000
1.000
1.000
1.000
1.000
1.000
1.000
1.000
1.000
1.000
1.000
1.000
1.000
1.000
1.000
1.000
1.000
1.000
1.000
1.000
1.000
1.000
1.000
1.000
1.000
1.000
1.000
1.000
1.000
1.000
1.000
1.000
1.000
1.000
1.000
1.000
1.000
1.000
1.000
1.000
1.000
1.000
1.000
1.000
1.000
1.000
1.000
1.000
1.000
1.000
1.000
1.000
1.000
1.000
1.000
1.000
1.000
1.000
1.000
1.000
1.000
1.000
1.000
1.000
1.000
1.000
1.000
1.000
1.000
1.000
1.000
1.000
1.000
1.000
1.000
1.000
1.000
1.000
1.000
1.000
1.000
1.000
1.000
1.000
1.000
1.000
1.000
1.000
12.328
19.985
18.467
20.035
29.242
20.999
20.394
19.875
21.101
27.277
19.116
39.219
40.448
23.126
31.696
32.825
31.031
21.203
27.479
35.884
27.784
30.662
33.994
23.966
25.090
28.708
33.029
27.196
35.571
40.691
58.090
27.951
32.344
46.217
42.570
20.864
36.366
43.142
41.276
41.011
49.147
65.088
28.009
41.725
45.030
72.544
36.133
37.506
40.318
41.928
38.869
40.439
64.358
72.644
32.196
36.728
30.832
29.107
30.662
32.779
30.726
23.736
26.461
38.230
37.334
62.431
36.249
61.532
34.610
38.503
1.000
1.000
41.077
1.000
1.000
1.000
1.000
1.000
1.000
1.000
1.000
1.000
1.000
1.000
1.000
1.000
1.000
1.000
1.000
1.000
1.000
1.000
1.000
1.000
1.000
1.000
1.000
1.000
1.000
1.000
1.000
1.000
1.000
1.000
1.000
1.000
1.000
1.000
1.000
1.000
1.000
1.000
1.000
1.000
1.000
1.000
1.000
1.000
1.000
1.000
1.000
1.000
1.000
1.000
1.000
1.000
1.000
1.000
1.000
1.000
1.000
1.000
1.000
1.000
1.000
1.000
1.000
1.000
1.000
1.000
1.000
1.000
1.000
1.000
1.000
1.000
1.000
1.000
1.000
1.000
1.000
1.000
1.000
1.000
1.000
1.000
1.000
1.000
1.000
1.000
1.000
1.000
1.000
1.000
1.000
1.000
1.000
1.000
1.000
1.000
1.000
1.000
1.000
1.000
1.000
1.000
1.000
1.000
13.817
15.374
18.277
23.632
26.491
36.635
47.326
53.015
46.548
57.122
56.377
60.799
45.311
58.681
65.978
68.754
55.030
53.740
55.873
1.000
1.000
1.000
1.000
1.000
1.000
1.000
1.000
1.000
1.000
1.000
1.000
1.000
1.000
1.000
1.000
1.000
1.000
1.000
1.000
1.000
1.000
1.000
1.000
1.000
1.000
1.000
1.000
1.000
1.000
1.000
1.000
1.000
1.000
1.000
1.000
1.000
1.000
1.000
1.000
1.000
1.000
1.000
1.000
1.000
1.000
1.000
1.000
1.000
1.000
1.000
1.000
1.000
1.000
1.000
1.000
1.000
1.000
1.000
1.000
1.000
1.000
1.000
1.000
1.000
1.000
1.000
1.000
1.000
1.000
1.000
1.000
1.000
1.000
1.000
1.000
1.000
1.000
19.306
63.416
74.989
63.125
56.925
65.826
71.581
78.289
62.417
64.953
67.905
58.668
1.000
1.000
1.000
1.000
1.000
1.000
1.000
1.000
1.000
1.000
1.000
1.000
1.000
1.000
1.000
1.000
1.000
1.000
1.000
1.000
1.000
1.000
1.000
1.000
1.000
1.000
1.000
1.000
1.000
1.000
1.000
1.000
1.000
1.000
1.000
1.000
1.000
43.893
45.165
49.992
48.495
1.000
1.000
1.000
1.000
1.000
1.000
1.000
1.000
1.000
1.000
1.000
1.000
1.000
1.000
1.000
1.000
1.000
1.000
1.000
1.000
1.000
1.000
1.000
1.000
1.000
1.000
1.000
1.000
1.000
1.000
1.000
1.000
1.000
1.000
64.684
41.400
22.075
23.829
75.527
47.446
56.624
57.095
57.823
59.566
84.645
88.064
54.438
68.030
87.136
78.325
54.388
60.437
75.059
70.974
66.881
72.427
74.131
50.898
83.196
54.689
68.328
74.611
77.768
1.000
1.000
66.252
72.744
60.076
65.494
1.000
1.000
1.000
1.000
1.000
1.000
1.000
1.000
1.000
1.000
1.000
1.000
1.000
1.000
1.000
1.000
1.000
1.000
1.000
1.000
1.000
1.000
1.000
1.000
1.000
1.000
1.000
1.000
1.000
1.000
1.000
1.000
1.000
1.000
1.000
1.000
1.000
1.000
1.000
1.000
1.000
1.000
1.000
1.000
1.000
1.000
1.000
1.000
1.000
1.000
1.000
1.000
1.000
1.000
1.000
1.000
1.000
1.000
1.000
1.000
1.000
1.000
1.000
1.000
1.000
1.000
1.000
1.000
1.000
1.000
1.000
1.000
1.000
1.000
1.000
1.000
1.000
24.457
26.503
25.966
70.469
37.566
17.861
22.516
38.433
19.187
24.339
86.776
78.307
77.571
78.073
64.536
69.088
55.642
67.577
75.145
66.374
61.094
78.325
67.112
73.316
56.794
48.507
85.605
87.438
77.571
79.250
64.121
66.788
79.836
97.297
66.130
61.136
66.757
57.451
65.978
62.893
63.841
98.017
96.917
1.000
1.000
1.000
1.000
1.000
1.000
1.000
1.000
1.000
1.000
1.000
1.000
1.000
1.000
1.000
1.000
1.000
1.000
1.000
1.000
1.000
1.000
1.000
1.000
1.000
1.000
1.000
1.000
1.000
1.000
1.000
1.000
1.000
1.000
1.000
1.000
1.000
1.000
1.000
1.000
1.000
1.000
1.000
1.000
1.000
1.000
1.000
1.000
1.000
1.000
1.000
1.000
1.000
16.901
24.734
39.129
41.773
56.546
69.743
54.651
47.185
64.610
67.671
66.757
70.129
52.820
58.345
77.750
83.215
90.012
63.900
67.468
62.936
89.743
86.776
84.159
83.792
79.524
91.897
91.939
1.000
1.000
88.410
90.074
82.680
86.179
1.000
1.000
1.000
1.000
1.000
1.000
1.000
1.000
1.000
1.000
1.000
1.000
1.000
1.000
1.000
1.000
1.000
1.000
1.000
1.000
1.000
1.000
1.000
1.000
1.000
1.000
1.000
1.000
1.000
1.000
1.000
1.000
1.000
1.000
1.000
1.000
1.000
1.000
1.000
1.000
1.000
1.000
1.000
1.000
1.000
1.000
1.000
1.000
1.000
1.000
1.000
1.000
1.000
1.000
1.000
1.000
1.000
1.000
1.000
1.000
1.000
1.000
1.000
1.000
1.000
1.000
1.000
1.000
1.000
1.000
1.000
1.000
1.000
1.000
1.000
1.000
1.000
18.967
34.491
49.170
49.477
61.291
72.377
52.918
47.577
57.677
79.214
70.453
63.826
56.781
69.119
79.579
85.783
86.816
61.038
70.388
57.903
67.624
70.243
81.358
78.850
76.613
81.790
86.497
88.145
90.116
91.222
85.389
72.845
68.565
1.000
1.000
1.000
77.073
73.655
1.000
1.000
1.000
1.000
1.000
1.000
1.000
1.000
1.000
1.000
1.000
1.000
1.000
1.000
1.000
1.000
1.000
1.000
1.000
1.000
1.000
1.000
1.000
1.000
1.000
1.000
1.000
1.000
1.000
1.000
1.000
1.000
1.000
1.000
1.000
1.000
1.000
1.000
1.000
1.000
1.000
1.000
1.000
1.000
1.000
1.000
1.000
1.000
1.000
1.000
1.000
1.000
1.000
1.000
1.000
1.000
1.000
1.000
1.000
1.000
1.000
1.000
1.000
1.000
1.000
1.000
1.000
1.000
1.000
1.000
1.000
1.000
1.000
1.000
18.298
25.188
25.165
26.461
90.427
93.713
62.431
82.167
55.017
63.753
70.016
71.978
68.834
67.827
60.353
83.445
93.282
81.339
81.979
67.019
91.075
81.583
84.879
83.599
81.884
80.761
81.733
86.060
90.323
1.000
1.000
82.794
74.148
1.000
1.000
1.000
1.000
1.000
1.000
1.000
1.000
1.000
1.000
1.000
1.000
1.000
1.000
1.000
1.000
1.000
1.000
1.000
1.000
1.000
1.000
1.000
1.000
1.000
1.000
1.000
1.000
1.000
1.000
1.000
1.000
1.000
1.000
1.000
1.000
1.000
1.000
1.000
1.000
1.000
1.000
1.000
1.000
1.000
1.000
1.000
1.000
1.000
1.000
1.000
1.000
1.000
1.000
1.000
1.000
1.000
1.000
1.000
1.000
1.000
1.000
1.000
1.000
1.000
1.000
1.000
1.000
1.000
1.000
1.000
1.000
1.000
1.000
1.000
1.000
1.000
1.000
64.536
1.000
1.000
1.000
63.636
49.091
64.759
62.922
1.000
1.000
1.000
1.000
33.947
35.498
1.000
1.000
1.000
1.000
1.000
1.000
54.138
32.374
48.084
77.126
84.178
1.000
1.000
1.000
1.000
1.000
39.066
34.072
16.058
17.073
49.477
49.969
74.012
70.129
71.565
72.879
1.000
1.000
1.000
1.000
1.000
1.000
1.000
1.000
1.000
1.000
1.000
1.000
1.000
1.000
1.000
1.000
32.181
26.080
33.113
62.345
26.767
37.428
49.934
65.811
59.621
71.680
1.000
1.000
1.000
1.000
1.000
1.000
1.000
1.000
24.757
28.589
1.000
1.000
20.659
30.606
19.606
33.235
40.365
31.688
1.000
1.000
38.770
55.860
1.000
1.000
64.136
50.350
60.576
65.781
1.000
1.000
1.000
1.000
1.000
1.000
1.000
1.000
1.000
1.000
1.000
1.000
1.000
1.000
1.000
1.000
1.000
1.000
1.000
1.000
1.000
1.000
44.228
49.488
46.817
70.388
77.215
82.433
47.918
1.000
1.000
1.000
1.000
1.000
1.000
1.000
1.000
1.000
1.000
1.000
1.000
1.000
1.000
13.772
68.517
27.384
79.744
70.162
1.000
1.000
1.000
1.000
1.000
22.075
24.272
21.958
29.363
24.216
55.565
45.217
53.641
60.506
67.484
37.454
59.020
58.925
54.802
1.000
1.000
56.442
1.000
1.000
1.000
1.000
1.000
1.000
1.000
1.000
1.000
1.000
1.000
1.000
1.000
1.000
18.963
1.000
1.000
1.000
41.011
68.738
71.466
75.492
75.509
69.936
50.153
44.596
1.000
1.000
1.000
1.000
1.000
1.000
1.000
1.000
1.000
1.000
1.000
1.000
53.211
56.351
66.958
66.085
1.000
1.000
1.000
1.000
1.000
1.000
1.000
1.000
25.480
25.972
35.752
38.309
60.048
58.010
65.388
39.683
62.073
55.847
44.668
59.429
1.000
1.000
1.000
1.000
1.000
1.000
1.000
1.000
1.000
1.000
1.000
1.000
1.000
1.000
1.000
1.000
1.000
1.000
1.000
1.000
1.000
1.000
1.000
1.000
42.894
51.952
45.899
56.338
62.044
60.968
1.000
1.000
1.000
1.000
1.000
1.000
1.000
1.000
1.000
1.000
1.000
1.000
1.000
1.000
1.000
1.000
1.000
1.000
1.000
1.000
1.000
1.000
66.757
1.000
1.000
1.000
1.000
1.000
1.000
1.000
1.000
1.000
1.000
1.000
1.000
1.000
1.000
1.000
1.000
1.000
61.958
67.686
1.000
1.000
1.000
1.000
1.000
1.000
60.034
63.343
1.000
1.000
1.000
1.000
1.000
1.000
1.000
61.958
1.000
1.000
1.000
1.000
1.000
52.614
54.664
72.744
66.344
1.000
1.000
1.000
1.000
1.000
1.000
1.000
1.000
1.000
1.000
1.000
1.000
1.000
1.000
1.000
1.000
1.000
1.000
1.000
1.000
1.000
26.461
1.000
51.050
30.388
29.655
1.000
1.000
1.000
1.000
1.000
1.000
1.000
1.000
1.000
63.900
55.475
70.291
77.037
69.279
66.359
66.283
76.366
1.000
1.000
1.000
1.000
1.000
1.000
1.000
1.000
1.000
1.000
1.000
1.000
1.000
1.000
1.000
1.000
1.000
1.000
1.000
1.000
1.000
1.000
1.000
1.000
1.000
1.000
1.000
1.000
1.000
1.000
1.000
1.000
1.000
1.000
1.000
1.000
1.000
1.000
1.000
1.000
1.000
1.000
1.000
1.000
1.000
1.000
1.000
1.000
1.000
1.000
1.000
1.000
1.000
1.000
1.000
1.000
1.000
1.000
1.000
1.000
1.000
1.000
1.000
1.000
1.000
1.000
1.000
1.000
1.000
1.000
1.000
1.000
1.000
1.000
1.000
1.000
1.000
1.000
1.000
1.000
1.000
1.000
1.000
1.000
1.000
1.000
1.000
1.000
1.000
1.000
1.000
1.000
1.000
1.000
1.000
1.000
1.000
1.000
1.000
1.000
1.000
48.073
1.000
1.000
1.000
1.000
1.000
1.000
1.000
1.000
1.000
1.000
1.000
1.000
1.000
1.000
1.000
1.000
1.000
1.000
1.000
1.000
1.000
1.000
1.000
1.000
1.000
1.000
1.000
1.000
1.000
1.000
1.000
1.000
1.000
1.000
1.000
1.000
1.000
1.000
1.000
1.000
1.000
1.000
1.000
1.000
1.000
1.000
1.000
1.000
1.000
37.515
39.319
1.000
1.000
1.000
1.000
1.000
1.000
1.000
1.000
41.879
36.350
1.000
1.000
1.000
1.000
1.000
1.000
1.000
1.000
1.000
1.000
1.000
1.000
1.000
1.000
32.681
1.000
1.000
1.000
1.000
1.000
1.000
1.000
1.000
1.000
25.817
1.000
1.000
1.000
1.000
1.000
1.000
1.000
1.000
1.000
1.000
1.000
1.000
1.000
1.000
1.000
1.000
1.000
1.000
1.000
1.000
28.860
1.000
1.000
1.000
25.751
1.000
1.000
1.000
1.000
74.972
85.153
1.000
1.000
1.000
1.000
1.000
1.000
1.000
1.000
1.000
1.000
1.000
18.625
20.744
1.000
23.410
52.966
53.162
1.000
1.000
1.000
1.000
1.000
1.000
1.000
1.000
24.757
24.666
37.532
22.751
25.090
28.307
25.363
41.562
38.124
35.400
40.318
62.445
69.631
43.142
64.968
61.461
50.096
1.000
1.000
1.000
1.000
1.000
1.000
1.000
1.000
1.000
1.000
1.000
1.000
1.000
1.000
1.000
1.000
1.000
1.000
1.000
1.000
1.000
1.000
1.000
1.000
1.000
1.000
1.000
1.000
1.000
61.179
27.227
33.151
65.253
77.339
80.390
1.000
1.000
1.000
1.000
1.000
22.735
78.741
1.000
1.000
1.000
1.000
19.588
59.020
72.963
76.913
82.092
1.000
1.000
1.000
1.000
1.000
1.000
1.000
24.837
78.904
74.869
1.000
80.242
62.503
61.080
22.491
66.145
72.828
60.786
63.023
72.377
61.631
1.000
1.000
1.000
1.000
1.000
1.000
29.792
65.872
48.585
60.200
73.553
62.589
58.627
1.000
1.000
1.000
1.000
1.000
1.000
1.000
1.000
1.000
1.000
1.000
1.000
1.000
1.000
1.000
45.196
1.000
1.000
1.000
1.000
1.000
1.000
20.644
23.206
25.651
26.363
22.289
24.378
36.517
25.340
41.524
41.889
27.409
37.627
67.298
59.662
68.202
66.206
75.596
69.135
56.455
41.745
50.119
55.335
70.065
62.806
58.790
59.470
58.587
65.358
61.150
61.916
74.989
68.691
76.613
78.307
67.329
70.909
79.506
1.000
1.000
1.000
1.000
1.000
1.000
1.000
1.000
1.000
1.000
1.000
1.000
1.000
1.000
1.000
1.000
1.000
1.000
1.000
1.000
1.000
1.000
1.000
1.000
1.000
1.000
18.467
33.690
35.555
27.848
23.889
26.922
38.459
33.274
27.133
44.157
56.027
78.199
47.984
87.378
56.027
51.737
55.246
74.182
65.796
67.873
72.544
55.706
57.095
64.047
67.686
78.361
60.828
81.733
81.452
68.723
1.000
1.000
1.000
1.000
1.000
1.000
1.000
1.000
1.000
1.000
1.000
1.000
1.000
1.000
1.000
1.000
1.000
1.000
1.000
51.952
45.134
68.171
65.223
73.266
29.100
30.416
57.214
52.012
35.197
43.813
49.442
62.431
1.000
1.000
1.000
1.000
1.000
1.000
1.000
1.000
1.000
1.000
1.000
1.000
1.000
1.000
1.000
1.000
1.000
1.000
1.000
1.000
1.000
1.000
1.000
1.000
1.000
1.000
1.000
1.000
1.000
1.000
1.000
1.000
1.000
1.000
1.000
1.000
1.000
1.000
1.000
1.000
1.000
1.000
1.000
1.000
1.000
66.604
41.238
34.674
75.666
73.266
42.983
46.494
60.284
54.475
48.184
51.820
1.000
1.000
46.004
59.252
1.000
1.000
1.000
1.000
1.000
1.000
1.000
1.000
1.000
1.000
1.000
1.000
1.000
1.000
1.000
1.000
1.000
1.000
1.000
1.000
1.000
1.000
1.000
1.000
1.000
1.000
1.000
1.000
1.000
1.000
1.000
1.000
1.000
1.000
1.000
1.000
1.000
1.000
1.000
1.000
1.000
1.000
29.580
45.373
47.479
68.312
73.638
54.903
32.085
1.000
1.000
1.000
1.000
1.000
1.000
1.000
1.000
1.000
1.000
1.000
1.000
37.515
47.282
58.898
64.565
66.359
48.462
36.568
44.361
1.000
1.000
1.000
1.000
1.000
1.000
1.000
1.000
1.000
1.000
1.000
1.000
70.615
84.450
1.000
1.000
1.000
1.000
1.000
1.000
82.262
86.676
1.000
1.000
1.000
1.000
1.000
1.000
1.000
1.000
23.540
27.587
76.278
75.284
65.358
71.746
1.000
1.000
1.000
1.000
1.000
1.000
1.000
1.000
1.000
58.871
64.417
1.000
1.000
1.000
1.000
1.000
22.652
24.384
21.712
23.605
22.636
19.346
39.237
38.133
24.105
25.212
21.888
24.808
32.961
33.978
24.894
25.427
84.431
75.232
46.860
58.251
50.165
50.711
37.940
30.479
28.754
57.637
74.972
44.279
47.523
52.300
62.144
68.344
68.360
73.570
78.741
83.445
45.238
81.546
68.250
69.215
95.786
95.852
78.795
73.655
90.178
63.431
64.789
70.746
75.579
57.135
68.312
78.109
79.305
1.000
1.000
81.283
46.494
46.957
71.664
67.019
1.000
1.000
1.000
1.000
1.000
1.000
1.000
1.000
1.000
1.000
1.000
1.000
1.000
1.000
1.000
1.000
1.000
1.000
1.000
1.000
1.000
1.000
1.000
1.000
1.000
1.000
1.000
1.000
1.000
1.000
1.000
1.000
1.000
1.000
36.509
46.302
43.995
47.490
55.017
56.964
66.390
74.593
74.817
69.679
1.000
1.000
1.000
1.000
1.000
1.000
1.000
1.000
1.000
1.000
1.000
1.000
1.000
1.000
1.000
1.000
1.000
1.000
1.000
1.000
1.000
1.000
1.000
1.000
1.000
1.000
1.000
1.000
20.403
21.111
22.720
24.883
24.751
30.360
28.203
28.714
30.818
27.416
41.124
52.119
35.441
35.197
30.867
34.602
57.346
65.902
35.205
40.031
28.987
31.067
42.150
24.587
26.230
47.228
57.743
1.000
1.000
1.000
1.000
1.000
1.000
1.000
1.000
1.000
1.000
1.000
1.000
1.000
1.000
1.000
1.000
1.000
1.000
1.000
1.000
1.000
1.000
1.000
1.000
1.000
1.000
1.000
1.000
1.000
1.000
1.000
1.000
1.000
1.000
1.000
1.000
22.620
27.682
26.074
44.473
35.011
35.432
43.471
38.770
36.375
33.121
27.485
27.102
70.307
58.076
69.199
63.445
68.992
50.804
56.338
53.678
61.504
49.808
52.481
59.074
65.917
65.766
66.942
92.662
86.060
61.235
81.171
65.963
65.178
70.210
79.323
73.943
70.097
1.000
1.000
69.582
79.323
1.000
1.000
1.000
1.000
1.000
1.000
1.000
1.000
1.000
1.000
1.000
1.000
1.000
1.000
1.000
1.000
1.000
1.000
1.000
1.000
1.000
1.000
1.000
1.000
1.000
1.000
1.000
1.000
1.000
1.000
1.000
1.000
1.000
1.000
1.000
40.588
41.822
75.579
85.330
43.621
50.176
48.574
51.976
1.000
1.000
1.000
1.000
1.000
1.000
1.000
1.000
1.000
1.000
1.000
1.000
1.000
1.000
1.000
1.000
1.000
1.000
1.000
1.000
1.000
1.000
30.353
31.340
27.296
25.357
32.055
25.229
27.669
22.699
22.182
42.092
41.429
19.597
36.728
52.083
52.930
18.871
19.665
48.876
26.418
68.580
73.961
64.343
64.106
56.637
56.131
57.783
54.063
53.383
59.347
63.548
49.865
49.102
55.386
70.502
71.713
73.282
75.301
61.419
35.506
39.319
62.661
70.762
53.260
49.774
45.814
46.377
80.371
84.606
72.294
85.231
93.325
1.000
1.000
81.246
1.000
1.000
1.000
1.000
1.000
1.000
1.000
1.000
1.000
1.000
1.000
1.000
1.000
1.000
1.000
1.000
1.000
1.000
1.000
1.000
1.000
1.000
1.000
1.000
1.000
1.000
1.000
1.000
1.000
1.000
1.000
1.000
1.000
1.000
1.000
1.000
1.000
1.000
1.000
1.000
1.000
1.000
1.000
1.000
1.000
1.000
1.000
1.000
1.000
1.000
21.228
24.121
23.768
34.930
40.096
35.810
42.286
25.159
28.301
65.373
50.933
49.351
34.206
40.532
58.157
62.907
51.558
53.839
69.679
46.741
47.217
48.173
1.000
1.000
1.000
1.000
1.000
1.000
1.000
1.000
1.000
1.000
1.000
1.000
1.000
1.000
1.000
1.000
1.000
1.000
1.000
1.000
1.000
1.000
1.000
1.000
1.000
1.000
1.000
1.000
1.000
1.000
1.000
1.000
1.000
1.000
1.000
1.000
23.286
27.676
26.829
55.170
60.353
53.666
61.759
49.659
56.925
1.000
1.000
1.000
1.000
1.000
1.000
1.000
1.000
1.000
1.000
1.000
23.823
23.486
1.000
1.000
1.000
1.000
1.000
1.000
1.000
1.000
1.000
1.000
1.000
1.000
1.000
1.000
1.000
1.000
1.000
1.000
1.000
1.000
1.000
1.000
51.251
60.940
85.684
70.974
55.463
62.030
67.749
71.614
1.000
1.000
1.000
1.000
1.000
1.000
1.000
1.000
1.000
1.000
1.000
1.000
1.000
1.000
1.000
26.291
26.977
26.122
33.350
55.093
63.709
46.925
47.918
57.095
66.344
1.000
1.000
1.000
1.000
1.000
1.000
1.000
1.000
1.000
1.000
1.000
1.000
1.000
1.000
1.000
1.000
1.000
1.000
1.000
1.000
1.000
1.000
1.000
1.000
1.000
1.000
1.000
1.000
1.000
1.000
1.000
1.000
1.000
1.000
1.000
1.000
1.000
1.000
1.000
1.000
1.000
1.000
1.000
1.000
43.251
55.731
90.824
91.622
53.064
59.511
56.325
50.315
66.988
73.468
76.860
74.748
1.000
1.000
1.000
1.000
1.000
1.000
1.000
1.000
1.000
1.000
1.000
1.000
1.000
1.000
1.000
1.000
1.000
1.000
1.000
1.000
1.000
1.000
1.000
1.000
1.000
1.000
1.000
1.000
1.000
1.000
