1.2679
1.4778
1.4740
1.2568
1.7173
1.3399
1.8668
1.8398
1.7072
1.9446
0
0
1.2967
1.2575
1.3072
1.3592
1.4306
1.3351
1.5770
1.7175
1.6935
1.3412
1.5515
1.5601
1.6259
1.7149
1.7801
1.5863
1.6151
1.6035
1.6651
1.6954
1.3081
1.8187
1.8120
1.7914
1.7426
1.8811
1.8763
1.6342
1.6105
1.4675
1.6418
1.6589
1.7312
1.7334
1.6836
1.6765
1.5812
1.6630
1.6854
1.7062
1.7745
1.9083
1.8548
1.8646
1.8884
1.8147
1.7950
1.6067
1.9880
2.0324
1.8408
1.8519
1.6733
1.9517
1.6962
1.6350
1.7563
1.7908
0
0
0
0
0
0
0
0
0
0
1.7863
1.9129
1.9312
1.8957
1.8631
1.9905
1.9772
0
0
1.4876
1.7470
1.9509
1.7855
1.8044
1.9347
0
0
1.3973
1.4575
1.2864
1.8857
1.9155
1.8203
1.7971
1.7915
1.8427
1.8002
1.8350
1.7814
1.7651
1.9314
1.9887
1.7993
1.8356
1.7873
1.8632
1.9533
1.9496
1.7307
1.8288
1.8329
0
0
0
0
0
1.4005
1.2203
1.5173
1.2888
1.6421
1.3289
1.3728
1.5293
1.6389
1.6107
1.6378
1.3695
1.2586
1.2526
1.7993
1.5538
1.5763
1.6985
1.6836
1.6761
1.6833
1.6868
1.7033
1.6518
1.7034
1.7533
1.7758
1.7161
1.7199
1.3128
1.3107
1.5903
1.6366
1.7799
1.8268
1.8985
0
0
0
0
0
0
0
0
0
0
0
0
0
1.1709
1.7992
1.7068
1.6471
1.7976
1.7849
1.7639
1.7578
1.8176
1.9456
1.9592
1.9023
1.8391
1.8536
1.8808
1.9050
1.9376
1.9892
1.8710
1.9094
1.8365
1.9229
1.9605
1.9239
1.9045
1.9022
0
0
0
0
1.4624
1.9200
1.7786
1.9144
1.9181
1.9724
1.9081
1.9733
0
0
0
0
0
0
0
0
1.5682
1.8197
1.8627
1.8931
1.9369
0
0
1.8886
1.9795
0
0
1.5027
1.8874
1.8931
1.6946
1.7143
1.7269
1.7540
1.9071
1.8722
1.8923
1.9436
1.7672
1.8558
1.8849
1.8857
2.0020
1.8874
1.9797
1.8417
1.8708
1.2082
1.2891
1.2834
1.3402
1.3398
1.2908
1.2949
1.2949
1.3460
1.4355
1.3534
1.4158
1.4286
1.6639
1.5113
1.6927
1.6684
1.4927
1.7099
1.7646
1.3547
1.7907
1.7192
1.8534
1.6456
1.7036
1.8719
1.5707
1.5206
1.7662
1.7744
1.8544
1.6634
1.6472
1.7591
1.7339
1.7112
1.9847
1.7958
1.8543
1.8476
1.8255
1.6355
1.6900
1.8764
1.8236
2.0443
2.0103
1.9010
1.7846
1.7429
1.8660
1.8566
1.7425
1.8015
1.5795
1.5745
1.6045
1.9431
1.9591
1.8857
1.9323
1.6205
1.8571
1.8288
1.8092
1.8267
1.6898
1.7765
1.4973
1.4568
1.9431
1.6793
1.6114
2.0474
2.0789
1.8679
1.8746
1.9053
1.8782
1.8585
1.9219
1.7174
1.6629
1.8921
1.6095
0
0
0
0
1.3060
1.8158
1.8498
1.5914
1.6416
1.8411
1.8559
1.8576
1.8922
1.7188
1.7846
1.7767
1.7714
1.8303
1.8313
1.9261
1.9186
1.8008
1.8199
0
0
0
0
0
0
0
0
0
0
0
0
0
1.4748
1.8756
1.9271
1.8635
1.9483
1.8179
1.8497
1.8973
1.8818
1.9195
1.9543
0
0
1.5967
1.5668
1.7721
1.7548
1.7377
1.8387
1.7871
1.8149
1.8716
1.9675
1.8326
1.8455
1.8801
1.8471
1.7428
1.7858
1.8599
1.8692
0
0
0
0
1.4596
1.6436
1.6760
1.7591
1.7855
1.7660
1.7819
1.8011
1.8041
1.8503
1.8397
1.7879
1.8320
1.7847
1.7700
0
0
0
0
0
0
1.6314
1.8226
1.8951
1.8668
1.7554
1.9567
1.9950
2.0151
1.9478
1.9165
0
1.5614
1.8738
0
1.9199
1.8990
1.7207
1.8947
0
0
0
1.2829
1.2977
1.3866
1.5818
1.7176
1.8106
1.8133
1.6406
1.7439
1.7812
1.8538
1.6669
1.5676
1.8327
1.8321
1.8442
1.8828
1.6374
1.7327
1.5943
1.6304
1.8361
1.7669
1.9976
1.7089
1.7465
0
0
0
0
0
0
1.1192
1.2257
1.4314
1.4564
1.5114
1.6668
1.5662
1.5789
1.5210
1.8161
1.7248
1.7218
1.7743
1.9459
1.9458
1.9581
1.9574
1.7465
1.7952
1.8028
1.8718
1.8209
1.8861
1.9257
1.8752
1.8689
1.8818
1.9200
1.7982
1.8627
1.8806
1.9268
1.9571
1.9396
1.9511
1.9827
1.8904
1.9075
1.8872
1.8768
1.9489
1.9089
0
0
0
0
1.1702
1.2295
1.3618
1.4975
1.5298
1.4924
1.6911
1.6279
1.4634
1.5254
1.6865
1.8677
1.6324
1.7647
1.7814
1.9170
1.9583
1.9561
1.9469
1.9055
1.8073
1.8673
1.9073
1.8672
1.9247
1.7622
1.9005
1.8481
1.9623
1.8548
1.8616
1.8759
1.8846
1.8705
2.0114
2.0120
1.9567
2.0505
1.9304
1.9084
1.9697
1.9174
1.9698
1.9738
0
0
1.2355
1.1624
1.1453
1.2268
1.2273
1.2813
1.2806
1.1976
1.3621
1.3040
1.2626
1.2694
1.2668
1.4703
1.4316
1.3620
1.3880
1.4353
1.3908
1.3661
1.6000
1.3241
1.4569
1.3341
1.3549
1.3886
1.5276
1.5354
1.5628
1.4913
1.6075
1.4143
1.6956
1.4339
1.4987
1.4860
1.3530
1.5281
1.7492
1.4745
1.5793
1.4850
1.7973
1.7503
1.7529
1.4276
1.3624
1.5180
1.5212
1.7573
1.6343
1.3450
1.6030
1.5934
1.6078
1.5937
1.4807
1.5775
1.5801
1.9138
1.7074
1.4798
1.4946
1.4241
1.5319
1.8501
1.5621
1.4575
1.8258
1.8400
1.4774
1.7770
1.5509
1.5456
1.8834
1.7733
1.7027
1.9362
1.9207
1.5456
1.4761
1.3954
1.6282
1.7590
1.7273
1.5729
1.5523
1.9218
1.7593
1.8484
1.6287
1.9617
1.9148
1.9246
1.9684
1.6194
1.9360
1.6929
1.9161
1.5972
1.9396
1.9350
1.8769
1.8475
1.6814
1.6990
1.6262
1.7996
1.9381
1.6127
1.8042
1.7418
1.8866
1.8233
1.7706
1.7699
1.8362
1.8592
1.8264
1.8592
1.6240
1.7668
1.5332
1.6523
1.7496
1.9902
1.5501
1.7323
1.6163
1.6128
1.9541
1.8790
1.8566
1.9116
1.5702
1.9417
1.8775
1.9344
1.9350
1.7189
1.8602
1.8651
1.5581
1.9304
1.8484
1.8270
1.9923
1.8764
1.8631
1.8741
1.8566
1.6973
1.8302
1.7072
2.0138
1.9374
1.8764
1.7278
1.7707
1.6585
1.9271
1.9351
1.9409
1.9160
1.5901
1.9571
1.7313
1.7601
1.9009
1.9791
1.7125
1.6358
1.5734
1.8549
1.7715
1.9124
1.8434
1.9926
2.0000
1.8384
1.6074
1.9285
1.8943
1.8005
1.8803
1.9862
1.8611
1.9662
1.9791
1.9860
1.8491
1.9006
1.9039
1.6908
1.8394
1.8809
1.9257
1.9272
1.8136
1.9536
1.9294
1.8959
1.7268
1.8706
1.9429
1.6701
1.7489
1.6247
1.7486
1.7512
1.8721
1.8814
1.7243
1.7472
1.8668
1.8000
1.9023
1.9594
1.7310
1.8007
1.9134
1.8041
1.8836
1.9760
1.8883
1.8946
1.8076
1.7662
1.7905
1.9392
1.8800
1.8553
1.8701
1.6708
1.8886
1.9161
1.8781
1.8220
1.8401
1.8395
1.7893
1.8069
1.8409
1.8967
1.8587
1.8450
1.8531
1.7967
1.7091
1.7693
1.9286
1.9038
1.6979
1.8855
1.9061
1.9285
1.8789
1.6784
1.7829
1.8104
1.8284
1.8352
1.7510
1.8982
1.8901
1.8298
0
0
0
1.7278
1.7513
0
0
1.9387
1.9808
0
0
0
0
1.8168
0
0
0
0
0
0
1.4486
1.4771
1.8886
1.6354
1.7414
1.8771
1.5644
1.7077
1.2954
1.8211
1.9776
1.8844
1.7925
1.8820
1.7416
1.8743
1.7796
1.8828
1.8210
1.3663
1.7419
1.6434
1.4857
1.7984
1.8795
1.8312
1.6745
1.7282
1.5693
1.5244
1.7313
1.7398
0
0
0
0
0
0
0
0
0
0
1.7448
1.6976
1.5387
1.7268
1.8297
1.7833
1.7751
1.7662
0
0
1.2082
1.2591
1.5072
1.4185
1.3631
1.3401
1.2337
1.2097
1.2572
1.2109
1.2202
1.2226
1.4552
1.2627
1.1759
1.2494
1.2163
1.7612
1.3218
1.2851
1.5293
1.3332
1.5033
1.4161
1.6987
1.5818
1.8578
1.5039
1.7385
1.6468
1.5740
1.7792
1.6452
1.4446
1.3805
1.6335
1.5888
1.6897
1.4766
1.3985
1.4493
1.3476
1.6545
1.6528
1.5858
1.6040
1.6610
1.7300
1.8136
1.8675
1.7035
1.7405
1.6458
1.6752
1.3735
1.5794
1.7592
1.7496
1.7691
1.7981
1.4726
1.8121
1.7914
1.7054
1.6237
1.4644
1.5577
1.7077
1.8035
1.8101
1.4961
1.6758
1.6477
1.6301
1.6494
1.5362
1.6726
1.6595
1.7228
1.6885
1.6675
1.6433
1.7285
1.7213
1.4676
1.4403
1.7254
1.8361
1.9277
1.6087
1.7603
1.7464
1.7086
1.6963
1.6989
1.7807
1.9255
1.8408
1.8905
1.7007
1.7501
1.9177
1.9144
1.7198
1.9364
1.9516
1.8102
1.5185
1.8301
1.8968
1.7853
1.6050
1.7672
1.8858
1.7268
1.7814
1.7698
1.7305
1.7089
1.7556
1.7001
1.7449
1.6117
1.6446
1.7028
1.7820
1.8995
1.6948
1.7676
1.7817
1.7841
1.9081
1.8044
1.7467
0
1.7451
0
0
0
0
0
0
0
0
0
0
0
0
0
0
0
0
0
0
0
0
1.9004
1.8465
1.3494
1.6791
1.7653
1.4356
1.3823
1.2451
1.3948
1.6243
1.5117
1.8002
1.7309
1.8241
1.8432
1.8074
1.8357
1.6965
1.8324
1.8225
1.8700
1.8480
0
1.3633
1.4719
1.5135
1.8846
1.8488
1.3635
1.3756
1.3601
1.2931
1.8122
1.8652
1.8979
1.9108
1.9302
1.9254
1.8589
1.8399
1.7900
1.7906
0
0
1.2304
1.2559
1.5361
1.2129
1.3264
1.2525
1.4909
1.5006
1.6739
1.6758
1.3419
1.6128
1.5532
1.6633
1.5314
1.3261
1.3361
1.3661
1.6666
1.6704
1.5716
1.6614
1.7284
1.7091
1.7745
1.6227
1.6968
1.6205
1.7247
1.7888
1.7969
1.7172
1.6874
1.7814
1.8014
1.5600
1.8176
1.8422
1.5887
1.6070
1.8138
1.7933
1.9011
1.9170
0
0
0
0
0
0
0
0
0
0
0
1.3262
1.2510
1.3346
1.8086
1.8011
1.6418
1.6434
1.7381
1.6518
1.7758
1.7568
1.9205
1.9192
1.8722
1.8539
1.7738
1.8344
1.8440
1.9164
1.9405
0
0
1.8800
1.8696
1.3418
1.3847
1.4018
1.4374
1.7182
1.7775
1.8469
1.8779
1.8369
1.7418
1.8271
1.8287
1.8363
1.7653
1.5367
1.5093
1.8322
1.8555
1.7926
1.7826
1.6221
1.6685
1.8440
1.8500
1.8516
1.7291
1.7584
1.7787
1.8084
1.8143
1.8513
1.7891
1.8355
1.8278
1.8302
1.7974
1.8812
1.8129
1.8213
1.8622
1.7094
1.7897
1.8676
1.8714
1.8181
1.8474
1.9262
1.9918
1.7667
1.7825
1.8584
1.8692
1.7633
1.7640
1.8461
0
0
0
0
0
0
0
0
1.3574
1.5564
1.7064
1.9823
1.9714
1.8296
1.8229
1.8652
1.9014
1.9480
1.8782
1.9278
1.9204
2.0150
2.0031
1.8588
1.8783
1.8837
1.8809
1.9319
1.9149
1.9413
1.9362
2.0198
1.9696
1.9551
1.9805
1.9229
1.9602
1.9180
1.9065
0
0
0
0
0
1.6215
1.6921
1.3543
1.3712
1.5162
1.5267
1.7108
1.7031
1.4095
1.4474
1.6293
1.6397
1.6622
1.5769
1.5811
1.8258
1.7763
1.7990
1.6587
1.6377
1.6520
1.7263
1.7287
1.6203
1.6669
1.7870
1.7007
1.6592
1.6956
1.7288
1.6827
1.8076
1.6988
1.7864
1.7031
1.8195
1.8248
1.9069
1.8324
1.9049
1.7637
1.7489
1.8143
1.8625
1.8206
1.8189
1.8520
1.9129
1.7947
1.8047
1.8827
1.8114
1.9014
1.9517
1.8442
1.9528
1.9654
1.7405
1.8239
1.8952
1.8368
1.7378
1.7611
0
0
0
0
0
0
0
0
0
0
0
0
1.3775
1.4930
1.3496
1.3524
1.5017
1.5262
1.6637
1.7158
1.5808
1.5876
1.5733
1.6015
1.6022
1.8007
1.7094
1.7636
1.7228
1.7516
1.7018
1.7428
1.6746
1.6001
1.6268
1.7906
1.6553
1.7012
1.6629
1.6944
1.5306
1.7933
1.8223
1.8525
1.8751
1.9102
1.7955
1.8715
1.8688
1.7698
1.7826
1.7962
1.9376
1.7344
1.7874
1.8130
1.7414
1.8744
1.8441
1.8427
1.9505
1.9693
1.7951
1.8350
1.8828
1.8656
1.7962
1.7572
1.7866
0
0
0
0
0
0
0
0
0
0
0
0
1.7268
1.7743
1.8092
1.8413
1.7702
1.7516
0
1.7823
1.9133
1.9076
0
0
1.6942
1.8528
1.9427
1.9746
0
0
1.7272
1.7172
1.9177
1.9165
1.8843
1.8933
0
1.7306
1.7907
1.8619
1.9112
1.9045
1.8985
1.9630
2.0146
2.0214
1.7926
1.7954
1.9042
0
1.9824
1.4158
1.4291
1.5851
1.6096
1.5871
1.7892
1.7075
1.7204
1.6879
1.7743
1.8381
1.7007
1.6664
1.7173
1.7780
1.7772
1.8669
1.9161
1.7803
1.8223
1.8538
1.8085
1.7827
1.8299
1.8283
1.9218
1.8941
1.8511
1.7541
1.7890
0
0
0
1.3618
1.5556
1.5907
1.6483
1.7668
1.7597
1.7653
1.7587
1.6610
1.6112
1.6573
1.6470
1.7132
1.8641
1.7601
1.8245
1.8902
1.8622
1.8966
1.7061
1.7935
1.9041
1.6756
1.7055
1.7603
1.8217
1.9563
1.9725
1.8545
0
0
0
0
0
0
1.3152
1.5793
1.4739
1.5308
1.4715
1.4570
1.6050
1.6002
1.6568
1.6894
1.5630
1.5167
1.6826
1.6606
1.7018
1.7048
1.7411
1.8069
1.8418
1.8129
1.8648
1.8416
1.6311
1.7131
1.7758
1.7736
1.7787
1.6379
1.6647
1.7762
1.7501
1.7948
1.8181
1.7714
1.7797
1.9699
1.9921
1.6703
1.6775
1.7889
1.8594
1.8913
1.8515
1.8050
1.8007
1.7879
1.8720
1.8720
1.7743
1.8500
1.8404
1.8787
1.8821
0
0
0
1.2351
1.2890
1.5695
1.6031
1.3694
1.4026
1.7388
1.7369
1.5248
1.5264
1.6595
1.7710
1.7033
1.7548
1.7154
1.7322
1.8197
1.7860
1.8468
1.8616
1.8754
1.5759
1.7043
1.8406
1.7287
1.7379
1.7366
1.7273
1.7901
1.7889
1.9369
1.8286
1.8069
1.7298
1.7700
1.7906
1.7765
1.7176
1.8218
1.7681
1.8189
1.7103
1.7965
1.6981
1.7235
1.7820
1.7667
1.7648
1.7953
1.8184
1.7639
1.8937
1.9793
1.8338
1.8510
1.8132
1.8954
1.8153
1.8412
0
0
0
0
0
1.5490
1.4086
1.2344
1.7277
1.4746
1.4793
1.4770
1.7306
1.5117
1.3366
1.2839
1.5164
1.5055
1.3085
1.3389
1.6274
1.4172
1.4475
1.9009
1.8142
1.6846
1.6621
1.6460
1.6366
1.6955
1.7559
1.5980
1.6311
1.6840
1.6995
1.7516
1.7142
1.7110
1.7344
1.7980
1.7012
1.7215
1.8547
1.8626
1.6196
1.7859
1.7999
1.7253
1.7349
1.6714
1.6296
1.6991
1.9023
1.9078
1.7513
1.6946
1.8031
1.8722
1.8384
1.8600
1.8174
1.8234
1.7498
1.7234
1.7241
1.7375
1.8306
1.8078
1.7302
1.8387
1.8021
1.7903
1.8527
1.9016
1.6351
1.6615
1.7673
1.8977
1.8773
1.9620
2.0036
1.7810
1.8026
1.7896
1.6708
1.7666
1.8249
1.8014
1.8562
1.6249
1.8721
1.9223
1.7547
1.8168
1.8472
1.9403
1.7597
1.9013
1.9165
1.8523
1.7715
1.8594
1.8876
1.8818
1.8064
1.8484
0
0
0
0
0
1.7316
1.6608
0
0
0
0
1.8672
1.7801
1.8324
1.8535
1.8440
1.8059
1.8254
1.8456
1.8756
1.7530
1.8371
1.7860
1.7700
1.8740
1.8657
1.8971
1.9079
1.8917
0
0
0
0
1.2021
1.2603
1.3000
1.3440
1.5528
1.6475
1.5723
1.5968
1.5498
1.7338
1.7322
1.4724
1.4830
1.4248
1.4344
1.6666
1.7544
1.5619
1.5869
1.7849
1.7999
1.7063
1.8161
1.8335
1.8603
1.8125
1.8377
1.8909
1.8503
1.8034
1.8055
1.7986
1.8590
1.8492
1.9209
1.8275
1.8514
1.8933
1.8361
1.6838
1.7217
1.9263
1.9228
1.8835
1.7573
1.7800
1.8992
1.9204
1.8776
1.9066
1.7924
1.8182
1.8540
1.7899
1.8755
1.7560
1.8808
1.8335
1.8345
1.8285
1.8487
1.8543
1.8829
1.7995
1.8645
1.8200
1.8357
1.7866
1.8236
1.9219
1.8633
1.8416
1.8669
1.8624
1.8454
1.9060
1.9576
1.8262
1.8347
1.8774
1.9025
1.8789
1.8954
1.9225
1.9001
1.8832
1.9616
1.8878
1.8858
1.8844
1.9281
0
1.8163
1.8603
0
0
0
0
0
0
0
0
0
0
0
0
0
0
1.7479
1.3040
1.3196
1.6463
1.5545
1.5376
1.5975
1.6273
1.4555
1.5999
1.7405
1.8195
1.6389
1.6252
1.4132
1.4022
1.6331
1.6230
1.8233
1.8586
1.7885
1.7400
1.8204
1.7354
1.7402
1.7015
1.7197
1.7566
1.8865
1.7968
1.8211
1.7492
1.8457
1.8612
1.6638
1.7941
1.8286
1.8356
1.8233
1.7889
1.8403
1.7560
1.8203
1.7888
1.7828
1.7137
1.8152
1.8610
1.7189
1.7212
1.7678
1.8042
1.9498
1.8978
1.6935
1.7982
1.7737
1.6825
1.8309
1.8311
1.8065
1.8030
1.8166
1.8532
1.8060
1.8666
1.7716
1.7734
1.7576
1.8378
1.8502
0
0
1.8759
1.8970
0
0
0
0
0
0
0
0
0
0
0
0
0
0
0
0
1.8046
1.8154
1.8290
1.8005
1.3563
1.3544
1.6687
1.7907
1.8310
1.9574
1.9670
1.7933
1.8400
1.7293
1.7705
2.0352
1.9364
1.7488
1.8100
1.8101
1.8254
2.0267
1.9900
1.8787
1.8870
0
0
0
0
1.3401
1.5301
1.4449
1.3942
1.3819
1.3841
1.4042
1.4567
1.4533
1.4781
1.4399
1.5117
1.3944
1.4931
1.4870
1.4174
1.4440
1.6713
1.6125
1.8035
1.6683
1.7914
1.7509
1.7047
1.7784
1.5635
1.6498
1.7773
1.7031
1.7703
1.6493
1.7639
1.8147
1.6040
1.8057
1.8497
1.8047
1.8303
1.7764
1.8004
1.7818
1.8072
1.8093
1.8271
1.8504
1.8548
1.7211
1.7655
1.8064
1.8247
1.8567
1.7992
1.7912
1.8703
1.9410
1.8861
1.8211
1.8182
1.9081
1.7854
1.8031
1.8830
1.8556
1.9135
1.8640
1.8315
1.8073
0
0
0
0
0
0
0
0
0
0
1.3515
1.3600
1.6771
1.4630
1.4230
1.5033
1.8392
1.9386
1.9848
1.7990
1.8519
1.8632
1.9271
1.7974
1.8138
1.7490
1.7485
1.8471
1.8669
1.6745
1.7388
1.8615
1.9325
1.8569
1.9046
1.7610
1.7503
1.9747
1.9724
1.8887
1.8927
1.8865
1.8679
0
0
0
0
1.7829
1.8408
1.9534
2.0095
1.9717
1.9723
1.9287
1.9160
1.9494
0
0
1.4653
1.4638
1.6050
1.6544
1.7623
1.7721
1.8435
1.8821
1.8436
1.8630
1.7452
1.8033
1.8714
1.8674
1.9051
1.9417
1.9444
1.9161
0
0
1.7756
1.7704
1.7240
1.8031
1.8280
1.9156
1.8584
1.8744
1.8375
1.9069
1.9756
1.8890
1.9452
0
0
0
0
1.6542
1.7380
1.5677
1.6078
1.8287
1.9284
1.8173
1.9397
1.8652
1.9099
1.8193
1.9615
1.8953
1.8816
0
0
0
0
1.2217
1.4533
1.2325
1.3165
1.3213
1.5199
1.2303
1.3046
1.4567
1.4038
1.3654
1.3301
1.3442
1.4081
1.4108
1.3354
1.3508
1.4393
1.4513
1.8815
1.3234
1.4137
1.3880
1.7169
1.8018
1.8518
1.5672
1.5354
1.8242
1.7997
1.7318
1.6631
1.7025
1.4225
1.4308
1.9395
1.9350
1.6906
1.7302
1.8741
1.8651
1.7014
1.6031
1.5409
1.6147
1.8541
1.8681
1.7279
1.7424
1.8190
1.8068
1.8228
1.8672
1.8128
1.7752
1.7300
1.8027
1.8010
1.8964
1.7300
1.7186
1.6546
1.8401
1.8725
1.6934
1.7317
1.8526
1.8638
1.7448
1.8006
1.4879
1.8367
1.7922
1.8207
1.8159
1.7686
1.8313
1.6084
1.9299
1.6998
1.7011
1.8896
1.8610
1.8319
1.7814
1.8051
1.7287
1.8020
1.8203
1.8506
1.9151
1.8389
1.8117
1.8093
1.6950
1.7528
1.8917
1.7210
1.7843
1.8442
0
0
1.8279
1.8761
0
0
1.7083
0
0
0
1.8436
1.8443
0
0
0
0
0
0
0
0
0
1.8120
1.7795
1.8005
1.9077
0
1.3556
1.6245
1.7434
1.8159
1.4785
1.4842
1.4279
1.5930
1.6032
1.5693
1.8351
1.8271
1.8264
1.5727
1.6411
1.7175
1.8062
1.8062
1.8483
1.7855
1.7913
1.6383
1.6459
1.8550
1.8285
1.8308
1.7833
1.7410
1.7953
1.9322
1.9873
1.7478
1.7506
1.8272
1.7585
1.8134
1.7852
1.8121
1.6567
1.7133
1.8159
1.8103
1.8477
1.8194
1.8557
1.8049
1.7832
1.8130
1.7860
1.7312
1.8514
1.8723
1.8881
1.8553
1.8078
1.9453
1.9374
1.8721
1.7578
1.8143
1.8491
1.8006
1.8350
1.8522
1.7405
1.7547
1.7136
1.7878
1.7859
1.8559
1.9149
1.7840
1.7884
1.9081
1.8688
1.7808
1.9431
1.9174
1.8943
1.8965
1.9408
1.9388
1.9687
1.9451
0
0
0
0
0
0
0
1.4462
1.2564
1.3184
1.2956
1.3065
1.3212
1.7224
1.8060
1.8555
1.8870
1.8313
1.8324
1.8492
1.8776
1.9962
1.8609
1.8780
1.7468
1.7867
1.8971
1.9373
1.8694
1.8776
1.9033
1.8980
1.8403
1.8484
1.8941
1.9626
1.9622
1.9787
1.9419
1.8445
1.9484
1.9109
1.9772
1.9808
1.9854
2.0002
1.9003
1.9097
2.0420
1.8998
1.9172
1.8957
1.8924
1.8810
1.9648
1.8359
2.0212
1.9858
2.0108
2.0302
1.8822
1.8873
1.8843
0
0
1.9968
1.9539
1.9385
1.9029
0
0
0
0
1.5274
1.3874
1.3112
1.4968
1.5862
1.6865
1.7302
1.5454
1.2943
1.6139
1.5555
1.3779
1.3353
1.5204
1.8636
1.8722
1.9560
1.2380
1.6228
1.6248
1.3027
1.4206
1.3487
1.4893
1.4666
1.8662
1.8757
1.7415
1.7839
1.3872
1.8521
1.9110
1.9294
1.9713
1.8849
2.0241
1.8745
1.9095
1.9099
1.8397
1.8981
1.9503
1.8526
1.8287
1.8884
1.6999
1.9079
1.9023
1.8397
1.9075
1.8122
1.8479
1.8047
1.7654
1.7164
1.7223
1.8517
1.8597
1.7804
1.7874
1.9077
1.9282
1.6577
1.7015
1.8952
1.8204
1.8703
1.8979
1.7494
1.7558
1.8452
1.8258
1.9183
1.8640
1.6899
1.8635
1.8934
1.9013
1.8411
1.8027
1.9224
1.9426
1.8352
1.8499
1.8946
1.8836
1.8973
1.9251
1.8569
1.8554
1.9294
1.8034
1.7929
1.6959
1.6957
1.8854
1.9182
1.8174
1.8063
1.4897
1.7623
1.9376
1.9389
0
1.8338
1.8842
1.8688
1.8602
0
0
0
0
0
0
0
1.3313
1.3133
1.3102
1.2461
1.3543
1.3826
1.3636
1.5205
1.6730
1.6922
1.5032
1.4300
1.7136
1.6010
1.5783
1.6084
1.4011
1.4296
1.4179
1.4105
1.8246
1.7930
1.5205
1.5059
1.5169
1.6987
1.6975
1.5140
1.5066
1.6906
1.7293
1.7013
1.7291
1.7469
1.8055
1.8513
1.7906
1.8464
1.8954
1.9311
1.9744
1.8823
1.8917
1.9233
1.8421
1.8336
1.9054
1.8235
1.8659
1.8449
1.8832
1.8497
1.9161
1.8913
1.8748
1.8152
1.8339
1.6655
1.6719
1.8762
1.8389
1.7836
1.8357
1.8396
1.8395
1.7769
1.7955
1.9220
1.8552
1.8142
1.8983
1.8546
1.8287
1.8496
1.9310
1.8175
1.8069
1.8716
1.7920
1.7814
1.8968
1.9372
1.7886
1.8537
1.8190
1.8478
1.8341
1.8270
1.7698
1.7812
1.8642
1.7956
1.8248
1.8599
1.8724
1.9454
1.8990
1.8795
1.9029
1.8860
1.8633
0
0
0
0
0
0
1.3415
1.3463
1.6359
1.6373
1.6682
1.6932
1.7708
1.8235
1.8015
1.8303
1.7644
1.7443
1.8807
1.8917
1.8406
1.8081
0
0
0
0
0
1.7536
1.7430
1.8109
1.8277
0
0
0
0
0
1.7098
1.6897
1.8210
1.8159
1.8234
1.9040
1.8617
1.8417
1.7958
1.8871
1.8535
1.8599
1.9497
1.9027
1.8871
1.8981
1.9302
1.8706
1.8951
1.8983
1.9335
1.9111
1.9503
1.9200
0
0
1.8983
1.8877
1.8336
0
1.6747
1.6816
1.8580
1.9000
1.8030
1.8317
1.9573
1.9251
1.9189
1.9436
1.8337
1.8586
1.8759
1.8757
1.8191
1.8327
1.9387
1.9767
0
0
0
1.3065
1.8742
1.7741
1.7909
1.9506
1.9551
1.9545
1.9425
1.8263
1.8101
1.7460
1.7749
1.8350
1.8254
1.8491
1.8121
0
0
1.3341
1.3159
1.5060
1.4242
1.4175
1.4617
1.4126
1.4471
1.4206
1.4821
1.3042
1.5641
1.4056
1.5030
1.5042
1.6188
1.3608
1.3677
1.6048
1.6291
1.4607
1.4774
1.3349
1.2998
1.5274
1.5364
1.5650
1.6645
1.5904
1.5863
1.6039
1.6355
1.8678
1.8196
1.4437
1.7363
1.4009
1.4533
1.5172
1.8168
1.6766
1.7492
1.5317
1.6641
1.5250
1.6311
1.8311
1.8213
1.7006
1.7698
1.6826
1.5585
1.8140
1.7902
1.6602
1.7487
1.8117
1.8088
1.7009
1.7423
1.6734
1.6736
1.7068
1.4857
1.5846
1.6681
1.6838
1.6865
1.8330
1.8474
1.8664
1.9385
1.6201
1.8680
1.9630
1.9055
1.9015
1.7416
1.7442
1.8989
1.8803
1.9064
1.6273
1.8616
1.9144
1.9078
1.8752
1.8797
1.8899
1.9578
1.7588
1.8029
0
0
0
0
1.8983
1.9441
0
0
0
0
0
0
0
0
0
0
1.7664
1.7775
0
0
0
0
1.4164
1.4259
1.4796
1.4508
1.3650
1.3942
1.7878
1.3899
1.4166
1.3735
1.3888
1.5010
1.5257
1.8546
1.5048
1.5964
1.5669
1.5885
1.5566
1.8328
1.6815
1.7452
1.6451
1.6800
1.7141
1.6582
1.6459
1.7404
1.7595
1.8295
1.9043
1.7867
1.8071
1.8696
1.8624
1.8878
1.9335
1.8468
1.8869
1.8138
1.8502
1.8380
1.8461
1.7325
1.7685
1.8485
1.8572
1.8432
1.9115
1.8576
1.8972
1.7396
1.8093
1.8723
1.7285
1.9312
1.8132
1.8095
1.8963
1.9070
1.7820
1.8141
1.8186
1.8034
1.8465
1.9228
1.9349
1.8739
1.8882
1.9213
1.8314
1.8257
1.8862
1.8684
1.9146
1.8534
1.8166
1.8392
1.7732
1.9211
1.9453
1.8411
1.8373
1.8599
1.9005
1.8197
1.8355
1.8610
1.8518
1.7872
1.7980
1.8866
1.8749
1.8826
1.8314
1.8559
0
0
0
1.8294
0
0
0
0
0
0
1.9407
1.8649
1.8773
1.8350
0
0
0
0
0
0
1.8090
1.7873
1.6699
1.7114
1.7160
1.8322
1.8322
1.6292
1.6636
1.9303
1.8601
1.8859
1.7794
1.7870
0
1.7468
1.8544
0
1.4824
1.8883
1.8766
1.8742
1.8994
1.9040
1.9584
1.8540
1.8684
1.9159
1.8533
1.9091
1.8979
1.8275
1.8551
1.7639
1.7369
1.8306
0
0
1.9118
1.9590
1.5239
1.2729
1.7468
1.7154
1.6138
1.6333
1.7769
1.7864
1.7803
1.8059
1.7385
1.8457
1.8596
1.8591
1.8918
1.9246
1.9227
1.8971
1.9018
1.9610
1.9464
1.8639
1.7792
1.7929
1.8689
1.9323
1.9729
0
0
1.3287
1.5020
1.5180
1.6680
1.6680
1.7639
1.8184
1.7645
1.7987
1.8592
1.9120
1.8805
1.8843
1.8992
1.8243
1.8010
1.8534
1.8844
1.9808
1.8361
1.7183
0
0
0
0
1.8804
1.7391
1.7955
1.8951
1.9097
1.9233
1.9375
1.8494
1.8926
1.7979
1.8152
1.7469
1.8389
1.9467
1.9352
1.8559
1.7218
1.7499
1.8797
1.9157
1.9473
1.9382
1.8329
1.9889
0
0
1.8862
1.7395
1.7408
1.7799
1.3723
1.2008
1.5219
1.5111
1.4107
1.4107
1.5392
1.5477
1.5076
1.5747
1.7276
1.9471
1.9116
1.9022
1.8986
1.8377
1.8410
1.8574
1.8882
1.9415
1.6264
1.5541
1.6122
1.7641
1.8109
1.9621
0
0
0
0
0
0
1.6002
1.6258
1.8176
1.7673
1.8501
1.9168
1.9521
1.8665
1.9226
2.0348
1.9635
1.8521
1.8338
1.9511
1.9499
1.9267
1.8930
1.9105
0
0
0
0
0
1.8942
1.8423
1.8916
1.8975
1.8771
1.9208
1.9811
1.9322
1.7834
1.8134
1.8301
1.8261
1.8977
1.9546
1.9910
1.9648
1.8662
1.9058
0
0
1.3105
1.3800
1.3584
1.5939
1.6446
1.5798
1.6103
1.5406
1.6262
1.7650
1.7825
1.8431
1.7691
1.8392
1.8644
1.8269
1.8318
1.8770
1.8913
1.7544
1.7086
1.7735
1.7874
1.7529
1.7746
1.9571
1.9285
1.9658
0
0
0
0
0
1.6964
1.6853
1.8005
1.8235
1.8846
1.8788
1.8812
1.8855
1.8276
1.9169
1.8794
1.8995
1.8595
1.9389
1.9038
1.2609
1.5212
1.4858
1.5895
1.6399
1.6772
1.6562
1.7318
1.7530
1.7001
1.8334
1.8526
1.8716
1.8668
1.8860
1.8697
1.8889
1.9090
1.8699
1.7855
1.6843
1.8591
1.8771
1.7994
1.8438
1.9484
1.8578
1.9170
0
0
1.3842
1.2991
1.4495
1.4910
1.5652
1.6124
1.5678
1.6263
1.6875
1.5892
1.7483
1.8027
1.8154
1.8735
1.8646
1.8870
1.8801
1.9099
1.9239
1.7964
1.7140
1.8018
1.8494
1.8287
1.8472
2.0116
1.9692
1.9404
1.6498
1.6375
1.9001
1.8412
1.7802
1.7918
1.9051
1.8700
1.8796
1.9003
1.8783
1.9144
1.9569
1.9660
1.8630
1.7970
1.7933
1.8630
1.7964
1.9998
0
0
0
1.4944
1.7693
1.8022
1.8701
1.9012
1.9174
1.9001
1.8859
1.9585
1.8498
1.9136
1.9094
1.9444
1.9415
1.9133
1.9229
1.8909
1.8928
1.9715
1.9823
1.8819
1.8569
1.9009
1.9297
1.9089
1.9225
0
2.0383
1.9971
0
0
1.3834
1.4189
1.4951
1.6982
1.4612
1.5121
1.8748
1.9289
1.9399
1.8007
1.7446
1.8678
1.8477
1.8502
1.8163
1.7738
1.8544
1.9252
1.9387
1.8281
2.0281
1.9693
1.7533
1.8198
1.8875
1.9034
1.8946
1.8379
1.7643
1.7439
1.8984
1.7960
1.7711
1.9964
2.0134
0
1.8583
1.8489
0
0
1.9099
1.9601
0
0
0
0
0
0
1.7083
1.6968
1.7131
1.7133
1.7904
1.7614
1.8465
1.9048
1.8773
1.9198
1.8594
1.8170
1.8298
1.8337
1.9483
1.9071
1.8663
1.7931
1.8496
1.8255
1.8316
1.8650
0
0
1.9123
0
1.3172
1.4753
1.4500
1.6502
1.8484
1.9167
1.8511
1.9008
1.7872
1.8359
1.8670
1.8907
1.8819
1.6923
1.5380
1.7902
1.8098
1.7498
1.7860
1.9450
1.8104
1.9362
0
0
1.5619
1.5822
1.7645
1.7767
1.8093
1.8512
1.8104
1.8382
1.8363
1.8255
1.8411
1.9305
1.8376
1.8018
1.7723
0
0
0
0
0
1.7640
1.7151
1.8770
1.9351
1.8817
1.9523
1.8942
1.9148
1.9493
1.8314
1.8854
1.9329
1.9265
1.9717
0
0
1.2897
1.2966
1.3582
1.5177
1.3070
1.3441
1.4973
1.3360
1.4002
1.4096
1.3365
1.3464
1.3803
1.3769
1.4705
1.4804
1.5003
1.8288
1.6370
1.6985
1.6514
1.6617
1.6873
1.4652
1.4877
1.5683
1.5112
1.5886
1.7419
1.7824
1.6426
1.6824
1.5767
1.6220
1.5320
1.7071
1.8186
1.8565
1.6798
1.5629
1.7251
1.7761
1.7258
1.7589
1.6602
1.7419
1.7589
1.6658
1.6744
1.6838
1.6640
1.7251
1.6474
1.6535
1.6850
1.8295
2.0267
1.8262
1.9287
1.6467
1.7617
1.7603
1.7933
1.6499
1.6616
1.9208
1.8824
1.8595
1.8094
1.8685
1.8176
1.8046
1.7824
1.8908
1.8090
1.8132
1.8058
1.7652
1.6994
1.6577
1.8405
1.7772
1.7999
1.8022
1.8697
1.9488
0
0
0
0
0
0
0
0
0
0
0
0
0
1.4383
1.4915
1.7385
1.4262
1.6068
1.5988
1.5964
1.6056
1.5718
1.6489
1.4709
1.4093
1.6033
1.7235
1.7582
1.7271
1.7728
1.8064
1.7585
1.8318
1.7783
1.7628
1.8022
1.7177
1.7451
1.8951
1.8755
1.8134
1.9039
1.8911
0
0
1.4216
1.4884
1.4892
1.5484
1.6421
1.7039
1.7348
1.8098
1.7503
1.8649
1.8738
1.8786
1.9039
1.8300
1.8428
1.8348
1.8677
1.7722
1.7611
1.9550
1.9153
2.0232
1.8529
1.8811
1.8414
1.8354
1.7448
1.3355
1.3738
1.3710
1.3490
1.4325
1.4496
1.4702
1.5280
1.3810
1.4201
1.4848
1.4809
1.7734
1.8009
1.8188
1.8876
1.6157
1.7179
1.6250
1.7924
1.7179
1.7722
1.7146
1.7637
1.6518
1.7438
1.8246
1.6291
1.6696
1.7432
1.8221
1.8029
1.7229
1.8121
1.7594
1.8148
1.7854
1.8276
1.9385
1.9157
1.8467
1.8416
1.8446
1.8430
1.8052
1.8117
1.8401
1.7299
1.7758
1.8713
1.8738
1.8815
1.8603
1.7780
1.8080
1.7675
1.5932
1.7724
1.7461
1.7970
1.8362
1.8715
1.8159
1.8236
1.8596
1.8435
1.8537
1.8262
1.8424
1.7210
1.8062
1.8373
1.8048
1.8101
1.8260
1.7318
1.7855
1.8359
1.8787
1.8900
1.7561
1.8812
1.7778
1.8314
1.8036
0
0
0
0
0
0
0
1.7193
1.7813
1.7936
1.8383
1.8941
1.8425
1.8938
1.9243
1.9025
1.7923
1.8750
1.9048
1.8856
1.8902
1.8593
1.9360
1.9288
1.7282
1.8972
1.8854
1.8814
0
1.8788
0
1.7185
1.7619
1.8354
1.9044
0
0
1.7976
1.3101
1.5095
1.5315
1.4723
1.4862
1.4319
1.4624
1.4714
1.7343
1.4633
1.6260
1.8431
1.8217
1.8401
1.6498
1.8168
1.5116
1.5341
1.6697
1.7528
1.6897
1.7570
1.8437
1.7021
1.8550
1.8841
1.8944
1.7776
1.8349
1.7452
1.8144
1.7019
1.9030
1.9425
1.8445
1.8555
1.8564
1.9376
1.8214
1.9094
1.7806
1.8015
1.8033
1.8329
1.9748
0
0
0
0
0
0
0
1.7612
1.8381
0
0
0
0
0
1.6664
1.3162
1.4233
1.3754
1.6069
1.6242
1.6913
1.7503
1.6227
1.6503
1.6387
1.6851
1.7367
1.8519
1.8330
1.8485
1.8959
1.8526
1.8058
1.8199
1.8396
1.7302
1.8188
1.8116
1.8689
1.8860
1.6687
1.6688
1.6715
1.7753
1.7805
1.8126
1.9412
1.8722
1.9274
0
0
1.7268
1.7378
1.6490
1.6394
1.7579
1.7458
1.7433
1.7981
1.8339
1.8640
1.8625
1.8808
1.9110
2.0201
1.9925
1.7500
1.7296
1.9086
1.8814
1.8906
1.9144
1.9446
0
0
0
0
1.7094
1.7326
1.7203
1.7648
1.7670
1.7662
1.7719
1.8111
1.8212
1.8360
1.8431
1.7826
1.8062
1.8437
1.8692
1.8211
1.9112
1.9310
1.8887
1.9312
1.9244
1.9266
1.8425
1.8761
1.9385
1.9542
1.8760
1.7756
0
0
0
0
0
0
0
1.9607
1.9393
1.7237
1.7712
1.7294
1.7997
1.7979
1.8704
1.7450
1.7331
1.7922
1.6966
1.8299
1.8173
1.7978
1.7576
1.7184
0
0
0
0
1.8193
1.8178
1.8487
1.8555
1.8838
1.8813
1.7631
1.8849
1.8991
1.7975
1.8438
1.8684
1.9209
0
0
1.2178
1.3017
1.5991
1.3531
1.4268
1.5878
1.5171
1.5506
1.4804
1.4516
1.6874
1.6788
1.6686
1.5908
1.7936
1.7910
1.9362
1.9466
1.8835
1.9501
1.8949
1.8057
1.8275
1.8731
1.8545
1.8183
1.8680
1.7427
1.8813
1.9363
1.8499
1.8290
1.8773
1.8800
2.0292
1.9258
1.8737
1.9371
1.8350
1.8144
1.7565
1.9008
1.9194
1.8300
1.7804
1.8310
1.8924
1.9351
1.8792
1.8192
1.8281
1.8231
1.7827
1.8673
1.8856
1.8977
1.7421
1.8494
1.9097
1.9313
1.8148
1.9102
2.0018
1.9295
1.8530
1.8428
1.9069
1.9405
1.9402
1.8838
1.9455
1.9570
1.7653
1.7595
1.9894
1.9858
1.7904
1.7803
1.8750
1.9219
1.8602
1.8473
1.9553
1.8912
1.8890
1.8385
1.9869
1.9438
1.9334
1.9094
1.9207
1.8982
1.8841
1.8690
0
0
0
0
0
0
0
0
0
1.2960
1.3363
1.3858
1.2333
1.3727
1.3710
1.6357
1.4528
1.3916
1.4017
1.4498
1.4402
1.4716
1.4638
1.5070
1.4510
1.4767
1.3951
1.4337
1.4313
1.5907
1.6771
1.4149
1.5728
1.3851
1.3888
1.3904
1.3890
1.4319
1.4337
1.5026
1.5014
1.6422
1.5929
1.7229
1.8356
1.5527
1.6853
1.6122
1.7566
1.6629
1.7249
1.7462
1.7351
1.7806
1.8138
1.7842
1.6339
1.8693
1.6722
1.7161
1.8695
1.7238
1.7085
1.7007
1.7757
1.7719
1.5660
1.8113
1.7911
1.8027
1.8018
1.7706
1.7964
1.7762
1.8124
1.7899
1.8530
1.7938
1.8889
1.8188
1.7947
1.7796
1.8470
1.7096
1.7179
1.7606
1.8544
1.8316
1.8251
1.7960
1.8120
1.8868
1.8811
1.8480
1.6068
1.8711
1.8653
1.7524
1.7818
1.9066
1.8391
1.7312
1.7028
1.7681
1.8165
1.8206
1.7894
1.8233
1.7599
1.7166
1.8318
1.8416
1.8348
1.7784
1.8316
1.8504
1.8299
1.8549
1.8551
1.8280
1.8829
1.8270
1.9046
1.8538
1.8332
1.7954
1.8233
0
1.8601
1.8490
1.7598
1.8240
1.7814
1.8280
0
0
0
0
0
0
0
0
0
0
0
0
0
0
0
0
1.8217
1.8419
1.7965
0
0
1.3299
1.7422
1.7592
1.9121
1.9210
1.9837
2.0026
1.8822
1.9394
0
0
0
1.8398
1.6355
1.7275
1.8557
1.8517
1.7965
1.8347
1.8803
1.9266
0
1.7424
1.7366
1.6487
1.6592
1.6961
1.7110
1.7647
1.7828
1.8372
1.8032
1.8563
1.8351
1.8546
1.9343
1.9263
1.9476
0
0
0
0
0
1.5294
1.8381
1.8147
1.7427
1.7337
1.7364
1.7770
1.8330
1.9165
1.8981
1.8661
1.8611
1.9145
1.8536
1.9748
1.9484
0
0
0
0
1.5959
1.5814
1.8774
1.7816
1.8292
1.8470
1.8121
1.5871
1.6480
1.8374
1.8218
1.9054
1.9384
1.8158
1.8174
1.8729
1.9574
1.8320
1.7944
0
0
0
0
1.3484
1.3901
1.4287
1.4181
1.7042
1.6048
1.8026
1.6382
1.7438
1.7240
1.7226
1.8522
2.0332
2.0159
1.8072
1.6985
1.7319
1.8232
1.7589
1.8107
1.8273
1.8658
1.9112
1.8259
1.7909
1.6753
1.6768
1.8826
1.8445
1.8673
1.9276
1.9674
1.9870
1.7717
1.7642
0
0
0
0
0
0
0
0
0
1.4117
1.4285
1.6930
1.7058
1.9285
1.9215
1.9240
1.9484
1.8943
1.9911
1.9516
1.9976
1.9654
1.9608
1.9191
1.9694
1.8902
1.9036
1.8187
1.8346
1.8999
1.9428
1.9549
1.9853
0
0
1.4971
1.6119
1.5208
1.5561
1.5998
1.7303
1.8017
1.8610
1.8839
1.8478
1.8171
1.8563
1.7862
1.8767
1.9666
1.9103
1.9378
1.9353
1.8122
1.8692
1.9166
1.9600
1.9966
1.9708
1.8139
1.8411
1.9086
1.8939
1.8501
1.7740
1.8963
1.8324
1.9591
1.9214
0
0
0
0
0
0
0
0
0
0
0
1.3934
1.4104
1.4403
1.4799
1.6012
1.7217
1.8314
1.6169
1.6230
1.6731
1.4795
1.5733
1.6439
1.6573
1.8762
1.8422
1.6020
1.6670
1.7831
1.8094
1.8792
1.7275
1.7578
1.8666
1.9216
1.8248
1.8059
1.9820
1.9863
1.6927
1.6998
1.8221
1.8369
1.5800
1.7009
1.7632
1.6830
1.8251
1.7913
1.8120
1.7839
1.8186
1.7922
1.6582
1.7661
1.7411
1.7327
1.8583
1.8229
0
0
0
0
0
0
0
0
1.2580
1.4036
1.4987
1.2992
1.5906
1.5058
1.4578
1.8263
1.5052
1.8308
1.8316
1.4934
1.9370
1.3716
1.5914
1.5514
1.3920
1.5255
1.7318
1.6829
1.6661
1.7266
1.7007
1.4563
1.5691
1.7546
1.6860
1.8324
1.5499
1.5739
1.6021
1.8517
1.9589
1.6133
1.6164
1.8975
1.8511
1.7283
1.7852
1.3297
1.9678
1.9440
1.6194
1.6253
1.8088
1.9152
1.8918
1.7456
1.8196
1.6549
1.8516
1.8348
1.6270
1.7512
1.5547
1.7799
1.5107
1.7059
1.7393
1.7636
1.8669
1.8534
1.8806
1.7755
1.9332
1.9325
1.8886
1.9677
1.9390
1.8398
1.8969
1.9505
1.8638
1.8572
1.9171
1.7925
1.8082
1.8942
1.8536
1.8305
1.9221
1.9171
1.8991
1.9090
1.9531
1.9688
1.9762
1.8872
1.9118
1.8891
1.7513
1.9563
1.9746
1.8700
1.8845
1.8796
1.8218
1.8844
1.8263
1.8793
1.9028
1.8307
1.9499
2.0021
1.9492
1.9620
1.9407
1.7977
1.8966
1.8588
1.9562
1.8955
1.8252
1.8917
1.9565
1.8401
1.8811
1.8522
1.8036
1.7933
1.9034
1.9063
1.8913
1.9989
2.0006
1.9397
1.9194
1.9551
1.9532
1.9438
1.8937
1.8855
1.9202
1.8494
1.8817
1.8463
1.8067
1.8131
1.8943
1.9400
1.9725
1.8210
1.9889
1.8412
1.8385
1.8156
1.8156
1.7743
1.8925
1.9333
1.8907
1.8893
1.9525
1.9774
1.8792
1.9295
1.9123
1.9377
1.8102
1.8447
1.8049
1.9095
1.9194
1.9100
1.9226
1.8331
1.8813
1.8568
1.8493
1.8617
1.9772
1.9638
1.8542
1.9036
1.9036
1.9199
1.8082
1.8638
1.9379
0
0
1.9205
1.9824
0
0
0
0
1.9365
1.8631
1.9715
0
0
1.8329
1.8984
1.8738
1.8775
0
0
1.8306
1.8414
0
0
0
0
0
0
0
0
0
0
0
0
0
0
0
0
0
0
0
0
0
0
0
0
0
0
0
0
0
0
0
0
1.2214
1.7999
1.7509
1.7032
1.7727
1.8270
1.6991
1.7025
1.7940
1.9319
1.9016
1.8464
1.8713
1.9114
1.8205
1.9368
1.8297
1.9266
1.9378
1.9435
1.9039
1.9098
1.8857
0
0
0
0
0
1.7879
1.8241
1.8122
1.9050
1.9088
1.8353
1.9229
1.7272
1.8932
1.9373
1.9768
0
0
1.7507
1.7786
1.9328
1.9518
2.0119
1.9936
2.0178
1.9605
1.9778
1.8630
1.8649
1.9212
1.7777
1.8030
1.7732
1.7836
1.6819
1.7167
1.9614
2.0105
2.0406
1.9062
1.9266
0
0
1.7708
1.7921
0
0
0
0
0
0
0
0
0
0
0
0
1.5918
1.7002
0
0
1.9124
1.9698
1.7984
1.7942
1.8084
1.8460
1.8845
1.9369
0
0
1.2550
1.2857
1.7895
1.7271
1.7687
1.7715
1.7622
1.6844
1.7960
1.7983
1.8892
1.5379
1.5520
1.8302
1.8050
1.5697
1.5276
1.9332
1.9707
1.4019
1.3874
1.7131
1.8627
1.6714
1.7436
1.8378
1.8129
1.7893
1.7930
1.8036
1.7864
1.7755
1.6808
1.6626
1.7878
1.8619
1.8003
1.7966
1.7668
1.7137
1.3371
1.4089
1.7984
1.8685
1.8804
1.6726
1.6665
1.7084
1.7500
1.9047
1.9272
1.8690
1.8951
1.8950
1.9210
0
0
0
0
0
0
1.3668
1.4782
1.8291
1.8659
1.8464
1.6964
1.7134
1.7795
1.7707
1.8637
1.9090
1.8240
1.8490
1.8281
1.8333
1.8160
1.7654
1.8430
1.7782
1.8752
1.8555
1.8229
1.8624
1.8711
1.9069
1.8893
1.9036
1.9214
1.9071
1.7921
1.7700
1.7832
1.8150
1.8977
1.8782
1.8466
1.7550
1.7951
1.8798
1.8855
1.8195
1.8282
1.8545
1.8712
0
0
1.3531
1.3460
1.8088
1.8132
1.8971
1.9012
1.8776
1.9203
1.9551
1.8633
1.8910
1.8624
1.9025
1.8390
1.8377
1.7291
1.7569
1.7647
1.8246
1.8065
1.7948
1.8246
1.7988
1.8550
1.8709
1.7846
1.8035
1.8926
1.8472
1.8337
1.8109
1.8359
1.8591
1.9198
1.9556
1.8569
1.8482
1.8498
1.8513
1.8737
1.8889
1.8610
1.7911
1.8415
1.8849
1.8824
1.8303
1.8585
1.8118
1.8267
1.8960
1.9066
1.8505
1.8477
1.9611
1.9266
0
0
0
0
0
0
1.4105
1.3595
1.4643
1.6907
1.6814
1.8401
1.7476
1.7709
1.8685
1.9065
1.6994
1.7481
1.7820
1.8383
1.8078
1.8615
1.6986
1.7592
1.7670
1.8347
1.8323
1.8162
1.5673
1.5158
1.7298
1.7628
1.8686
1.7814
1.7745
1.8099
1.8450
1.8606
1.9419
1.8629
1.8274
1.7841
1.8426
1.8460
1.8408
1.9246
1.9715
1.7549
1.8208
1.8868
1.8715
1.8651
1.9696
1.9498
1.8005
1.8305
1.8515
1.8156
1.8953
1.9120
0
0
1.7904
1.8241
0
0
0
0
1.3779
1.4874
1.4733
1.7549
1.7101
1.8558
1.9111
1.9552
1.9296
1.8837
1.8807
1.9138
1.7995
1.8205
1.8089
1.7678
1.9453
1.9606
1.6660
1.7245
1.8313
1.8843
1.7623
1.8137
1.8239
1.8055
1.8139
1.8598
1.8718
1.8843
1.8948
1.9429
1.9122
1.9519
1.8436
1.8458
1.9148
1.9160
1.9447
1.9618
1.7743
1.7493
1.8895
1.9779
1.9889
1.8333
1.8300
1.8684
1.8726
1.8509
1.9015
1.8355
1.9106
0
0
0
0
0
0
0
0
1.3065
1.3987
1.4063
1.7043
1.8688
1.9153
1.9197
1.8970
1.9215
1.8595
1.8361
1.7908
1.7531
1.8462
1.8320
1.8101
1.8221
1.9121
1.9443
1.7290
1.7629
1.6541
1.9067
1.7749
1.8017
1.8073
1.8152
1.8971
1.8785
1.8051
1.8613
1.8614
1.8493
1.8611
1.8837
1.8726
1.8819
1.9432
1.8649
1.8780
1.8696
1.8759
1.9107
1.6929
1.8780
1.8812
1.8556
1.9205
1.9540
1.8036
1.8446
1.9160
1.9479
1.8720
1.8602
1.8564
1.9038
0
0
0
0
0
0
0
0
0
0
0
0
1.3465
1.3948
1.4762
1.4520
1.7874
1.8300
1.8127
1.7649
1.8644
1.9082
1.7962
1.8182
1.7019
1.6443
1.6403
1.6003
1.8628
1.9171
1.7214
1.6569
1.7985
1.8138
1.8709
1.7506
1.7937
1.7949
1.8134
1.8019
1.7967
1.8063
1.8075
1.8241
1.8451
1.8456
1.9025
1.9687
1.8909
1.8591
1.8944
1.8027
1.8690
1.8250
1.8707
1.8174
1.8150
1.8741
1.7413
1.7529
1.8436
1.7689
1.9226
1.8856
1.8223
1.8343
1.8313
1.8768
1.8951
1.8544
1.7675
1.7982
0
0
0
0
0
0
0
0
1.2908
1.3201
1.7032
1.7211
1.6638
1.7133
1.6103
1.6799
1.8333
1.8480
1.7490
1.8455
1.8170
1.7292
1.8356
1.7162
1.7515
1.8503
1.8616
1.8097
1.6761
1.7129
1.7870
1.8083
1.8312
1.8525
1.8217
1.7513
1.9129
1.9088
1.8608
1.7876
0
0
0
0
0
0
0
0
0
0
0
0
1.5768
1.5592
1.7354
1.7808
1.6330
1.7628
1.8322
1.8001
1.7393
1.8218
1.7586
1.7697
1.8559
1.8748
1.8756
1.8842
1.8881
1.9745
1.9927
1.9447
1.9460
1.7552
1.8013
1.9711
1.9682
0
0
0
1.3426
1.3847
1.4052
1.5407
1.5638
1.6185
1.6534
1.6463
1.6528
1.6681
1.6352
1.5895
1.7426
1.5931
1.5877
1.7273
1.7213
1.7817
1.8214
1.8051
1.8233
1.7471
1.6470
1.7694
1.7416
1.7702
1.8189
1.6893
1.7397
1.6586
1.7109
1.8010
1.7674
1.8514
1.7735
1.7899
1.6831
1.6764
1.6531
1.9125
1.8324
1.7574
1.8422
1.8440
1.8661
1.8622
1.8226
1.8503
1.8218
1.8879
1.8805
1.9086
1.8723
0
0
0
1.3769
1.4352
1.5501
1.6391
1.6260
1.8193
1.9600
1.9306
1.8087
1.8660
1.8959
1.8894
1.9174
1.9279
1.8821
1.8961
1.9787
1.9611
1.8617
1.8907
1.8436
1.8178
1.8119
1.8837
1.9344
1.9541
1.9710
1.9784
1.8226
1.9315
1.9689
1.9074
1.9336
0
0
0
1.8982
1.8861
0
0
0
1.7632
1.7972
1.9077
1.9516
1.8502
1.8755
1.1252
1.2793
1.3367
1.6313
1.6183
1.3892
1.3416
1.6379
1.6329
1.5718
1.5022
1.4682
1.4671
1.5992
1.7054
1.7194
1.3606
1.5245
1.5180
1.4855
1.5298
1.7360
1.7173
1.7918
1.7482
1.8348
1.8399
1.7278
1.7588
1.8784
1.8927
1.7820
1.7962
1.8287
1.8148
1.8549
1.8184
1.8488
1.8087
1.8033
1.7586
1.7541
1.8552
1.8707
1.8691
1.8689
1.7493
1.7597
1.9045
1.8734
1.8859
1.9643
1.9211
1.6971
1.6635
1.8974
1.8656
1.8542
1.7780
1.8178
1.8341
1.9168
1.8396
1.8325
1.8556
1.8574
1.8942
1.8616
1.8922
1.7545
1.8461
1.7665
1.8553
1.8076
1.7506
1.8322
1.9042
1.9326
1.8133
1.8728
1.7605
1.7473
1.6945
1.9055
1.8988
0
0
2.0095
1.7685
2.0202
2.0577
0
0
0
0
0
0
0
0
0
1.9471
1.9563
0
0
0
0
0
0
0
0
0
0
0
0
0
0
1.4496
1.3299
1.3368
1.3568
1.3744
1.4677
1.4683
1.6478
1.6661
1.6533
1.5571
1.5204
1.5259
1.7043
1.7258
1.6739
1.8433
1.7260
1.6026
1.6644
1.7437
1.6161
1.8181
1.8625
1.6463
1.6720
1.6907
1.7078
1.7442
1.7223
1.7313
1.8342
1.8455
1.7792
1.8554
1.8356
1.8985
1.7918
1.7998
1.8291
1.7886
1.7900
1.7568
1.6882
1.8466
1.7872
1.8758
1.8731
0
0
0
0
0
0
0
0
0
1.7876
1.9059
1.9078
1.8427
1.8500
1.9623
1.8978
1.8330
1.7906
1.9923
1.9706
1.9117
1.9622
1.9349
1.9677
1.7888
1.7579
1.9040
1.8991
1.7314
1.8042
1.8842
1.8878
1.8749
1.8835
2.0219
1.9704
2.0004
1.9454
1.9858
0
0
1.9330
1.9318
0
0
1.9323
1.8843
0
0
0
0
1.3411
1.4448
1.6230
1.4640
1.4539
1.7801
1.5777
1.6050
1.6287
1.7894
1.7801
1.6439
1.6425
1.7387
1.8018
1.7879
1.7942
1.6959
1.8662
1.7639
1.5748
1.7365
1.7794
1.8410
1.8729
1.6844
1.7450
1.5916
1.7154
1.7736
1.7746
1.8160
1.8072
1.6993
1.7221
1.8416
1.8158
1.6482
1.7064
1.7981
1.7839
1.7708
1.7718
1.9597
1.9187
1.8035
1.8263
1.8264
1.7899
1.8627
1.8431
0
0
1.8653
1.8638
0
0
0
0
0
1.2925
1.3240
1.2964
1.4287
1.2700
1.5311
1.2668
1.3131
1.5127
1.6049
1.6561
1.7019
1.5349
1.3780
1.4367
1.5111
1.5269
1.4686
1.7987
1.6155
1.5965
1.7095
1.5882
1.6888
1.7671
1.5930
1.7036
1.7020
1.6305
1.7219
1.7258
1.7760
1.5700
1.6220
1.5442
1.5142
1.6977
1.6759
1.6564
1.7137
1.6838
1.7236
1.7320
1.7758
1.7149
1.6252
1.6647
1.8326
1.8279
1.6843
1.8124
1.8121
1.7674
1.6992
1.7583
1.7730
1.7339
1.7551
0
0
0
0
0
0
0
0
0
0
0
0
0
0
0
0
0
0
0
1.8734
1.8867
0
0
1.4659
1.5013
1.9301
1.9225
1.8917
1.9224
1.8322
1.8694
1.9080
1.8217
1.7705
1.7669
1.8795
1.9701
1.9597
1.8373
0
0
1.2853
1.9009
1.9140
1.8422
1.7969
1.9205
1.9364
1.9741
1.9160
1.8618
1.8941
1.8805
1.8251
1.9171
1.9363
1.9858
1.9052
1.9505
1.9422
1.9854
1.9559
1.9371
0
0
0
0
0
0
1.9163
1.9255
1.7793
1.8045
1.7568
1.8741
1.9623
1.9238
1.9280
1.9251
1.9244
1.9220
1.9178
1.9536
0
0
0
0
0
0
0
1.4955
1.7430
1.7999
1.7905
1.8243
1.9147
1.9096
1.9344
1.9128
1.9046
1.8536
1.8856
1.8611
1.8996
1.9283
1.9414
1.8932
1.9137
1.9619
1.9337
1.9229
1.9334
0
0
0
0
0
1.3316
1.9465
1.9370
1.8577
1.9103
1.9359
2.0056
2.0064
2.0029
1.9598
1.9861
1.9799
1.9438
1.9481
1.9438
2.0051
1.9669
0
0
0
0
0
0
0
0
1.3383
1.7840
1.7269
1.7276
1.8565
1.8881
1.9353
1.8920
1.9427
1.9112
1.9460
1.9375
1.9480
1.9571
1.9700
1.9506
1.9464
1.9865
0
0
0
0
0
0
1.8733
1.9033
1.9767
0
0
1.8142
1.7970
1.7297
1.6577
1.8944
1.9363
1.8985
1.8678
1.8233
1.8083
1.8102
1.8106
1.8397
1.8872
1.8532
1.8546
1.8631
1.8782
1.7571
1.7706
1.9046
1.8880
1.8709
1.9004
1.9107
1.8523
1.8341
1.8750
0
0
0
0
0
0
0
0
0
0
1.3503
1.3841
1.4214
1.7958
1.7554
1.8146
1.8112
1.8578
1.8855
1.8224
1.8118
1.8125
1.7676
1.5900
1.5669
1.7966
1.8552
1.8667
1.6974
1.7216
1.7141
1.7237
1.9020
1.8017
1.8000
1.8405
1.8903
1.7991
1.8176
1.7453
1.8452
1.8972
1.8224
1.9109
1.8720
1.9534
1.8404
1.8604
1.8525
1.8803
1.8692
1.9747
1.9295
1.8452
1.8423
1.9011
1.7314
1.8282
1.9024
1.9166
1.9344
1.8447
1.8572
1.7896
1.8155
1.8237
1.8316
1.8739
1.8606
0
0
0
0
0
0
0
0
0
0
0
1.4290
1.5053
1.3932
1.4743
1.4949
1.5294
1.7276
1.7589
1.6330
1.6533
1.7709
1.7631
1.7600
1.7574
1.8973
1.8040
1.8509
1.8491
1.8544
1.8383
0
0
0
0
0
0
1.5578
1.5338
1.6813
1.9554
1.9416
1.7974
1.7501
1.9756
1.8456
1.8207
1.7991
1.8764
1.8640
1.8158
1.8404
1.8602
1.8677
1.8435
1.8352
1.8659
1.8802
1.7926
1.8511
1.8784
1.8425
1.8258
1.8590
1.8315
1.8269
1.8205
1.8089
1.8698
1.8683
1.8634
1.8690
1.8881
1.8745
1.9186
1.9355
1.7468
1.8045
1.8510
1.8079
1.7957
0
0
0
1.3477
1.4054
1.6948
1.7384
1.7375
1.8207
1.8174
1.9510
1.9410
1.6391
1.6919
1.6726
1.7754
1.8868
1.7703
1.8483
1.9037
1.7425
1.8124
0
0
1.4210
1.4375
1.5570
1.6136
1.6528
1.7664
1.7954
1.8499
1.9182
1.9523
1.8699
1.8196
1.8053
1.8713
1.8581
1.7477
1.7752
1.8140
1.8560
1.7731
1.8510
1.8587
1.7968
1.8897
1.7995
1.9050
1.8106
1.8782
1.8084
1.7803
1.8725
1.9029
1.8251
1.8160
1.8998
1.9104
1.9421
1.9223
1.8199
1.8615
1.7651
1.8151
1.8051
1.9368
1.9067
1.8542
1.8030
1.8324
1.8967
1.9225
1.8688
1.8586
0
0
0
1.9283
1.8877
1.8964
1.8703
1.7531
1.6856
1.9149
1.8398
1.8280
1.8305
1.7636
1.8642
1.9544
1.9015
1.9922
1.8591
1.8672
1.8529
1.9205
1.9969
1.9752
1.9995
1.8198
1.9011
0
0
0
0
0
0
0
0
0
1.2968
1.2729
1.9365
1.9092
1.8210
1.8975
1.9839
2.0107
1.7714
1.7895
1.8160
1.7865
1.8943
1.9457
2.0358
1.8400
0
0
1.5756
1.5921
1.7014
1.6944
1.6120
1.9629
1.7041
1.7483
1.7787
1.8248
1.8145
1.7635
1.7850
1.7887
1.8307
1.8013
1.8604
1.7471
1.8477
1.8729
1.7865
1.8137
1.7576
1.8238
1.7060
1.7951
1.8227
1.8655
1.8404
1.8577
1.8451
1.7933
1.8345
0
0
1.7940
1.8001
1.7756
1.8553
1.8748
1.9050
0
0
0
1.3807
1.4083
1.5918
1.6053
1.6053
1.8117
1.8986
1.7461
1.8614
1.7636
1.7931
1.7660
1.7690
1.7775
1.7968
1.8039
1.8468
1.7918
1.9212
1.7762
1.7509
1.8854
1.8817
1.8787
1.6945
1.7762
1.6566
1.7746
1.7272
1.7774
1.7643
1.7871
1.9021
1.9180
1.9346
0
1.3194
1.3487
1.5864
1.6114
1.4957
1.8775
1.6007
1.5820
1.6718
1.7115
1.4288
1.3782
1.8287
1.8423
1.6410
1.6840
1.4564
1.7595
1.6672
1.7533
1.6626
1.7914
1.6983
1.7388
1.6729
1.6928
1.6532
1.6928
1.7454
1.7030
1.6779
1.6794
1.7323
1.8309
1.8520
1.8242
1.7155
1.7762
1.7604
1.8098
1.8711
1.8492
1.8772
1.8597
1.9648
1.9506
1.7445
1.8076
0
0
1.8787
1.8403
0
0
0
0
1.3857
1.3908
1.3942
1.3160
1.3571
1.4146
1.4034
1.6827
1.4726
1.4590
1.4905
1.4957
1.9080
1.8598
1.6278
1.6824
1.5952
1.6133
1.8938
1.7958
1.7988
1.8973
1.8783
1.9144
1.9304
1.8810
1.8886
1.9171
1.7874
1.7815
1.9096
1.8237
1.9160
1.7806
1.9134
1.8278
2.0318
2.0430
1.8117
1.7785
1.8399
1.9407
1.9422
1.7356
1.7652
1.7366
1.7651
1.8998
1.9594
1.8691
1.8946
1.9079
1.9214
1.8257
1.8762
1.8717
1.8931
1.8752
1.9145
1.8718
1.8325
1.8848
1.8773
1.8957
1.8308
1.8872
1.9552
1.8774
1.9506
2.0037
2.0262
1.8448
1.8428
1.8687
1.9139
1.9483
1.9692
2.0091
1.8772
1.8812
1.8708
1.8931
1.9193
1.9118
1.9297
1.9218
1.8481
1.8781
1.9208
1.9339
0
0
0
0
0
0
0
0
0
0
0
0
1.4612
1.4436
1.3713
1.3819
1.7433
1.8041
1.8144
1.8145
1.6950
1.7829
1.7010
1.7284
1.6550
1.7029
1.9647
1.8249
1.8706
1.9146
1.8477
1.8961
0
0
1.4454
1.7954
1.8710
1.6571
1.7513
1.8331
1.8262
1.8474
1.9778
1.8060
1.8598
1.9149
1.9191
1.9674
1.9021
1.9423
1.8346
1.7515
1.7844
1.8173
1.8877
1.8039
1.8289
1.8824
1.8615
1.8943
1.9222
1.9026
1.8323
1.8874
1.9698
1.9767
1.9201
1.9263
1.8722
1.8503
1.7859
1.8521
1.9053
1.9219
1.9031
1.8930
1.8380
1.9767
1.9912
1.9008
1.9313
1.8280
1.8659
1.9281
1.9651
1.9367
1.8844
1.8690
1.7867
1.7877
1.8321
1.8492
1.9182
1.8732
1.9529
1.9842
1.8583
1.9248
1.8152
1.9262
1.9403
1.9638
1.9431
1.9405
1.9165
1.9301
1.4141
1.4807
1.8150
1.8673
1.8004
1.8177
1.7692
1.8254
1.9041
1.9348
1.8308
1.9616
1.8140
1.9337
1.8895
1.8708
2.0434
1.9216
1.9189
1.8987
1.9479
1.7181
1.7891
1.8375
1.8328
1.8568
1.8526
1.8510
1.8234
1.8646
1.8834
1.9357
1.8168
1.8624
1.8908
1.9446
1.8271
1.8427
1.7089
1.7352
1.8491
1.9536
1.9401
1.8941
1.9459
1.8966
1.9042
1.9490
1.9243
1.9515
1.9806
0
0
1.5260
1.5501
1.3916
1.4525
1.3564
1.4489
1.4790
1.4813
1.5284
1.4036
1.4946
1.4639
1.4188
1.4394
1.4560
1.4904
1.7429
1.6006
1.8329
1.6248
1.7234
1.6614
1.5900
1.6462
1.6366
1.7432
1.7395
1.6138
1.7150
1.5848
1.7842
1.7815
1.7057
1.7827
1.8224
1.7795
1.7712
1.7621
1.8106
1.8326
1.7475
1.7990
1.8463
1.8640
1.7358
1.7899
1.8453
1.8976
1.8220
1.8121
1.7900
1.8711
1.9297
1.9213
1.8640
1.8585
1.9206
1.9831
1.8634
1.8287
1.9006
1.8937
1.8411
1.9215
1.8426
1.8154
1.8051
0
0
0
0
0
0
0
0
0
0
1.5076
1.3336
1.4550
1.4707
1.4708
1.3557
1.4000
1.3613
1.4779
1.7620
1.4238
1.4418
1.6105
1.6811
1.5771
1.4481
1.4397
1.4042
1.4610
1.5176
1.6924
1.7346
1.8102
1.4710
1.4958
1.5648
1.5800
1.6559
1.7297
1.8313
1.6906
1.7178
1.7488
1.5302
1.8007
1.7481
1.8020
1.7585
1.7102
1.8430
1.6523
1.7505
1.7880
1.7502
1.7870
1.6801
1.6270
1.7162
1.8060
1.8008
1.7516
1.8316
1.5603
1.5632
1.8006
1.8296
1.8042
1.6628
1.6390
1.6992
1.7132
1.7537
1.7632
1.7580
1.8008
1.8105
1.6236
1.8359
1.8607
1.5719
1.6419
1.7452
1.7878
1.7536
1.8212
1.9300
1.9032
1.8946
1.7482
1.7283
1.7546
1.7797
0
0
1.7658
1.8093
1.7978
0
0
0
0
0
0
0
1.3662
1.3581
1.3539
1.3474
1.3326
1.3609
1.3748
1.3589
1.4806
1.4359
1.3894
1.4645
1.4125
1.3921
1.4605
1.4486
1.4971
1.5205
1.5050
1.3220
1.5006
1.4742
1.5547
1.6611
1.5796
1.5591
1.7518
1.7989
1.5048
1.5941
1.7340
1.7760
1.7439
1.7729
1.5011
1.6500
1.5964
1.6391
1.6953
1.6816
1.6953
1.4920
1.5557
1.6959
1.7501
1.8466
1.7752
1.6944
1.8165
1.7077
1.7691
1.8502
1.9092
1.9269
1.9206
1.8095
1.8218
1.7935
1.8059
1.8267
1.7369
1.8196
1.8173
1.8521
1.7488
1.8088
1.8296
1.8738
1.8703
1.8580
1.6831
1.7517
1.7696
1.7741
1.7908
1.7712
1.8055
1.8405
1.8565
1.8019
0
0
0
0
0
0
0
0
0
0
1.4881
1.8437
1.8183
0
0
1.8929
1.9603
1.8863
2.0071
0
0
0
0
1.5181
1.5382
1.5520
1.5405
1.7592
1.7754
1.8205
1.8322
1.8191
1.8274
1.8327
1.8128
1.8450
1.8527
1.9093
1.9002
1.9605
1.8989
1.9267
1.9323
1.6025
1.5479
1.6519
1.7231
1.7846
1.8373
1.8447
1.8272
1.8032
1.8086
1.8348
1.8387
1.8407
1.7693
1.9681
1.9505
2.0289
1.9376
1.8738
1.9607
1.4949
1.4678
1.5075
1.5614
1.8295
1.8394
1.7301
1.7404
1.8731
1.8658
1.8041
1.8094
1.8113
1.7760
1.9484
1.9429
1.9410
1.9789
1.9079
1.9106
1.2610
1.2653
1.5770
1.6020
1.7660
1.8283
1.7858
1.8231
1.7951
1.8304
1.7272
1.7269
1.8314
1.8409
1.7846
1.6773
1.8093
1.8208
1.8590
1.8804
1.9419
1.9610
1.7513
1.8236
1.8877
1.9013
0
0
0
0
1.2151
1.3015
1.7752
1.8270
1.7004
1.7280
1.7625
1.5792
1.4714
1.4969
1.8998
1.9365
1.7625
1.6991
1.8963
1.9701
1.8305
1.8755
1.8364
1.8673
1.8614
1.9447
1.7636
1.8074
1.8145
1.8396
1.8657
1.9279
1.8668
1.8751
1.7901
1.8293
1.7529
1.7886
1.8167
1.7733
1.9011
1.9172
1.9549
1.9373
1.9223
1.8767
1.9100
1.8362
1.8800
1.9110
1.8795
1.8953
1.9096
1.8599
1.8998
1.8004
0
0
0
0
0
0
1.7993
1.8379
1.9707
1.9760
1.9441
1.9061
1.8529
1.9189
1.7944
1.7792
1.8318
1.8351
1.8104
0
0
0
1.7159
1.7092
1.8254
1.8577
1.8133
1.8407
1.8430
1.9020
1.9279
1.9588
1.9180
1.8671
1.9640
1.9393
1.8278
1.8274
0
0
0
0
0
0
1.6444
1.7127
1.7111
1.8138
1.9668
1.9429
1.9316
1.9176
1.8661
1.9381
1.9247
1.9108
1.9329
1.9480
0
0
0
0
0
0
0
0
0
1.5858
1.6296
2.0107
2.0281
1.9149
1.8928
1.9664
1.8456
1.9106
0
0
1.5964
1.5237
1.7673
1.8060
1.8433
1.9050
1.8649
1.8223
1.8649
1.8454
1.8449
1.7674
1.7579
0
0
0
0
1.6752
1.6791
1.7140
1.7602
1.7816
1.8447
1.7988
1.8718
1.9694
1.9196
1.8361
1.9070
1.8724
1.8599
1.7767
1.7451
0
0
0
0
0
0
1.4734
1.5004
1.7817
1.8297
1.8081
1.7884
1.7522
1.7887
1.9001
1.9229
1.8393
1.8289
1.9045
1.8946
1.7792
1.8215
0
0
0
0
0
0
1.6450
1.6492
1.8185
1.8824
1.8733
1.8558
1.8339
1.8562
1.8616
1.9343
1.8528
1.9135
1.8997
1.9093
1.8027
1.8221
0
0
0
0
0
0
1.5309
1.5488
1.6456
1.7072
1.7543
1.8098
1.8447
1.8526
1.8422
1.8694
1.8149
1.8567
1.7948
1.7926
0
0
1.6319
1.6629
1.6427
1.7438
1.8407
1.8706
1.8041
1.8537
1.9334
1.9459
1.8897
1.9142
1.8844
1.8534
1.7789
1.7980
0
0
0
0
0
0
1.6837
1.8423
1.7967
1.7726
1.8854
1.8207
1.8637
1.9289
1.9466
1.8087
1.7368
1.8828
1.9040
1.8864
1.8085
1.7411
1.7737
1.8681
1.8396
1.8539
1.7878
1.8615
1.9259
1.9266
1.8855
1.9395
1.9777
1.8705
1.8851
1.6897
1.7151
1.8906
1.9297
1.9040
1.9870
2.0314
1.9263
2.0019
2.0235
0
0
1.3466
1.3746
1.5233
1.4748
1.3877
1.4630
1.5072
1.4411
1.4692
1.5804
1.7211
1.5843
1.5959
1.4933
1.5414
1.5730
1.6801
1.5792
1.4593
1.5845
1.8892
1.6208
1.6529
1.6983
1.5668
1.8021
1.8067
1.7968
1.6529
1.5419
1.7540
1.7367
1.8626
1.8639
1.7902
1.8022
1.7964
1.8353
1.7961
1.7709
1.8024
1.8220
1.7683
1.7951
1.7071
1.6997
1.7182
1.7837
1.9479
1.8525
1.8722
1.8000
1.7800
1.8316
1.8619
1.7994
1.7316
1.8239
1.8412
1.8726
1.8207
1.7909
1.8180
1.8099
1.8402
1.9190
1.9453
1.8593
1.8933
1.8117
1.8235
1.7969
1.8181
1.8362
1.7329
1.8421
1.8018
1.8811
1.9109
1.8844
1.9298
1.8662
1.8898
1.7780
1.7776
1.8414
1.8552
1.9212
1.9156
1.9383
1.9462
1.8641
1.8769
1.8092
1.8041
1.8866
1.8888
1.8242
1.8472
0
0
0
0
0
0
0
0
0
0
0
0
0
1.4341
1.4674
1.5475
1.5443
1.4973
1.5948
1.7879
1.7564
1.6913
1.7614
1.7598
1.7691
1.7507
1.9091
1.7914
1.7917
1.7503
1.7953
1.7468
1.8452
1.7138
1.7893
1.8381
1.7370
1.7443
1.7827
1.8464
1.8104
1.7918
1.8816
1.8390
1.8517
1.7161
1.7756
1.7640
1.7742
1.8627
1.8850
1.8722
1.8725
1.8226
1.7660
1.8107
1.8509
1.8965
1.9157
1.9111
1.8645
1.8001
1.8247
1.7581
1.7765
1.7851
1.9017
1.8655
1.8593
1.8532
1.9006
1.8680
1.8073
1.9080
1.9049
1.8904
1.8482
1.8855
1.8865
1.8466
1.8449
1.8243
0
0
0
0
1.5154
1.4740
1.6387
1.6073
1.6606
1.6867
1.7860
1.7985
1.7276
1.7274
1.7850
1.7875
1.7842
1.9121
1.7451
1.7796
1.8153
1.8646
1.7687
1.8440
1.7440
1.7983
1.8691
1.7919
1.8454
1.8549
1.8407
1.7901
1.8726
1.8888
1.8792
1.8455
1.7761
1.7906
1.8406
1.8303
1.8587
1.8531
1.8606
1.8810
1.8234
1.7402
1.8155
1.8951
1.9356
1.9030
1.9098
1.8960
1.8302
1.8249
1.8287
1.7870
1.7756
1.8719
1.8929
1.8295
1.8447
1.8594
1.9715
1.8777
1.8455
1.8081
1.9158
1.8998
1.7983
0
0
0
0
0
0
1.3995
1.3963
1.2085
1.2493
1.3200
1.3518
1.3216
1.3838
1.3020
1.3405
1.4210
1.4064
1.2908
1.2665
1.2550
1.3617
1.4204
1.4618
1.4352
1.4833
1.4694
1.4281
1.4130
1.6384
1.6379
1.6687
1.6811
1.3944
1.7549
1.8414
1.3949
1.3732
1.7719
1.7843
1.4836
1.4518
1.8227
1.5564
1.7506
1.5887
1.6919
1.5769
1.5789
1.8354
1.7848
1.7834
1.7798
1.7967
1.9105
1.7570
1.9302
1.9579
1.7864
1.7667
1.6771
1.7100
1.6392
1.6473
1.8213
1.8486
1.7371
1.7200
1.7457
1.7557
1.8214
1.6426
1.6307
1.7653
1.7517
1.5964
1.6312
1.8828
1.7597
1.7593
1.7816
1.8640
1.8773
1.8896
1.6573
1.6716
1.6011
1.5707
1.4205
1.5686
1.8058
1.8051
1.7780
1.8199
1.8058
1.9103
1.8557
1.9156
1.9235
1.7281
1.6632
1.6597
1.7527
1.8531
1.8432
1.8660
1.8332
1.8241
1.8503
1.8196
1.8778
1.8524
1.8362
1.8395
1.9331
1.9476
1.7841
1.7807
1.7901
1.8597
1.6129
1.7480
1.7775
1.7508
1.8602
1.8482
1.8423
1.8307
1.8578
0
1.7247
1.7358
1.9538
1.9828
1.8581
1.9494
1.7330
1.7362
1.8989
1.8682
0
0
0
0
1.7405
1.7449
1.7577
1.8150
1.7978
1.8904
0
1.7845
1.8108
1.7065
1.6878
1.8917
1.7746
1.8571
1.9090
1.8442
1.8372
0
1.6265
1.8101
1.8628
1.7995
1.7485
1.7225
1.7297
1.7623
1.8511
1.8069
1.8239
1.8653
1.7990
1.8175
0
0
1.6432
1.6213
1.6281
1.8337
1.8181
1.8102
1.8302
1.8288
1.8385
1.8159
1.8565
0
0
1.8431
1.8661
1.8049
1.8163
1.8334
1.8401
1.8199
1.6453
1.6496
1.7270
1.8919
1.9081
1.8755
1.9022
0
0
1.8041
1.7867
1.8519
1.9514
1.7396
1.7004
1.8759
1.8875
1.8875
0
0
1.8425
1.8668
1.9921
1.9154
0
0
1.3301
1.6501
1.6659
1.6881
1.7679
1.7989
1.7733
1.9065
1.8999
1.9046
1.9080
1.8444
1.8290
1.9665
1.7818
1.7064
1.9308
1.9299
0
0
1.7086
1.7711
1.7989
1.8550
1.8413
1.8734
1.8661
1.8327
1.8521
1.8770
1.8586
1.9140
1.9153
1.9439
0
0
0
1.7489
1.6491
1.8268
1.8353
1.6666
1.8152
1.8432
1.8587
1.8260
1.8906
1.8634
1.8805
1.8122
1.9229
1.9185
1.9200
1.8119
0
0
1.7944
1.8075
1.7971
1.9484
1.6794
1.8151
1.6725
1.6786
1.8679
1.8613
1.8759
1.8685
1.9119
1.9407
1.8865
1.9416
0
0
1.6764
1.6816
1.7005
1.7800
1.8307
1.7407
1.8456
1.8620
1.8626
1.8709
1.8576
1.8581
1.9014
1.8066
1.6571
1.8063
1.8354
1.7845
1.8163
1.9300
1.8574
1.7112
1.6706
1.8000
1.9663
1.8709
1.9298
0
0
1.7601
1.7110
1.6783
1.7051
1.7975
1.8212
1.8868
1.8452
1.8863
1.7539
1.8305
1.8934
1.8600
1.8512
1.7556
1.9125
1.9397
1.8163
1.7995
1.7177
1.7886
1.8176
1.8656
1.9427
1.9765
1.2739
1.6609
1.5519
1.7163
1.6347
1.8635
1.8638
1.8540
1.8795
1.8609
1.8571
1.7669
1.8613
1.8339
1.8309
1.9361
1.9844
1.7239
1.6347
1.7413
1.7036
1.6985
1.7049
1.8079
1.9140
1.8565
1.8190
1.8094
1.8533
1.6513
1.8985
1.8751
1.8587
1.8987
1.8958
1.8946
1.9739
1.9209
1.9442
1.8496
1.8293
0
0
0
0
0
0
1.8265
1.7987
1.9262
1.9454
0
1.7538
1.7654
1.8205
1.8399
1.9507
2.0297
1.9854
1.6550
1.6740
1.9562
1.9664
1.8929
1.9591
0
0
1.6873
1.7008
1.7639
1.7818
1.7727
1.7595
1.7837
1.9035
1.8914
1.8164
1.9092
1.8819
1.8656
1.9506
1.8712
1.7625
1.9221
1.8847
0
0
0
0
0
0
1.8033
1.7563
1.7557
1.7934
1.8051
1.7849
1.7406
1.8845
1.8436
1.8571
1.8850
1.8604
1.8787
1.9075
1.7872
1.8525
1.8755
1.8613
1.7913
1.8005
1.8586
1.8395
1.8019
1.8572
1.9745
1.9766
1.8043
1.7883
0
0
1.5069
1.5123
1.7950
1.8418
1.8676
1.8368
1.8466
1.9075
1.8785
1.9276
1.9333
1.8729
1.8639
1.8389
1.9270
1.8781
1.8174
1.7525
0
0
0
0
0
0
1.7036
1.6785
1.8499
1.8820
1.8109
1.7922
1.8586
1.8739
1.8541
1.8833
1.8888
1.9017
1.9338
1.8603
1.8813
1.9291
1.9762
1.9132
1.9618
1.9065
1.8259
1.8359
1.8208
1.9918
1.9240
1.8501
1.8705
0
0
0
0
0
0
0
1.2423
1.4853
1.4523
1.6837
1.7108
1.7727
1.4849
1.9378
1.8003
1.7974
1.7966
1.7651
1.7519
1.8869
1.8129
1.8431
1.8793
1.8302
1.8745
1.6538
1.9550
1.9451
1.8740
1.8231
1.8379
1.8407
1.8164
1.8411
1.9289
1.8752
1.9745
0
0
0
0
0
0
1.3058
1.3282
1.5030
1.4742
1.7107
1.6034
1.7290
1.7523
1.8506
1.8699
1.7711
1.7661
1.8231
1.8615
1.8639
1.9452
1.9511
1.8434
1.8490
1.8887
1.9538
1.7496
1.6360
0
0
0
0
0
1.8642
1.6469
1.6530
1.8046
1.8299
1.8870
1.7979
1.9756
1.9614
1.8989
1.8964
1.5082
1.3891
1.4254
1.7297
1.6930
1.6755
1.7217
1.7403
1.8175
1.8278
1.8096
1.8696
1.8040
1.8468
1.8678
1.9272
1.9396
1.8146
1.8095
1.9080
1.9262
1.8739
1.7798
1.8468
1.8522
1.8224
1.8467
1.8802
1.9886
1.9624
0
0
0
0
0
1.5595
1.5660
1.6655
1.7317
1.7237
1.7065
1.7899
1.8165
1.7524
1.8371
1.8839
1.8900
1.9159
1.8907
1.7970
1.6728
1.9037
1.9141
1.8201
1.8362
1.7914
1.8347
1.9649
0
0
0
0
1.5603
1.5665
1.3580
1.4042
1.4561
1.5258
1.7745
1.8223
1.6821
1.7168
1.7082
1.8342
1.8568
1.8428
1.8695
1.7763
1.7065
1.7926
1.7949
1.8823
1.8642
1.7758
1.8300
1.9135
1.9527
1.9181
1.7835
1.8078
0
0
0
0
0
0
0
1.3542
1.3685
1.2946
1.6800
1.6597
1.6470
1.7498
1.6463
1.8264
1.8357
1.8161
1.8649
1.9349
1.9375
1.7110
1.6192
0
0
0
0
0
0
0
1.3527
1.6188
1.5735
1.8117
1.8773
1.7741
1.8494
1.8841
1.8376
1.9564
1.8972
1.8536
1.8343
1.8270
1.7858
0
0
0
1.8476
0
0
1.3146
1.3347
1.5638
1.5979
1.6403
1.7106
1.5847
1.6296
1.7846
1.7880
1.6813
1.8571
1.8448
1.8845
1.8667
1.7640
1.7633
1.7746
1.8369
1.9550
1.8868
1.8000
1.6829
1.8002
1.8554
1.7179
1.8200
1.9700
0
0
0
0
0
0
1.7416
1.7711
1.8607
1.8193
1.9315
1.7617
1.7993
1.8755
1.8960
1.9782
1.7653
1.8571
1.8841
1.9442
0
1.8804
1.8737
1.9429
1.9203
1.3877
1.4164
1.5129
1.5463
1.4715
1.5007
1.7987
1.7689
1.7476
1.7964
1.8271
1.8363
1.7930
1.8809
1.8440
1.8583
1.8647
1.7876
1.7521
1.8089
1.7510
1.8486
1.9215
1.8710
1.8200
1.8302
1.7182
1.8465
1.9548
1.9458
1.9286
1.7729
1.8516
0
0
0
0
0
0
0
1.7281
1.7776
1.6281
1.6134
1.6991
1.7606
1.7478
1.8134
1.8299
1.8429
1.8764
1.8065
1.8312
1.7667
1.8486
1.8496
1.8221
1.8732
1.8008
1.8095
1.8166
1.8185
1.8331
1.8483
1.8745
1.8227
1.8377
0
1.7321
1.7151
1.5328
1.5209
1.4244
1.5045
1.8049
1.8331
1.8013
1.8393
1.7453
1.7794
1.8378
1.8853
1.8946
1.8467
1.8311
1.8617
1.8020
1.8281
1.8692
1.8861
1.8157
1.8603
2.0007
1.8121
1.8436
1.9223
1.9709
0
0
0
0
0
0
0
1.7399
1.7135
1.5575
1.5754
1.4815
1.4535
1.7358
1.7937
1.8438
1.8668
1.8127
1.8245
1.8519
1.8751
1.9205
1.9004
1.7748
1.7744
1.8518
1.7799
1.7971
1.8371
1.8474
1.8065
1.8713
1.9090
1.8791
2.0045
1.7820
1.8242
0
0
0
1.7959
1.8470
0
0
0
0
1.6122
1.5770
1.4641
1.4926
1.6164
1.7036
1.8025
1.7719
1.7817
1.8389
1.8430
1.7720
1.8940
1.8559
1.8793
1.8888
1.8028
1.8112
1.9000
1.7646
1.8880
1.8737
1.9001
1.8301
1.8403
1.7672
1.8433
1.9243
1.9807
1.9183
1.7875
1.8388
0
0
0
0
0
1.6352
1.6755
1.7582
1.7451
1.8235
1.8749
1.9024
1.9575
1.9176
1.9814
1.9837
0
0
1.7515
1.6413
1.4425
1.4477
1.9358
1.8877
1.8501
1.8804
1.5060
1.5955
1.9261
1.9082
1.8459
1.8087
1.8122
1.8993
1.9494
0
1.9244
1.9148
0
1.5767
1.6454
1.3892
1.4160
1.4787
1.6335
1.6594
1.8202
1.8839
1.7891
1.7724
1.6956
1.7607
1.7697
1.8885
1.8483
1.9111
1.8522
1.8848
1.9021
1.8221
1.8261
1.8297
1.8261
1.8984
1.9070
1.8719
1.7212
0
0
0
1.7881
1.7920
1.6757
1.6979
1.7838
1.7925
1.8876
1.8038
1.8734
0
0
1.4498
1.6611
1.7457
1.8770
1.8701
1.7711
1.7822
1.7414
1.7320
1.8107
1.7627
1.6509
1.7556
1.8712
1.8705
1.9046
1.8761
1.8888
1.8774
1.8814
2.0214
1.9647
2.0187
1.9374
1.9748
1.9857
1.9849
1.9971
1.9912
1.9886
1.9194
1.8682
1.9429
1.9580
1.9895
0
0
1.5830
1.6385
1.7724
1.7394
1.7924
1.8343
1.9471
1.9109
1.8944
1.9661
1.9097
0
0
1.7134
1.8851
1.8641
1.6743
1.6576
1.8694
1.8328
1.7980
1.8515
1.9732
1.9840
2.0145
1.9743
1.8451
1.9450
1.9282
1.9890
1.8069
1.6152
1.6004
1.3332
1.6734
1.7481
1.7656
1.8665
1.7555
1.8106
1.8802
1.8607
1.8600
1.7884
1.8589
1.8479
1.7763
1.8055
0
0
0
0
1.3816
1.4238
1.5233
1.7273
1.6876
1.7458
1.7882
1.7986
1.8755
1.7751
1.8203
1.7318
1.8160
1.8776
1.8736
1.8719
1.8417
1.8616
1.9026
1.8943
1.7944
1.8478
2.0186
1.9256
1.8045
1.8089
2.0380
1.9816
0
0
0
0
0
0
0
1.3736
1.3901
1.4205
1.5872
1.5924
1.6512
1.7246
1.6806
1.7785
1.7806
1.8182
1.7865
1.7009
1.7616
1.7850
1.7137
1.8219
1.6865
1.7107
1.7867
1.7655
1.8445
1.8158
1.7953
1.7569
1.7520
1.6736
1.6858
1.8257
1.8213
1.8132
1.7565
1.9295
1.9062
1.9009
1.8034
1.7938
1.6451
1.7123
1.7181
1.8054
1.7272
1.8090
1.9177
1.8981
1.8185
1.8375
1.8734
1.8292
1.9141
1.8761
1.9368
1.7769
1.8079
0
0
0
0
0
0
0
0
0
0
0
0
0
0
0
0
0
1.8720
1.9187
0
0
1.6814
1.7228
1.7149
1.7124
1.7949
1.7983
1.8509
1.8783
1.8320
1.7920
1.7793
1.8606
1.9919
1.9750
1.9200
1.8502
1.9364
1.9033
1.8510
1.8454
1.9480
1.9571
1.9361
1.8916
1.8648
1.8467
1.9191
1.9073
1.9761
1.9328
0
0
1.9796
1.9494
1.9349
1.9292
0
0
0
0
0
0
0
0
0
1.6561
1.6672
1.4424
1.4380
1.5705
1.5398
1.7708
1.7778
1.6100
1.6452
1.8463
1.8258
1.4961
1.6460
1.9099
1.8684
1.8675
1.7987
1.8387
1.8178
1.9558
1.8535
0
0
0
0
0
0
1.7878
1.7992
1.7572
1.9325
1.9538
2.0046
1.9916
2.0099
1.8963
1.9116
2.0362
1.9897
1.9609
1.9659
1.7391
1.7509
1.7582
1.7431
1.9071
1.8789
1.9581
1.8765
1.8999
0
0
0
0
1.8558
1.8250
1.6989
1.6969
1.8007
1.8512
1.9328
1.9092
1.8178
1.8524
1.9303
1.9328
0
0
0
0
1.3728
1.6759
1.6333
1.6170
1.7310
1.7312
1.7149
1.7580
1.6748
1.7929
1.5495
1.6062
1.7477
1.7868
1.8312
1.8842
1.7901
1.8664
1.8921
1.9266
1.8641
1.9397
1.9033
1.8937
1.8286
1.8844
1.8556
1.9209
1.9288
1.6929
1.6939
1.7809
1.7595
0
0
1.9679
1.9599
1.9703
1.9692
1.9000
1.8862
0
0
0
0
0
1.5772
1.6051
1.6707
1.8419
1.7940
1.8136
1.7953
1.8396
1.7873
1.8156
1.8231
1.7632
1.8297
1.8441
0
0
0
1.9317
1.9138
0
0
0
0
1.5434
1.5051
1.3977
1.2854
1.3264
1.3116
1.3500
1.3509
1.4124
1.4180
1.5109
1.4041
1.3790
1.3996
1.4997
1.5965
1.6209
1.5543
1.7868
1.4137
1.3712
1.3789
1.5039
1.6055
1.6852
1.4694
1.5787
1.6007
1.5135
1.6573
1.5112
1.5536
1.5304
1.5712
1.7019
1.4579
1.5737
1.5480
1.4871
1.6494
1.6987
1.6934
1.8145
1.6965
1.7166
1.7357
1.8581
1.8371
1.5949
1.6581
1.7434
1.8232
1.6764
1.7537
1.4981
1.4465
1.8802
1.7607
1.7561
1.8583
1.7985
1.8117
1.7967
1.7991
1.7303
1.7876
1.7660
1.6755
1.7695
1.7893
1.4735
1.5940
1.8477
1.8331
1.8840
1.7611
1.8262
1.8127
1.7770
1.8477
1.7417
1.7785
1.9909
1.9790
1.8982
1.7376
1.8315
1.8244
1.8194
1.8184
1.7889
1.8783
1.6699
1.7070
1.7635
1.8077
1.8351
1.8943
1.7709
1.8450
1.6624
1.8962
1.8826
1.8162
1.8338
1.8628
1.8714
1.9432
1.7354
1.8173
1.8432
1.8325
1.7893
1.8564
1.8936
1.8730
1.7677
1.8203
1.7872
1.8936
1.8321
1.7550
1.8732
1.6927
1.7778
1.8476
1.7917
1.7989
1.6691
1.6621
1.8375
1.7984
1.7998
1.8155
1.8232
1.7481
1.7689
1.7659
1.8655
1.7080
1.7595
1.8589
1.8951
1.8849
1.8687
1.8334
1.8670
1.8975
1.8643
1.8006
1.8424
1.7480
1.7948
1.7815
1.7140
1.6459
1.8990
1.7853
1.7864
1.9110
1.8663
1.8833
0
0
0
0
0
0
0
0
0
0
0
0
0
0
1.3203
1.3144
1.3078
1.2036
1.2830
1.3816
1.3180
1.3338
1.4778
1.5941
1.3798
1.3639
1.4149
1.4026
1.4441
1.4430
1.4625
1.4645
1.6591
1.4599
1.3292
1.4125
1.5082
1.5122
1.6288
1.8169
1.5225
1.5220
1.6010
1.7198
1.6317
1.7258
1.5823
1.6153
1.7369
1.7298
1.7921
1.6780
1.7108
1.7221
1.7774
1.8916
1.7814
1.6794
1.7370
1.8127
1.8401
1.8224
1.6481
1.5283
1.5610
1.6373
1.6302
1.8633
1.7233
1.7472
1.9049
1.8362
1.8556
1.8249
1.8120
1.7278
1.7519
1.7304
1.7509
1.5155
1.6191
1.8024
1.8421
1.9382
1.9362
1.9225
1.8335
1.8803
1.9135
1.6927
1.7190
1.9804
2.0209
1.8580
1.8300
1.8685
1.6902
1.7823
1.7958
1.8143
1.6930
1.7691
1.8234
1.7666
1.8767
1.7747
1.7020
1.8714
1.8980
1.9266
1.7780
1.7718
1.9060
1.9265
1.8230
1.8809
1.9187
1.7627
1.7552
1.8653
1.8513
1.8815
1.7850
1.8570
1.8193
1.8925
1.8009
1.7930
1.8440
1.8537
1.8122
1.7073
1.7927
1.8533
1.7968
1.8412
1.8949
1.8401
1.7528
1.8044
1.7132
1.8111
1.8308
1.8774
1.9149
1.8508
1.8995
1.8081
1.9677
1.8336
1.8180
1.8031
1.8318
1.7948
1.8633
1.7918
1.8239
0
1.7982
1.8820
0
0
0
0
0
0
0
0
0
0
0
0
1.2236
1.6308
1.3958
1.7076
1.5917
1.8158
1.8258
1.7105
1.7747
1.6848
1.7269
1.8026
1.7096
1.8984
1.8721
1.8509
1.7658
1.7754
1.8781
1.9238
1.8841
1.8993
1.9254
1.9218
1.8896
1.8695
1.8417
1.8716
1.9395
1.9036
1.9144
1.9073
1.8591
1.8821
1.8748
1.8053
1.9062
1.9143
1.8801
1.9037
1.9764
1.9951
1.8812
1.9722
1.9541
1.9181
1.8677
1.8979
1.9680
0
0
1.1432
1.2766
1.5243
1.4243
1.6740
1.7296
1.6810
1.7301
1.7592
1.7247
1.9684
1.7444
1.8105
1.8186
1.8481
1.8630
1.8313
1.8261
1.8764
1.9177
1.8553
1.8370
1.9768
1.9691
1.8893
1.8696
1.9463
1.9743
0
0
1.1139
1.2863
1.4357
1.6525
1.6352
1.8389
1.6880
1.9063
1.5867
1.7306
1.7787
1.8216
1.8545
1.8296
1.8456
1.8791
1.8280
1.9195
1.7993
1.7890
1.8824
1.8368
1.8747
1.8891
1.9252
1.8773
1.8680
1.8955
1.8358
1.9340
1.9616
1.9836
1.9613
1.9605
1.9614
1.9422
1.9441
1.9427
2.0008
1.9055
1.8962
1.9186
1.9719
1.8616
1.8501
1.9093
1.9363
0
0
0
0
0
0
1.3199
1.1548
1.4379
1.7671
1.7910
1.8855
1.8791
1.6985
1.7270
1.8163
1.7485
1.8287
1.6696
1.9266
1.8244
1.8864
1.7870
1.8303
1.8453
1.8327
1.9152
1.9255
1.8496
1.9007
1.7846
1.8344
1.8719
1.9116
1.9533
1.9410
1.9719
1.9068
1.9098
1.9504
1.9567
1.9620
1.9581
1.9156
1.8909
1.9559
1.9795
1.9662
1.9292
1.9431
1.9175
1.9226
1.9590
1.8970
0
0
1.2153
1.3376
1.3317
1.5302
1.5283
1.6679
1.6591
1.6490
1.6998
1.7995
1.9499
1.6935
1.7768
1.7163
1.9110
1.9270
1.8101
1.8722
1.8675
1.8562
1.8782
1.9884
1.9518
1.9115
1.9073
1.9022
1.9841
1.8662
1.8589
1.8981
1.8596
2.0008
2.0384
1.9946
2.0308
1.9749
2.0272
1.9673
1.9784
2.0019
1.9342
1.9473
1.9717
1.9552
2.0089
0
0
0
0
1.3593
1.1550
1.3127
1.5823
1.7523
1.7175
1.7603
1.7044
1.7345
1.7543
1.7348
1.9391
1.8546
1.7996
1.8380
1.8521
1.8878
1.9593
1.8890
1.9226
1.8688
1.7950
1.8721
1.9818
1.9682
1.9292
1.9208
1.9355
1.9535
1.9762
1.9125
1.9676
1.9563
1.8875
1.9172
1.9431
1.9886
1.9531
1.9622
2.0071
1.9850
1.9296
1.9417
1.9615
1.9256
1.2348
1.1814
1.2502
1.3056
1.7560
1.5424
1.7136
1.4894
1.8134
1.7935
1.7963
1.7820
1.8115
1.8576
1.9342
1.7647
1.9440
1.9720
1.9872
1.9766
1.9982
1.9123
1.9463
1.9301
1.7995
1.8539
2.0259
2.0129
1.9103
1.8041
1.9674
1.9870
1.9213
1.9409
1.9084
1.9817
1.9761
1.9668
1.9327
1.9911
1.9935
1.9293
2.0233
1.9877
1.9521
1.9063
1.9159
1.9712
1.9872
1.1437
1.3572
1.5804
1.7314
1.6944
1.6533
1.7909
1.7879
1.7180
1.9174
1.8085
1.7737
1.8729
1.9329
1.7372
1.9700
2.0057
1.8474
1.8753
1.9024
1.9425
1.8988
1.9484
1.9641
1.9308
1.9054
2.0021
1.9834
1.9340
2.0197
1.9509
1.9635
1.9277
1.9765
1.9828
1.9626
0
1.9202
1.9889
0
0
0
1.3039
1.3348
1.3602
1.3559
1.3692
1.4135
1.3965
1.3975
1.4212
1.5060
1.6401
1.7111
1.4375
1.6352
1.6457
1.4833
1.4788
1.5957
1.5891
1.5283
1.6728
1.4057
1.5009
1.5089
1.6321
1.6665
1.6312
1.6103
1.7144
1.6815
1.8606
1.5349
1.6444
1.7717
1.7520
1.7089
1.7231
1.7173
1.6592
1.8369
1.8040
1.8449
1.6885
1.7822
1.8366
1.8360
1.8705
1.7956
1.8461
1.7523
1.8282
1.6818
1.6868
1.7102
1.7706
1.8787
1.7691
1.8135
1.7914
1.9536
1.8667
1.8360
1.8481
1.7317
1.8518
1.8447
1.6378
1.7273
1.9041
1.8896
1.8144
1.8254
1.9521
1.9056
1.9218
1.9218
1.9016
1.9422
1.8309
1.8429
1.8969
1.9229
1.6719
1.7755
1.9981
2.0053
1.8678
1.8349
1.8638
1.6928
1.7685
1.8446
1.8733
1.8080
1.9316
1.9803
1.7819
1.8406
1.7663
1.9030
1.8295
1.8586
1.8830
1.9088
1.8399
1.8103
1.8714
1.8338
1.8949
1.9136
1.8763
1.7818
1.8346
1.8880
1.8785
1.8058
1.8471
1.8459
1.8326
1.8292
1.8476
1.8139
1.7973
1.7229
1.8608
1.8677
1.8694
1.8310
1.8591
1.8917
1.8905
1.8090
1.7171
1.8378
1.8932
1.8183
1.9192
1.8750
1.8193
1.9145
1.8996
1.8863
1.7739
1.7841
0
0
1.8850
1.8540
1.8472
1.7930
1.9590
1.9460
0
0
0
0
0
0
0
0
0
0
0
0
1.7398
1.9243
1.3696
1.4080
1.3461
1.3320
1.3172
1.6222
1.6173
1.3934
1.4932
1.5043
1.8588
1.5961
1.6404
1.5812
1.5863
1.7293
1.7885
1.7596
1.5006
1.6921
1.7713
1.6581
1.6751
1.7249
1.6345
1.7420
1.6681
1.7633
1.5621
1.8338
1.7884
1.8846
1.7776
1.5412
1.6260
1.7290
1.8435
1.6499
1.7049
1.8206
1.8143
1.8345
1.8743
1.8255
1.7073
1.7931
1.8371
1.8923
1.9323
1.9095
1.7609
1.7930
1.4816
1.5828
1.7462
1.7965
1.8594
1.9049
1.7493
1.7351
1.7839
1.7703
1.8677
1.8727
1.7641
1.8187
1.8847
1.9310
1.9553
1.8224
1.8178
0
0
1.7681
1.7493
0
0
0
0
1.7593
0
0
0
0
0
0
0
0
0
0
0
0
0
0
0
0
0
0
0
0
0
1.4102
1.4033
1.5065
1.5454
1.3521
1.4348
1.4271
1.7021
1.4755
1.6962
1.7817
1.8347
1.6791
1.7295
1.6779
1.7804
1.8121
1.8589
1.7064
1.7679
1.7711
1.8489
1.8133
1.6581
1.5742
1.7380
1.7329
1.7778
1.7500
1.7973
1.7300
1.7228
1.7322
1.7923
1.8149
1.8157
1.7368
1.7401
1.9082
1.9174
1.8172
1.8226
1.7759
1.8510
1.7992
1.8148
1.8425
1.7903
1.7839
1.7686
1.7909
1.9224
1.9080
1.7327
1.8060
1.9068
1.9563
1.7376
1.8201
1.7183
1.7950
1.7105
1.8564
1.7811
1.6678
1.7427
1.5812
1.6132
1.8234
1.7134
1.7468
1.7083
1.7877
1.8422
1.9119
1.8003
1.7721
1.7313
1.7616
1.7598
1.7900
1.7236
1.7858
1.8282
1.9243
1.8898
1.8077
1.9083
1.8930
1.8246
1.8662
1.8498
1.9450
1.8028
1.7338
1.7866
1.7558
1.7897
1.8305
1.9017
1.8758
0
1.7703
0
0
0
0
1.8938
0
0
0
0
0
0
0
0
1.4995
1.4669
1.8858
1.6609
1.6460
1.8275
1.7942
1.8038
1.9013
1.9099
1.8840
1.9101
0
1.7636
1.8122
1.6732
1.6893
1.7119
1.6691
1.7004
1.7703
1.7907
1.8887
1.8004
1.8978
1.7980
1.8142
1.6124
1.7214
1.7561
1.7865
1.7934
1.8148
1.8065
1.8142
1.8217
1.7394
1.7570
1.7646
1.8475
1.7768
1.8270
1.8432
1.6684
1.7305
1.6810
1.7187
1.8905
1.9546
1.7885
1.8354
1.8072
1.8761
1.9079
1.9264
1.8013
1.7964
1.7996
1.8431
1.8147
1.8176
1.8993
1.7792
1.8351
1.8478
1.9251
1.6877
1.8251
1.7549
1.8548
1.7784
1.7626
1.8405
1.8214
1.8919
1.8625
1.8255
1.8266
1.7831
1.7981
1.8492
1.8369
1.7859
1.7855
1.8346
1.8611
1.7833
1.8035
1.8951
1.8847
1.8682
1.8302
1.9165
1.8721
1.7325
1.7185
1.8283
1.8371
1.8346
1.7667
1.8794
1.8476
1.8576
1.8482
1.9057
1.8712
1.8865
1.8874
1.8552
1.8971
1.9109
1.8755
0
0
1.8669
1.8312
0
0
0
0
0
0
0
0
0
0
0
0
1.6551
1.7377
1.8067
1.8242
1.9103
1.8467
1.7994
1.8402
1.8560
1.8670
1.7895
1.8051
1.8218
1.7848
1.8969
1.9210
0
0
0
0
1.1939
1.4501
1.4808
1.3225
1.4120
1.3860
1.2803
1.5257
1.5981
1.3221
1.3199
1.3479
1.7136
1.3086
1.4720
1.4552
1.3468
1.3629
1.3515
1.3833
1.2978
1.4995
1.2184
1.2172
1.4785
1.6847
1.6970
1.8218
1.3163
1.3860
1.6422
1.6349
1.5429
1.5279
1.6413
1.6461
1.7354
1.7719
1.4912
1.6899
1.7301
1.5866
1.6037
1.7625
1.7903
1.5729
1.5506
1.8637
1.8325
1.7400
1.7263
1.6806
1.6674
1.7887
1.7787
1.6586
1.6875
1.6693
1.6217
1.6402
1.6717
1.7423
1.6821
1.7103
1.6686
1.7861
1.8167
1.8001
1.8447
1.8674
1.9031
1.8233
1.8453
1.8851
1.8152
1.8144
1.8195
1.7874
1.7876
1.7805
1.7372
1.7551
1.6322
1.6494
1.7491
1.7694
1.6737
1.8283
1.8732
1.8034
1.7877
1.8088
1.8910
1.7892
1.9604
1.7503
1.9428
1.9690
1.8399
1.8386
1.7895
1.8094
1.7110
1.7096
1.7884
1.7713
0
0
0
0
0
0
0
0
0
0
0
0
0
0
0
0
0
0
0
0
1.8612
1.8737
1.5700
1.5081
1.5577
1.7546
1.8273
1.8055
1.8587
1.8322
1.8715
1.9938
1.9392
1.9159
1.9547
1.9548
1.9335
1.9028
1.9728
1.9351
1.8256
1.8628
1.9259
1.9555
1.9023
1.9565
1.8968
1.9292
1.9074
1.8420
1.9032
1.9464
1.9670
1.9888
1.9756
1.9076
1.8788
1.9860
1.9821
1.9410
1.9452
1.9870
1.9598
1.9276
1.9991
2.0348
1.9931
1.9459
1.9372
1.9571
1.9799
1.9567
1.8812
1.9256
1.9074
1.8104
1.9389
1.9308
1.9374
1.9930
1.9593
1.9562
1.8962
1.9160
2.0011
1.9612
2.0175
1.8986
1.9026
0
1.9960
0
1.2751
1.3170
1.5752
1.5723
1.3696
1.8498
1.8665
1.6226
1.7134
1.6904
1.7209
1.7800
1.7381
1.9518
1.9653
1.7148
1.6966
1.8449
1.8459
1.8497
1.8207
1.8886
1.6420
1.7179
1.9398
1.9374
1.9531
1.9643
1.8325
1.8606
1.8310
1.8409
1.7916
1.7753
1.7920
1.7995
0
0
0
0
1.9232
1.9273
1.8593
1.9034
1.9206
1.9491
1.8526
1.8430
1.8973
1.9085
1.8431
1.9999
1.9865
0
0
0
1.2814
1.3648
1.4736
1.5158
1.4786
1.8648
1.7551
1.7989
1.6581
1.7180
1.9500
2.0439
2.0238
1.8294
1.6613
1.6991
1.7889
1.8005
1.9164
1.8530
1.8423
1.8218
1.7934
1.8021
1.7044
1.8078
1.8308
1.8376
1.9656
1.9291
1.9658
1.9989
1.7809
1.7572
0
0
0
0
0
0
0
0
0
1.2515
1.5464
1.5492
1.4604
1.4434
1.9328
1.9440
1.9073
1.9204
1.8747
1.9142
1.8602
1.8359
1.9330
1.8654
1.9212
1.9311
1.7965
1.8684
0
0
0
0
1.6295
1.7303
1.7144
1.4851
1.4695
1.9411
1.9568
1.8996
1.8854
1.9716
1.9351
1.8629
1.8357
1.8429
1.8393
1.9048
1.9079
1.9702
1.9464
1.8238
1.8470
0
0
0
0
0
0
1.2447
1.2452
1.5258
1.2731
1.2123
1.2896
1.3286
1.3133
1.2963
1.4047
1.4602
1.2491
1.3228
1.1958
1.2044
1.2356
1.2573
1.1763
1.2745
1.2115
1.3024
1.3003
1.2982
1.3778
1.3135
1.3434
1.2854
1.3043
1.3202
1.3448
1.1609
1.2652
1.4382
1.4555
1.3680
1.4837
1.5104
1.3327
1.4221
1.4062
1.4213
1.3448
1.3601
1.3453
1.5115
1.4980
1.4308
1.3834
1.6579
1.7209
1.4374
1.3612
1.3814
1.4310
1.4747
1.2698
1.3291
1.5723
1.6915
1.2581
1.4433
1.4671
1.5110
1.3827
1.5736
1.4295
1.2908
1.2949
1.3735
1.3582
1.3580
1.5390
1.4942
1.2925
1.6447
1.7644
1.4492
1.3783
1.4492
1.4755
1.5313
1.6113
1.8059
1.6205
1.7244
1.6823
1.7006
1.6491
1.6155
1.4304
1.4483
1.6393
1.7989
1.8153
1.3990
1.4620
1.3797
1.4884
1.4994
1.4360
1.4638
1.4224
1.4214
1.4120
1.5766
1.4733
1.6965
1.7918
1.7436
1.7334
1.4426
1.6066
1.7287
1.7364
1.4665
1.7904
1.7592
1.6066
1.7612
1.6716
1.6895
1.8550
1.9208
1.8104
1.6323
1.6762
1.5791
1.7644
1.7609
1.6880
1.5527
1.7435
1.8977
1.7855
1.7460
1.6018
1.8849
1.7810
1.8084
1.7274
1.7291
1.8739
1.9032
1.6122
1.7144
1.6456
1.9595
1.9755
1.7423
1.7063
1.7658
1.7662
1.9004
1.9557
1.9705
1.6936
1.7688
1.7858
1.8058
1.8589
2.0242
1.9500
1.8017
1.8232
1.7599
1.7957
1.7642
1.7694
1.7304
1.8624
1.8458
1.9294
1.9251
1.7840
1.7816
1.8025
1.8583
1.9690
1.9793
1.8359
1.7783
1.8292
1.8568
1.8486
1.8410
1.7768
1.8765
1.8014
1.8345
1.7928
1.8200
1.8982
1.8679
1.7403
1.7858
1.7660
1.9682
1.8642
1.8799
1.9028
1.8087
1.9234
1.8938
1.8952
1.8975
1.8327
1.8362
1.7956
1.7443
1.8048
1.8568
1.8948
1.9936
1.9255
1.9841
1.8120
1.8505
1.8253
1.8681
1.8133
0
0
0
0
0
0
0
0
0
0
0
0
0
1.3290
1.3443
1.2715
1.1954
1.3710
1.3908
1.2400
1.2305
1.4466
1.3092
1.3048
1.3987
1.4066
1.3569
1.3296
1.3759
1.4124
1.4229
1.3389
1.7538
1.7060
1.7523
1.6154
1.5096
1.4360
1.3347
1.6818
1.5656
1.5174
1.4689
1.4573
1.4520
1.4885
1.5864
1.4684
1.6147
1.6829
1.7579
1.4675
1.5019
1.5887
1.7352
1.8128
1.8379
1.7218
1.7682
1.5515
1.7623
1.6127
1.7158
1.8250
1.7626
1.7570
1.6846
1.6154
1.6035
1.6606
1.6875
1.6517
1.5620
1.5056
1.4932
1.5665
1.7973
1.7810
1.4003
1.3651
1.4433
1.8141
1.8548
1.7256
1.6280
1.6285
1.6118
1.8160
1.8497
1.8329
1.7410
1.7440
1.7251
1.8850
1.9199
1.8190
1.8381
1.8482
1.8362
1.7823
1.9114
1.8482
1.7289
1.7015
1.8594
1.9603
1.9093
1.9085
1.7924
1.7984
1.8312
1.9434
1.9173
1.8515
1.8046
1.8712
1.7948
2.0029
1.9996
1.8880
1.8020
1.8160
1.9169
1.9363
1.9447
1.7708
1.8057
1.8402
1.8672
1.7784
1.7784
1.8522
1.6035
1.6699
1.9070
1.9305
1.8674
1.9435
1.7947
1.8274
1.9225
1.8649
1.9330
1.9048
1.9757
1.8812
1.8799
1.8864
1.8761
1.7779
1.7893
1.7906
1.9057
1.9064
1.8164
1.8498
1.9092
1.8401
1.8022
1.8656
1.8584
1.9194
1.9150
1.8261
1.8680
1.8745
1.7893
1.8206
1.7996
1.8624
1.8151
1.8424
1.9381
1.9303
1.9188
1.7180
1.8305
1.9810
1.9103
1.8489
1.8018
1.7384
1.8339
1.7379
1.7826
1.8555
1.8519
1.8781
1.8932
1.8844
1.9182
1.9293
1.8669
1.8585
1.8484
1.7583
1.8792
1.8806
1.8457
1.7792
1.9200
1.7534
1.8004
1.9495
1.9659
1.8861
1.8571
0
0
0
1.7308
1.5949
1.6744
1.6144
1.8333
1.8413
1.5851
1.5928
1.2140
1.6536
1.7819
1.8505
1.5752
1.4847
1.5730
1.8460
1.4743
1.8387
1.8472
1.3059
1.4274
1.4255
1.6410
1.6677
1.4154
1.8772
1.9148
1.5720
1.5351
1.7451
1.7227
1.3892
1.3273
1.8850
1.4756
1.8713
1.8153
1.9046
1.5826
1.6289
1.8625
1.8999
1.8117
1.8431
1.8488
1.8769
1.8246
1.7812
1.4903
1.7730
1.8939
1.8866
1.9474
1.9650
1.8958
1.8825
1.8733
1.8481
1.9268
1.8285
1.5141
1.8416
1.9013
1.8687
1.9042
1.8507
1.8831
1.8928
1.8527
1.8989
1.8100
1.9342
1.8944
1.8846
1.9020
1.8673
1.8270
1.8931
1.9036
1.7374
1.9022
1.9364
2.0210
2.0275
1.8655
1.7431
1.8948
1.7947
1.8337
1.8876
1.9112
1.8464
1.8168
1.8438
1.8279
1.8251
2.0210
1.9832
1.8457
1.8303
1.8530
1.8556
1.9110
1.7521
1.8269
1.8389
1.8909
1.9097
1.8026
1.8958
1.8858
1.9100
1.8676
1.8666
2.0494
2.0490
1.8703
1.8951
1.8748
1.8565
1.8946
1.8415
1.8141
1.7929
1.8858
1.8652
1.8859
1.8720
1.9162
1.9406
2.0088
1.9458
1.8804
1.8878
1.8548
1.8871
0
0
0
0
0
0
0
0
1.2715
1.2887
1.2694
1.4476
1.3011
1.3268
1.5238
1.4980
1.3335
1.3374
1.2672
1.4684
1.4950
1.4779
1.5020
1.4316
1.3719
1.4019
1.4721
1.6031
1.6535
1.4826
1.7819
1.7557
1.3818
1.4487
1.3148
1.4774
1.4360
1.5626
1.6107
1.7119
1.4499
1.6322
1.6699
1.4733
1.4183
1.4584
1.6752
1.7993
1.8137
1.6513
1.5616
1.4982
1.5185
1.6352
1.8215
1.5058
1.5113
1.6982
1.9071
1.5464
1.7120
1.7331
1.7163
1.7136
1.6068
1.6731
1.5464
1.5250
1.7142
1.7176
1.7078
1.7606
1.7168
1.8425
1.8481
1.4874
1.6409
1.7029
1.5770
1.6485
1.6989
1.6572
1.7355
1.7600
1.7491
1.7755
1.7954
1.8278
1.6290
1.6442
1.6360
1.6787
1.7285
1.7419
1.7928
1.7884
1.7799
1.7862
1.8537
1.9006
1.6353
1.7399
1.7873
1.7744
1.7192
1.7751
1.9735
1.9637
1.8444
1.8147
1.7296
1.7455
1.8735
1.7262
1.7558
1.7540
1.7544
1.7818
1.6995
1.7440
1.7914
1.5817
1.7989
1.7150
1.7825
1.8139
1.7770
1.8728
1.8714
1.9472
1.7294
1.8004
1.9204
1.9419
1.7085
1.6987
1.7965
1.8221
1.7457
1.7055
1.7832
1.8481
1.7773
1.7748
1.8042
1.7459
1.7440
1.7790
1.9135
1.9226
1.8129
1.8887
1.6927
1.7858
1.7383
1.7743
1.7271
1.8806
1.9418
1.9281
1.8658
1.8863
0
0
0
0
0
0
0
0
1.6833
1.7473
0
0
0
0
0
0
0
0
1.7482
1.7968
1.8503
0
0
0
0
0
0
0
0
0
0
0
0
0
0
0
0
0
0
0
1.7672
1.7527
1.7873
1.7765
1.7877
1.8017
1.8336
0
1.8658
1.7994
1.5370
1.7943
1.8632
1.7680
1.8089
1.7840
1.9212
1.8391
1.7860
1.8230
1.9576
1.8899
1.8120
1.8402
1.6546
1.8014
1.7028
1.7373
1.7972
1.8935
0
0
0
1.2723
1.3968
1.6770
1.8789
1.9039
1.1670
1.7853
1.4292
1.3581
1.7359
1.4098
1.7206
1.3400
1.4712
1.3199
0
1.8625
1.7723
1.8184
1.9017
1.8354
1.8900
1.8110
1.8237
1.7627
1.8534
1.9230
1.5336
1.7780
1.7985
1.8723
1.7693
1.7818
1.7717
1.8643
1.8478
1.7193
1.9434
1.8462
1.9390
1.8416
1.8550
1.8250
1.8228
1.7871
1.9105
1.9382
1.8434
1.8267
1.8589
1.4182
1.6588
1.7632
1.8023
1.7573
1.7795
1.9003
1.8733
1.8741
1.8724
1.8984
1.6998
1.9108
1.8331
1.9390
1.8254
1.8546
1.8729
1.8953
1.7940
1.8249
1.7879
1.9349
1.7745
1.7533
1.8811
1.7236
1.8169
1.8413
1.4268
0
1.6677
1.8312
1.8032
1.8351
1.8819
0
0
1.8233
1.8458
1.8222
1.8309
1.3864
1.6762
1.5960
1.4360
1.5027
1.5222
1.5931
1.8356
1.8073
1.4595
1.4745
1.8391
1.8778
1.8531
1.4793
1.2021
1.4316
1.7311
1.5004
1.4154
1.3727
1.4375
1.4251
1.7453
1.6496
1.8409
1.7607
1.7989
1.7182
1.7971
1.8222
1.8290
1.8481
1.7355
1.8593
1.9081
1.6897
1.6931
1.8392
1.8537
1.8800
1.8712
1.5787
1.6412
0
0
1.6670
1.6977
1.8427
1.8718
1.8898
1.8439
1.8768
1.9083
1.8610
1.8660
1.9006
1.9462
1.9449
0
0
0
0
0
0
0
0
1.7526
1.7925
1.7572
1.8132
1.8300
1.8311
0
0
0
0
1.8541
1.8394
0
0
1.8040
1.8110
0
1.8412
2.0467
1.9818
0
1.2890
1.3627
1.9319
1.9766
1.9614
0
0
1.7514
1.7706
1.8769
1.8765
1.8731
1.8951
1.9258
1.8842
0
0
0
0
1.8387
1.9561
1.8640
1.8146
1.7152
1.6355
1.8192
1.8304
1.8287
1.8395
1.9426
1.9639
0
0
1.8167
1.7889
1.8370
0
1.8561
1.8994
1.8903
0
1.2936
1.1590
1.4850
1.7051
1.5824
1.7124
1.4360
1.4102
1.4933
1.8720
1.9836
1.9794
1.8409
1.8639
1.7630
1.8634
1.7639
1.8011
1.8634
1.8493
1.7992
1.9677
1.9426
1.9521
1.9442
1.8879
1.9286
1.8853
1.8438
1.8848
1.9688
1.9600
1.9638
1.9147
1.8822
1.9146
1.9998
2.0062
1.9621
1.9534
1.9207
1.9183
1.9991
1.9728
2.0421
1.9911
1.8576
1.9080
1.9848
2.0242
1.8842
1.9518
1.9778
1.9497
1.9988
2.0024
1.9419
1.9433
1.9310
1.9179
1.9674
1.9257
2.0276
2.0107
1.8953
2.0104
1.9806
1.9685
1.9411
1.9754
1.9514
2.0446
1.9363
1.9630
0
0
0
0
0
0
0
0
0
0
0
0
1.5044
1.5932
1.6189
1.7556
1.7688
1.5343
1.5547
1.8060
1.7563
1.7864
1.8497
2.0224
2.0231
1.9688
1.8982
1.8327
1.8875
1.8010
1.8519
1.8837
1.8675
1.8778
1.8814
1.8480
1.9943
1.8389
1.8746
1.9990
1.9592
1.8677
1.8542
1.7937
1.8031
1.9104
1.7740
1.7932
1.8873
1.8943
0
0
0
0
0
0
0
0
0
0
0
0
0
1.3207
1.3199
1.3716
1.4084
1.3600
1.4024
1.4055
1.4335
1.3926
1.5323
1.4199
1.5233
1.4860
1.4981
1.5309
1.6525
1.6940
1.3848
1.4461
1.4680
1.4783
1.5078
1.5748
1.5530
1.5624
1.5049
1.6902
1.6729
1.5459
1.6606
1.7165
1.6857
1.6589
1.6699
1.6715
1.6935
1.7005
1.5780
1.6945
1.8385
1.6917
1.7712
1.6937
1.6835
1.7392
1.7824
1.5529
1.5555
1.7683
1.8472
1.5789
1.5893
1.6643
1.6956
1.6284
1.7273
1.6260
1.7492
1.7705
1.8738
1.8344
1.7992
1.7009
1.6823
1.6191
1.8150
1.6785
1.7830
1.7591
1.7919
1.7839
1.7777
1.8083
1.7246
1.7859
1.5737
1.6993
1.7123
1.7445
1.7448
1.8415
1.6858
1.6710
1.7013
1.6277
1.6419
1.7589
1.7910
1.7322
1.8050
1.7345
1.7936
1.8382
1.8607
1.8148
1.8504
1.8642
1.7477
1.7777
1.8030
1.7761
1.8186
1.7932
1.7631
1.8139
1.6895
1.7821
1.6818
1.7841
1.6008
1.7962
1.8390
1.7963
1.8115
1.8633
1.7766
1.6734
1.7027
1.8452
1.8110
1.8160
1.8064
1.7662
1.7040
1.7763
1.8151
1.8514
1.7244
1.7466
1.8788
1.8600
1.9126
1.8390
1.7672
1.8026
1.8173
1.7019
1.7284
1.7599
1.8829
1.8624
1.8106
1.8734
1.9153
1.8487
1.8401
1.7877
1.7916
1.8380
1.8177
1.8264
1.8129
1.8165
1.8602
1.8761
1.8823
1.7987
1.7934
0
0
0
0
0
1.8385
0
0
0
0
0
0
0
0
0
0
0
0
0
0
0
1.7440
1.9087
1.9002
1.8236
1.8129
1.9002
1.6738
1.7578
1.7925
1.7898
1.8028
1.8349
1.8736
1.8870
1.8769
0
0
1.9031
1.9058
0
1.3227
1.2821
1.8931
1.8760
1.9065
0
0
1.6278
1.6165
1.4369
1.6273
1.6514
1.6761
1.8028
1.8188
1.9406
1.9447
1.9604
1.9043
1.9368
1.9446
1.9678
1.8836
1.9928
2.0138
2.0357
1.9244
1.9725
1.9466
1.9807
2.0202
1.9641
1.9456
1.9572
1.9956
1.9415
1.9625
1.9406
1.9327
1.9334
1.9569
2.1010
2.0476
1.9884
2.0275
2.0763
2.0436
2.0286
2.0095
2.0031
1.9241
1.9276
2.0522
2.0122
2.0242
2.0511
1.9943
1.9739
1.9904
1.9876
2.0028
2.0419
1.9856
1.9322
2.0340
2.0333
1.9797
2.0003
0
2.0616
2.1121
0
0
0
0
0
0
0
0
0
0
0
0
1.2832
1.2821
1.5145
1.5165
1.5101
1.5480
1.6745
1.7974
1.8024
1.6697
1.7914
1.8174
1.7962
1.8035
1.8498
1.7535
1.8368
1.8398
1.8977
1.8176
1.8592
1.8414
1.8184
1.9003
1.9335
1.8142
1.7878
1.8209
1.8895
1.8503
1.8393
1.8553
1.8282
1.9808
1.8990
1.8701
1.8545
1.8248
1.7860
1.8876
1.8422
0
0
0
0
0
0
0
0
0
0
0
1.3972
1.4053
1.4318
1.3105
1.7932
1.7097
1.4738
1.4031
1.4697
1.4503
1.8890
1.8439
1.4759
1.5508
1.8576
1.8771
1.4829
1.4921
1.4091
1.4904
1.6007
1.6335
1.8573
1.7200
1.9020
1.9174
1.7354
1.8054
1.9913
1.8404
1.8841
1.9120
1.9268
1.9224
1.6764
1.7193
1.8582
1.9418
1.8410
1.8548
1.9040
1.7125
1.8028
1.7528
1.8342
1.6910
1.8328
1.8022
1.9803
1.8663
1.9615
1.9261
1.6121
1.7064
1.8095
1.7861
1.9089
1.8435
2.0047
1.9417
1.7641
1.7548
1.8916
1.8063
1.8536
1.9273
1.8147
1.8265
1.9767
1.9262
1.9607
1.8727
1.9128
1.8640
1.8611
1.8160
1.7497
1.9020
1.9373
1.9837
1.8714
1.8924
1.7709
1.9446
1.9285
1.9362
1.9662
1.8998
1.9912
1.9879
1.7652
1.8807
1.9923
1.9636
1.8978
1.9388
1.9415
1.7972
1.8725
1.7328
1.7978
1.8948
1.8791
1.9529
1.9603
1.5943
1.7658
1.7894
1.8916
1.9216
1.8223
1.8847
1.9019
1.9326
1.9976
1.9980
1.9435
1.9348
1.9663
2.0140
1.8462
1.8264
1.8155
1.8080
1.9782
2.0087
1.8930
1.8181
1.8155
1.9265
1.9225
1.9475
1.9976
2.0126
1.8827
1.9493
1.9669
1.9313
1.9279
1.9558
1.9784
1.9596
1.9473
1.9122
0
0
1.9782
1.9683
1.8535
1.8975
0
0
0
0
0
0
0
0
0
0
0
0
0
0
1.8669
1.7914
1.6977
1.7266
0
0
1.4637
1.4719
1.4280
1.4288
1.4158
1.4680
1.7119
1.7563
1.7928
1.7696
1.7907
1.8117
1.8139
1.7612
1.7647
1.7980
1.7962
1.8743
1.8255
1.8069
1.8638
1.8267
1.9448
1.8576
1.8256
1.8320
1.8436
1.8106
1.8232
1.7909
1.8823
1.8938
0
0
0
0
0
0
0
0
0
0
0
0
0
0
0
1.3719
1.4966
1.5023
1.7954
1.7683
1.6457
1.6682
1.8450
1.8989
1.8847
1.8715
1.8835
1.8597
1.7333
1.9149
1.9386
1.9221
1.9300
1.8776
1.8660
1.8689
1.8667
1.7842
1.8162
1.9672
1.9781
1.9648
1.9812
1.8770
1.9342
1.9905
1.9651
1.9253
1.9034
1.9428
1.3753
1.4357
1.4497
1.8816
1.8703
1.8758
1.7844
1.8056
1.8809
1.8875
1.9411
1.9891
1.8467
1.9533
1.9226
1.9032
1.9029
1.9094
1.9331
1.8979
1.9577
1.9662
1.8912
1.9115
1.9459
1.9445
1.9804
2.0480
1.8323
1.8154
1.9094
1.8945
2.0023
1.9870
1.9293
1.9481
2.0152
2.0200
2.0373
2.0320
0
0
1.3600
1.3860
1.6256
1.6691
1.7347
1.9373
1.8143
1.8556
1.8575
1.7579
1.7601
1.7897
1.8016
1.5947
1.7463
1.7874
1.8086
1.8711
1.9049
1.8547
1.8761
1.8258
1.9013
1.6635
1.6118
1.7827
1.7768
1.6617
1.6748
1.8546
1.8872
1.7247
1.7425
1.7871
1.8338
1.8564
1.8353
1.7514
1.7602
1.8207
1.8487
1.6870
1.8149
1.8252
0
0
0
0
0
0
0
0
0
0
0
0
0
0
0
0
0
0
0
1.3492
1.3388
1.3189
1.2965
1.2886
1.3895
1.5642
1.4610
1.3887
1.4102
1.3332
1.5261
1.4562
1.3116
1.3309
1.6273
1.6263
1.4470
1.5012
1.5238
1.3216
1.3637
1.3584
1.3667
1.4647
1.7090
1.6054
1.3701
1.5662
1.5471
1.7145
1.4005
1.4357
1.6625
1.6394
1.7171
1.7791
1.8888
1.7186
1.7421
1.6396
1.8132
1.5971
1.5877
1.6606
1.6514
1.5250
1.5376
1.8095
1.7592
1.7588
1.7891
1.6801
1.7747
1.7384
1.8454
1.8033
1.8597
1.8838
1.8780
1.6322
1.7739
1.7647
1.8265
1.8244
1.8680
1.8885
1.8628
1.9018
1.8121
1.8640
1.8742
1.8830
1.8140
1.7343
1.7417
1.8827
1.9205
1.7149
1.8601
1.7934
1.7915
1.7657
1.8921
1.9533
1.7962
1.8523
1.7807
1.9418
1.7935
1.8119
1.7504
1.7796
1.7831
1.8700
1.8373
1.8799
1.8980
1.7606
1.7517
1.8697
1.8635
1.9023
1.8545
1.8452
1.6730
1.8947
1.7322
1.7467
1.8583
1.8797
1.8154
1.7953
1.7934
1.7820
1.8697
1.8142
1.8310
1.9045
1.9104
1.9074
1.9280
1.9369
1.8774
1.8790
1.6953
1.7303
1.6369
1.8095
1.7723
1.7772
1.9042
1.8899
1.9073
1.9151
1.7853
1.7731
1.7543
1.8830
1.8968
1.8196
1.8160
1.6742
1.7010
1.7716
1.7625
1.8349
1.8324
1.9590
1.9365
1.8740
1.8757
1.8088
1.9064
1.8218
1.7546
1.7300
1.9189
1.9327
1.9728
1.7903
1.8540
1.7210
1.7524
1.7658
1.8764
1.8413
1.8525
1.8238
1.8659
1.9152
1.7013
1.8171
1.8155
1.8124
1.8172
1.8552
1.8890
1.8515
1.9333
1.8736
1.8994
1.9253
1.9475
1.8515
1.8977
1.7043
1.9125
1.8603
1.8849
1.9183
1.9329
1.7475
1.7999
1.8808
1.8356
1.8935
1.8598
1.8792
1.8051
0
0
1.9075
1.9659
1.8617
1.9589
0
0
1.7684
0
0
0
1.9592
1.9929
0
0
0
0
0
0
0
0
0
0
0
0
0
0
0
0
0
0
0
0
0
0
0
0
0
0
0
0
0
0
0
0
0
0
0
0
0
0
0
0
0
1.0908
1.2823
1.2479
1.2873
1.4442
1.2955
1.3095
1.2730
1.3172
1.4305
1.3490
1.3814
1.3620
1.3770
1.3361
1.3884
1.3945
1.2882
1.4187
1.4347
1.3988
1.4023
1.4617
1.3375
1.3612
1.4442
1.4416
1.4316
1.4417
1.4282
1.5277
1.3551
1.3903
1.5299
1.4986
1.3873
1.4607
1.5680
1.4700
1.4855
1.5918
1.5636
1.4778
1.5178
1.5058
1.8171
1.5064
1.5515
1.6646
1.6844
1.4974
1.6084
1.7619
1.8360
1.5604
1.5792
1.4974
1.4644
1.5605
1.5448
1.4969
1.4609
1.4977
1.5916
1.6107
1.7502
1.6186
1.7348
1.5767
1.5541
1.5977
1.5471
1.5813
1.8005
1.8710
1.7695
1.4606
1.5323
1.6850
1.7047
1.6796
1.5133
1.4774
1.7273
1.7695
1.5505
1.6231
1.5051
1.7122
1.8176
1.8332
1.6127
1.6938
1.7503
1.8146
1.6465
1.7233
1.8028
1.7433
1.8276
1.8868
1.6777
1.7252
1.8177
1.7848
1.7769
1.4863
1.4985
1.4775
1.5761
1.8124
1.8244
1.5444
1.5373
1.7988
1.8416
1.6493
1.6778
1.7121
1.8022
1.8104
1.6652
1.7315
1.7959
1.8102
1.7479
1.7027
1.7180
1.8609
1.7987
1.8224
1.8611
1.5910
1.6385
1.8112
1.7951
1.7021
1.7328
1.8492
1.9015
1.8613
1.8757
1.7437
1.7845
1.8348
1.8635
1.9168
1.7677
1.8781
1.8341
1.8729
1.9008
1.8573
1.8665
1.8976
1.6924
1.7388
1.7492
1.7682
1.7955
1.8357
1.8752
1.7788
1.7981
1.7957
1.7861
0
0
1.8398
1.8710
0
0
0
0
0
0
0
0
1.1427
1.1868
1.2619
1.3706
1.4517
1.6651
1.4130
1.4550
1.7380
1.7176
1.6322
1.6878
1.7881
1.7757
1.7598
1.7534
1.8287
1.8492
1.8084
1.6664
1.6325
1.7848
1.7950
1.8339
1.7682
1.5859
1.5302
1.8234
1.8161
1.8681
1.7877
1.8571
1.8048
1.8082
1.7859
1.7625
1.8736
1.8646
1.7578
1.7104
1.8135
1.8489
1.8648
1.8457
1.8607
1.7889
1.9056
1.9324
1.8441
1.8854
1.8963
1.9180
1.8492
1.9315
1.8429
1.8947
1.8269
1.8410
1.8240
1.8559
1.8558
1.8165
1.8040
1.8500
1.8937
1.9314
1.7985
1.8192
1.6719
1.7662
1.8413
1.8740
1.8899
0
0
0
0
0
0
0
0
0
0
0
0
0
0
0
0
0
0
0
0
0
0
0
0
1.2562
1.8167
1.8573
1.6868
1.7499
1.8122
1.8003
1.8168
1.8399
1.7959
1.8423
1.8561
1.8267
1.8370
1.7922
1.7780
1.8296
1.9013
1.8703
1.8978
1.8728
1.8635
1.9749
2.0041
1.9589
1.9270
1.8486
1.8825
1.8512
1.8531
1.8652
1.8366
1.9992
2.0054
1.9287
1.8582
1.8647
1.8590
1.9459
1.9886
0
0
0
0
0
0
0
0
0
1.5373
1.6910
1.6233
1.6957
1.5120
1.4849
1.6517
1.6996
1.7215
1.5579
1.8743
1.9380
1.6021
1.6750
1.6980
1.8531
1.7124
1.6519
1.7883
1.7378
1.7463
1.7862
1.7604
1.8727
1.8767
1.8141
1.7650
1.5979
1.5821
1.7387
1.7873
1.8935
1.8453
1.8159
1.8869
1.8873
0
1.8584
1.8108
1.6170
1.3439
1.3771
1.6118
1.5845
1.5948
1.5989
1.7035
1.6822
1.8005
1.8234
1.7201
1.8563
1.9117
1.8482
1.8011
1.8032
1.8646
1.7917
1.8044
1.8703
1.9324
1.7874
1.9119
1.7411
1.8988
1.9145
1.9456
2.0396
1.9891
1.8775
1.9043
1.8367
1.7889
1.8106
1.8006
1.8486
1.8362
1.8057
1.8704
1.8303
1.8712
1.8181
1.8506
1.8807
1.8728
1.8682
1.8333
1.8525
1.9005
1.8434
1.8317
1.8874
1.9067
1.8130
1.9968
1.9897
1.8798
1.8871
1.8713
1.8313
1.8745
1.9422
1.8452
1.9175
1.9105
1.8896
1.9350
1.8323
1.8870
1.9276
1.8699
1.9247
1.8635
1.9241
1.9456
1.8825
1.8890
1.9254
1.9157
1.9681
1.9384
1.9300
1.8774
1.8298
1.8418
1.9056
1.9056
1.9310
1.9509
1.8894
1.8366
1.8289
1.9245
1.9097
1.9430
1.8722
1.8612
1.8756
1.8672
0
0
0
0
0
0
1.8336
0
0
0
0
1.3797
1.3728
1.5573
1.8087
1.5957
1.2663
1.3350
1.5393
1.2763
1.3658
1.9244
1.9169
1.8497
1.8929
1.8256
1.7113
1.7387
1.8699
1.7683
1.9005
1.8709
1.7930
1.7945
1.8985
1.7154
1.7207
1.9031
1.9337
1.9509
1.9034
1.7844
1.7652
1.9794
2.0091
1.8127
1.8226
1.8569
1.8905
1.9067
1.8124
1.8523
1.9019
1.8957
1.8480
1.9152
1.9832
1.9364
1.8900
1.9210
1.9434
1.9366
1.8791
1.9608
1.9939
2.0218
1.9361
1.9234
2.0045
1.9923
1.7611
1.8081
1.7967
1.8888
1.9436
1.9783
1.9626
1.9277
1.9724
1.9416
1.9973
1.9706
1.9894
2.0069
1.9639
1.9601
1.9895
1.9633
1.8733
1.9917
2.0042
1.9672
1.9495
2.0109
2.0344
1.9827
2.0068
0
0
0
0
0
0
0
0
0
0
1.2278
1.3671
1.5790
1.5620
1.8206
1.8754
1.7697
1.5347
1.5616
1.8137
1.8775
1.8633
1.5816
1.5276
1.8629
1.9336
1.9301
1.8341
1.7699
1.8604
1.9562
1.9413
1.9392
1.8873
1.9088
1.8686
1.8552
1.9644
1.9880
1.8982
1.8787
1.8303
1.8398
1.8899
1.9049
1.8748
1.8238
1.8194
1.8985
1.9039
1.9196
1.9739
1.9358
1.9473
1.9136
1.8586
1.9518
1.9665
1.8050
1.9492
1.8694
1.8793
1.9421
1.9145
1.8862
1.8486
1.8543
1.8328
1.9742
1.9500
1.9940
1.8669
1.8862
1.9166
1.9627
1.8946
1.9234
2.0013
1.9995
1.8543
1.8350
1.9310
1.9768
1.9565
1.9575
1.9403
1.9507
1.9826
1.9550
1.9340
1.9564
1.9746
1.9836
1.9355
1.9698
2.0024
1.9963
1.9288
1.9342
1.9459
1.9849
1.9506
1.9408
0
0
0
0
0
0
0
0
0
0
0
0
0
0
0
0
0
1.2119
1.4240
1.6560
1.6123
1.8262
1.8817
1.7347
1.4768
1.5424
1.8674
1.8212
1.8756
1.6998
1.6794
1.9118
1.9344
1.9682
1.7991
1.8311
1.8041
1.9625
1.8794
1.9041
1.8913
1.9154
1.8802
1.8687
1.8794
1.8667
1.8778
1.9012
1.8131
1.8227
1.8346
1.8805
1.8983
1.8925
1.8799
1.8741
1.9344
1.9264
1.8807
1.9079
1.9338
1.8732
1.8769
1.8799
1.8336
1.9551
1.9059
1.9140
1.9029
1.8958
1.8789
1.8554
1.8815
1.8655
2.0089
1.9450
1.9461
1.8843
1.8796
1.9631
1.9619
1.8565
1.8938
1.9902
1.9900
1.8420
1.8880
1.9027
1.9239
1.9959
1.9797
1.8969
1.8959
2.0289
1.9891
1.9415
2.0163
1.9024
1.9173
1.9414
1.9549
1.9263
1.9103
2.0084
2.0554
1.9304
1.9389
1.8973
1.8984
0
0
0
0
0
1.8765
1.8975
0
0
0
0
0
0
0
0
0
0
0
0
0
1.2257
1.3214
1.4051
1.4005
1.9754
1.9892
1.7954
1.9504
1.6102
1.6136
1.8342
1.8007
1.8085
1.8503
1.8669
1.9482
1.9772
1.7951
1.8792
1.8403
1.9513
1.9383
1.9464
1.9461
1.9723
1.8866
1.8543
1.9190
1.8807
1.9518
1.9584
1.8796
1.9112
1.8976
1.8152
1.8633
1.9278
1.8895
1.8524
1.8788
1.9180
1.9414
1.9215
1.9019
1.8999
1.9469
1.9946
1.8992
1.9043
1.8690
1.9531
1.9678
1.9476
1.8711
1.8680
1.8481
1.9258
1.9360
1.9837
1.9325
1.9540
1.8366
1.9346
1.9136
1.9412
1.9884
2.0034
1.8652
1.8935
1.9329
1.9551
1.9673
1.9797
2.0324
2.0230
2.0216
1.9665
1.9699
1.9660
1.9165
1.9091
2.0398
2.0189
1.9387
1.9417
0
0
0
0
0
0
0
0
0
0
0
0
0
0
0
0
0
0
0
0
0
0
0
0
0
0
1.7982
1.8753
0
0
1.7354
1.7513
1.8241
1.9135
1.7245
1.7623
1.7613
1.8917
1.5156
1.5840
1.9102
1.9465
0
0
0
0
1.7621
1.5102
1.6999
1.9043
1.9000
1.7907
1.9327
0
1.7658
0
1.5520
1.5258
1.2282
1.2592
1.4772
1.6432
1.6568
1.8596
1.7738
1.8655
1.7607
1.8947
1.7942
1.6802
1.8363
1.8518
1.8309
1.8580
1.8735
1.8607
1.8189
1.7835
1.9599
1.8872
0
0
1.5069
1.3407
1.4871
1.7383
1.4276
1.5732
1.7185
1.7744
1.8088
1.8438
1.9043
1.8201
1.7491
1.8320
1.8788
1.9107
1.8434
1.8881
1.4263
1.4525
1.8566
1.8525
1.4187
1.5014
1.3316
1.4635
1.4035
1.5004
1.6573
1.7141
1.6864
1.6898
1.7073
1.7861
1.7285
1.7607
1.7457
1.8481
1.7915
1.8149
1.7765
1.7031
1.7745
1.8729
1.7983
1.8654
1.8523
1.8638
1.9067
1.8611
0
1.8594
1.8761
1.8836
1.7986
1.8997
1.8868
0
0
0
1.6457
1.7398
1.6640
1.8182
1.8046
1.8966
1.8147
1.8892
1.8805
1.7781
1.7919
1.8786
1.8270
1.7779
1.9008
1.9165
1.8974
1.9363
0
0
0
1.1703
1.7804
1.4611
1.7580
1.8159
1.9494
1.9748
2.0356
1.9593
0
1.3456
1.3476
1.3262
1.4537
1.4154
1.6457
1.4613
1.8160
1.5918
1.8402
1.6823
1.7062
1.8367
1.8802
1.8051
1.7733
1.8382
1.8215
1.8082
1.8651
1.8224
1.6141
1.7761
1.8867
1.8524
1.7687
1.8310
1.7282
1.8546
1.8326
0
1.2949
1.9309
1.8870
0
1.7047
1.8346
1.8333
1.8708
1.8633
1.8665
1.7254
1.7375
1.7955
1.7545
1.6716
1.6904
1.7508
1.8085
1.9594
1.8669
1.8064
1.8413
0
0
1.6013
1.6996
1.8223
1.8827
1.7360
1.7892
1.9007
1.8167
0
0
0
0
1.3795
1.3942
1.4019
1.3975
1.5127
1.7584
1.7648
1.6041
1.7902
1.8489
1.7568
1.7608
1.8376
1.8338
1.8145
1.7876
1.8974
1.7956
1.7286
1.8289
1.8316
1.7286
1.8772
1.4877
1.8033
1.7736
1.8950
1.7694
1.8203
2.0077
1.9635
1.8677
1.8897
1.8569
0
1.9152
1.7189
1.8447
1.7737
1.7797
1.8105
1.8286
1.8261
1.6833
1.7968
1.8046
1.7952
1.7901
1.7328
1.7016
1.8091
1.5169
1.6684
1.8018
1.8692
1.8864
0
0
0
0
0
0
0
1.8537
1.8001
1.8512
1.8470
1.8903
1.8685
1.8061
1.8810
1.8237
0
0
0
1.8902
1.8525
1.7670
1.7399
1.7469
0
0
1.7809
1.8252
1.7569
1.8551
1.7510
1.8874
0
0
1.7943
1.8572
1.7235
1.8024
1.8185
1.8361
1.8640
1.8354
0
1.7947
1.8411
1.8163
1.8819
0
0
1.6937
1.7045
1.8000
1.8354
1.8257
1.8364
1.8906
1.8333
1.7983
1.9008
1.8529
1.8612
1.8783
1.8663
0
0
0
0
0
0
0
0
0
1.7822
1.8093
1.4568
1.7572
1.7075
1.4827
1.4578
1.6737
1.7235
1.5382
1.8223
1.8186
1.6940
1.8971
0
0
1.7662
1.7878
1.8478
1.8565
1.8741
1.9327
1.8358
1.8206
1.8714
1.8749
1.7229
1.8795
1.8337
1.8671
1.9213
1.8781
1.9030
1.8870
1.9055
1.7990
1.8121
1.8636
0
0
0
0
0
0
0
0
1.7967
1.7959
1.8788
0
0
1.8189
0
0
1.7415
1.7805
1.8195
1.8913
1.8845
0
1.8272
1.8734
0
1.6737
1.6844
0
0
0
1.7342
1.7581
0
1.7290
1.8107
1.7681
1.7971
1.8739
1.8379
1.8566
1.8038
0
0
0
1.9051
1.8378
1.8323
1.8751
1.7842
1.8253
1.8788
1.8556
0
0
1.8506
0
1.8501
1.9050
1.9480
1.9509
1.8006
1.8432
0
0
1.7839
1.8185
0
0
1.8099
0
0
1.8528
1.8887
0
1.9956
1.9339
1.9043
1.8077
1.8735
1.9088
0
0
1.6340
1.7223
1.7990
1.8539
1.8139
1.6940
1.8506
0
1.8306
1.7696
0
0
1.9583
1.8625
1.7921
1.8140
1.7837
1.8413
1.8717
1.8387
1.8547
1.8790
0
0
0
1.8452
1.8657
1.7766
1.8239
1.8171
1.8084
1.8765
1.9097
1.8299
1.8729
0
0
0
1.8875
1.8076
1.8219
1.8785
1.8960
1.8545
0
1.9162
1.9137
1.8035
1.9926
1.9494
0
0
1.8665
1.8970
1.9433
1.5404
1.5429
1.8905
1.9217
1.9190
1.7887
0
0
0
0
1.5791
1.6172
1.8055
1.9057
1.8464
1.8539
1.7286
1.7664
1.7768
1.8311
0
0
0
0
0
0
1.4993
1.8630
1.8952
1.7743
1.8498
0
0
0
0
0
1.3504
1.7961
1.8818
1.8314
1.8432
0
1.8628
1.8041
1.8174
1.6651
1.6903
1.7907
1.8102
1.8209
1.8423
1.7885
0
0
0
0
0
1.3669
1.8801
1.9267
0
1.3194
1.8795
1.9301
2.0209
1.9500
1.8998
1.8889
1.9021
1.9260
1.8942
1.9245
1.8287
1.8520
0
0
0
0
0
1.2332
1.2507
0
1.3307
1.8194
1.8386
1.7996
1.8603
0
1.7584
1.8029
1.9156
1.8490
1.8143
1.3152
1.3634
1.5752
1.3498
1.4182
1.4208
1.4774
1.4556
1.5624
1.4639
1.4798
1.7621
1.8565
1.7158
1.8181
1.8012
1.8225
1.7711
1.8634
1.8604
1.8342
1.8448
1.8607
1.8904
1.9310
1.8555
1.8253
1.8525
1.8590
1.8683
1.8953
1.7809
1.8967
1.8287
1.6867
1.8546
1.8676
1.7862
1.8381
1.8454
1.8846
1.9190
1.7509
1.8380
1.7940
1.8219
1.7986
1.4516
1.4788
1.8433
1.9354
1.9708
1.7836
1.8874
1.8799
0
0
1.4141
1.9241
1.9271
1.8692
1.9191
1.8794
1.2839
1.7659
1.8324
1.8277
1.8569
1.9609
1.9632
1.8206
1.9670
1.9271
1.9039
1.8983
1.4425
1.8558
1.8604
0
1.8606
1.8092
1.8987
1.3303
1.8715
1.8738
1.7994
1.8884
1.8353
1.8729
1.9331
1.9249
2.0119
1.9411
1.7813
1.9162
1.3858
1.7888
1.7791
1.7412
1.8494
1.5769
1.6255
1.7330
1.7957
1.6336
1.7895
1.7500
1.8313
1.7289
1.7969
1.7197
1.8402
1.7069
1.8041
1.8765
1.7137
0
1.6708
1.9103
0
1.8626
0
0
0
1.2538
1.3584
1.4164
1.3851
1.3901
1.3570
1.5024
1.3613
1.5727
1.5835
1.4379
1.5755
1.5503
1.5820
1.8213
1.8048
1.8691
1.8665
1.7504
1.6464
1.6695
1.6197
1.6801
1.7909
1.8691
1.8684
1.7564
1.7947
1.7776
1.8118
1.9181
1.9289
1.9262
1.9249
1.8855
1.8476
1.8899
1.8921
1.8376
1.8346
1.8504
1.7098
1.8252
1.8175
1.8420
1.7869
1.8128
1.8976
1.8750
1.9289
1.8808
1.8828
1.9088
1.8637
1.8719
1.9142
1.9006
1.8346
1.8256
0
0
0
0
1.2714
1.4851
1.4874
1.4276
1.3880
1.4259
1.4867
1.5703
1.4335
1.6450
1.5626
1.8258
1.7410
1.8893
1.7244
1.6011
1.5848
1.8342
1.7664
1.8374
1.8916
1.7880
1.8078
1.8843
1.9181
1.9185
1.9235
1.7825
1.8616
1.9021
1.8538
1.9012
1.9061
1.8118
1.8963
1.8183
1.8698
1.8541
1.8535
1.8525
1.9641
1.9640
1.9128
1.9089
1.9061
1.9308
1.8615
0
0
1.7139
1.6837
1.8096
1.8295
1.8320
1.3346
1.3672
1.6235
1.6546
1.2721
1.7273
1.7221
1.8301
1.6666
1.7074
1.8168
1.8438
1.6544
1.7284
1.7744
1.7818
1.5682
1.5930
1.7587
1.6937
1.6787
1.6941
1.7790
1.8262
1.5806
1.7068
1.8044
1.7738
1.8114
1.9089
1.8822
1.8499
1.8771
1.9009
1.7664
1.8246
1.8573
1.8427
1.7579
1.7848
1.7036
1.7733
1.6937
0
0
0
0
0
0
0
0
0
0
1.8324
1.5257
1.4814
1.8707
1.8618
1.6447
1.5914
1.7673
1.7998
1.5412
1.8139
1.7822
1.8408
1.6994
1.8665
1.7777
1.8002
1.7264
1.7437
1.7886
1.8007
1.7598
1.7953
1.7840
1.8513
1.7880
1.8767
1.8462
1.8854
1.7530
1.8556
1.8243
1.8230
1.8014
1.9869
1.9523
1.8758
1.8446
1.8956
1.8624
1.8455
1.7484
1.8660
1.8009
1.8135
1.7977
1.8364
1.7717
1.7711
0
0
0
0
0
0
0
0
1.4531
1.6315
1.7409
1.8209
1.8376
1.7486
1.4316
1.8890
1.9296
1.6766
1.7468
1.8322
1.8215
1.8133
1.8661
1.9370
1.9700
0
0
1.4394
1.4279
1.7995
1.8431
1.7669
1.7059
1.6115
1.6877
1.9211
1.9128
1.7283
1.7871
1.8816
1.8626
1.7901
1.7993
1.9361
1.9602
0
0
1.8933
1.9664
1.9595
1.9992
1.8505
1.8620
0
0
1.8602
1.9088
1.8895
1.8898
1.8954
1.8747
1.8298
1.8575
0
0
1.4394
1.4782
1.8830
1.8743
1.8614
1.8455
1.9883
1.9671
1.8211
1.9818
1.8350
1.8876
1.9449
0
0
1.7794
1.8228
1.8237
1.8212
0
1.8141
1.8189
1.2177
1.3420
1.3140
1.3268
1.3404
1.3547
1.5333
1.5651
1.3762
1.4224
1.3402
1.3946
1.5623
1.4866
1.3961
1.4053
1.9265
1.8764
1.6393
1.6026
1.5234
1.4485
1.5487
1.3877
1.3589
1.7196
1.7885
1.3498
1.5424
1.5788
1.7490
1.6689
1.7905
1.7963
1.8206
1.8293
1.7279
1.7090
1.8403
1.8115
1.9931
1.9816
1.8167
1.8282
1.9355
1.8719
1.8419
1.8418
1.8843
1.7894
1.8746
1.8019
1.8015
1.8261
1.8789
1.8369
1.6921
1.7574
1.8636
1.8877
1.9261
1.9073
1.8648
1.8975
1.8578
1.8422
1.8660
1.8961
1.8835
1.8855
1.8720
1.9464
1.8604
1.7809
1.8616
1.8884
1.8661
1.8921
1.8627
1.8426
1.9019
1.7971
1.8238
1.8432
1.8730
1.9194
1.9945
1.9706
1.8902
0
0
0
0
0
1.5418
1.6637
1.4714
1.4449
1.6328
1.6748
1.8295
1.8485
1.8508
1.8154
1.8380
1.8391
1.8824
1.8808
1.8378
1.8398
1.7937
1.8501
1.8034
1.8858
2.0165
2.0103
1.9085
1.9547
1.9325
0
0
1.9526
1.8144
1.9558
1.9006
0
0
0
0
0
0
0
1.2974
1.2592
1.3425
1.4084
1.4569
1.3920
1.4183
1.3834
1.4419
1.3921
1.5304
1.5980
1.5626
1.5796
1.5619
1.5883
1.6998
1.7340
1.6961
1.6142
1.5002
1.5700
1.5043
1.3912
1.3962
1.7267
1.7776
1.8034
1.6977
1.7196
1.6877
1.7596
1.8140
1.8136
1.6799
1.7153
1.6907
1.6797
1.7706
1.7792
1.8337
1.8379
1.6367
1.6723
1.7599
1.7594
1.8212
1.8559
1.9107
1.9075
1.7552
1.7973
1.8248
1.8769
1.7331
1.8021
1.8545
1.9080
0
0
0
0
0
1.4027
1.4739
1.4399
1.6481
1.5442
1.5494
1.5917
1.5696
1.5642
1.5041
1.3824
1.4104
1.7188
1.8227
1.8378
1.8565
1.8716
1.6968
1.7548
1.7769
1.8186
1.7070
1.7225
1.8145
1.8382
1.8843
1.8408
1.9209
1.9665
1.7713
1.8328
1.8749
1.9164
1.8954
1.9185
1.8984
1.9143
1.8315
1.8839
1.7651
1.8851
1.8552
1.8855
1.8668
1.8846
1.8203
1.8000
1.8699
1.9063
1.8258
1.8554
1.9027
1.9414
1.8774
1.8882
1.8336
1.7934
1.9061
1.9305
1.8664
1.8505
2.0276
2.0373
1.9662
1.9401
1.8761
1.8650
0
0
0
0
0
0
0
0
0
1.6646
1.6933
1.8900
1.9263
1.7222
1.7159
1.8435
1.8422
1.8124
1.8022
1.8900
1.9193
1.8443
1.8878
1.9009
1.9297
1.8015
1.8438
1.7821
1.8616
1.8371
1.8546
1.7513
0
0
0
0
0
0
0
1.5636
1.5744
1.3911
1.3891
1.4774
1.3962
1.4411
1.3287
1.3260
1.6242
1.6173
1.2922
1.5650
1.4195
1.3970
1.2911
1.3077
1.4826
1.3037
1.8180
1.8419
1.6933
1.6960
1.7168
1.7436
1.7880
1.8425
1.7259
1.6329
1.5956
1.7922
1.7934
1.7743
1.8457
1.8310
1.8422
1.9041
1.8165
1.5197
1.4825
1.7487
1.7832
1.7061
1.7240
1.7459
1.7389
1.8949
1.9038
1.8259
2.0040
1.9894
1.6418
1.7124
1.9187
1.9080
1.9031
1.7848
1.8212
1.8899
1.8830
1.7148
1.7237
1.7788
1.7245
1.8836
1.9070
1.8197
1.8377
1.7986
1.8558
1.8361
1.8662
1.7891
1.8439
1.7884
1.7978
1.7844
1.7734
1.7674
1.8020
1.6435
1.6762
1.6461
1.7959
1.7820
1.7568
1.8005
1.8745
1.8916
1.8524
1.7527
1.7477
1.7751
1.8506
0
0
1.8212
0
0
0
0
0
0
0
1.3269
1.3572
1.4269
1.4595
1.5499
1.4221
1.4829
1.4172
1.4608
1.7681
1.8291
1.8083
1.6509
1.6892
1.8040
1.8308
1.8351
1.7726
1.8137
1.7057
1.7355
1.6350
1.8474
1.8494
1.7506
1.8313
1.8729
1.7892
1.8140
1.8716
1.8857
1.7405
1.8801
1.7628
1.8095
1.7943
1.8336
1.7453
1.8024
1.8465
1.7628
1.8089
1.7977
1.8470
1.8468
1.9150
1.9062
1.8702
1.8769
1.9413
0
0
0
0
0
0
0
0
1.3274
1.4421
1.4286
1.5749
1.7912
1.7262
1.8580
1.8108
1.8602
1.7677
1.8223
1.7148
1.8504
1.9692
2.0028
1.9943
1.9559
1.8291
1.8285
0
1.3217
1.3751
1.8067
1.7783
1.7663
1.8010
1.8725
1.8410
1.7914
1.8933
1.8270
1.8811
1.7687
1.8156
1.8046
1.8738
0
0
0
0
1.9240
2.0034
2.0154
1.9662
1.7097
1.7849
1.9375
1.8363
1.8372
1.8223
1.8376
1.8417
1.8538
1.9023
1.8001
1.9063
1.9448
1.9270
1.8372
1.8606
1.9037
1.9509
1.9118
1.8009
1.8590
0
0
1.4198
1.4310
1.4311
1.4917
1.7348
1.7783
1.6384
1.6828
1.7198
1.7321
1.7221
1.7276
1.7418
1.7745
1.8701
1.8866
1.7401
1.7912
1.7803
1.8058
1.8738
1.8340
1.8579
1.9808
1.8666
1.8129
1.8058
1.7234
1.7599
1.7450
1.7687
1.8258
1.8002
0
0
0
0
0
0
0
0
0
0
0
1.7563
1.7250
1.8406
1.8455
1.8649
1.8714
1.9958
1.8781
1.9855
2.0050
1.6001
1.5804
1.8810
1.8995
1.7581
1.6976
1.5963
1.6099
1.9127
1.9237
1.8242
1.8476
1.9764
1.9566
1.8754
1.8622
1.8109
1.9028
2.0228
2.0018
1.8968
1.8641
1.8835
1.8801
1.8668
1.8606
1.9418
1.9701
1.9795
1.9764
1.9970
1.9957
2.0305
1.9053
1.9439
0
0
1.9192
2.0269
1.9456
0
0
